/*--------------------------------*- C++ -*----------------------------------*\
| =========                 |                                                 |
| \\      /  F ield         | OpenFOAM: The Open Source CFD Toolbox           |
|  \\    /   O peration     | Version:  4.0                                   |
|   \\  /    A nd           | Web:      www.OpenFOAM.org                      |
|    \\/     M anipulation  |                                                 |
\*---------------------------------------------------------------------------*/
FoamFile
{
    version     2.0;
    format      ascii;
    class       volVectorField;
    location    "0.4";
    object      U;
}
// * * * * * * * * * * * * * * * * * * * * * * * * * * * * * * * * * * * * * //

dimensions      [0 1 -1 0 0 0 0];

internalField   nonuniform List<vector> 
1740
(
(1.4653845 0.002046739 4.3072026e-06)
(1.4759574 -0.01289295 7.3190805e-07)
(1.5841729 -0.01184523 7.0196977e-08)
(1.4929047 -0.010688308 8.4313869e-06)
(1.5056017 -0.038470857 1.6222636e-06)
(1.5943134 -0.025910495 2.9181323e-07)
(1.6018348 -0.01441184 1.1409347e-05)
(1.5380118 -0.029519367 2.6531935e-06)
(1.5251235 -0.0194859 4.2211785e-07)
(1.6215564 -0.0066026638 1.3826877e-05)
(1.5335295 -0.0066811907 3.626495e-06)
(1.5298728 -0.0080037916 6.2071219e-07)
(1.62725 0.01207029 1.5079175e-05)
(1.5223428 0.0026181243 4.2939436e-06)
(1.5162825 -0.0058496762 7.6750269e-07)
(1.5909636 0.020414778 1.6221501e-05)
(1.6098212 0.017337506 5.0650481e-06)
(1.5125788 -0.005498315 9.6476028e-07)
(1.5087917 0.007463946 1.7089601e-05)
(1.6119389 0.011639683 5.8620648e-06)
(1.5084602 0.0055603611 1.148844e-06)
(1.5105685 -0.0063827822 1.7733723e-05)
(1.525497 0.0094089427 6.5630954e-06)
(1.5283941 0.0087352934 1.316539e-06)
(1.526722 -0.0079416764 1.8616996e-05)
(1.4924943 0.0021800384 7.1975191e-06)
(1.5158197 0.0054136433 1.5365119e-06)
(1.5815002 -0.006425846 1.9234426e-05)
(1.5330303 0.0050481487 7.7279144e-06)
(1.5372148 0.0084322588 1.7199356e-06)
(1.6291974 -0.0076522129 1.9422369e-05)
(1.5124099 0.0007591673 8.4017522e-06)
(1.6170575 -0.0016505357 1.922931e-06)
(1.5651636 -0.0037481301 1.9680221e-05)
(1.4494506 -0.017883792 9.0038197e-06)
(1.5404364 -0.011345653 2.1392912e-06)
(1.6046154 0.0022338494 1.9871842e-05)
(1.507438 -0.0099366722 9.4413879e-06)
(1.5210924 -0.0077676393 2.279938e-06)
(1.6202736 0.0087719728 2.0439806e-05)
(1.5163497 0.014355559 9.9929117e-06)
(1.5465668 0.0021803182 2.5469393e-06)
(1.5157488 0.00099427872 2.0749684e-05)
(1.5037818 0.010725117 1.0450485e-05)
(1.5104887 0.0064535695 2.7210532e-06)
(1.577932 0.0043501495 2.0740225e-05)
(1.4779437 0.00079286299 1.087119e-05)
(1.5836127 0.0018036538 2.8483285e-06)
(1.5474337 0.01304141 2.1058253e-05)
(1.5602231 0.00083873118 1.1214177e-05)
(1.5781375 -0.010474963 3.1112458e-06)
(1.4696278 -0.0036869452 2.1630739e-05)
(1.5712282 0.0096560028 1.1766446e-05)
(1.4672134 0.0049576355 3.2529338e-06)
(1.487718 0.0021252907 2.1745218e-05)
(1.4760927 0.0064823692 1.2081077e-05)
(1.5734089 0.0050093804 3.4149431e-06)
(1.4715625 -0.0032800514 2.1843323e-05)
(1.5716342 -0.016814119 1.2472295e-05)
(1.5788851 -0.011778599 3.5975532e-06)
(1.533993 -0.023251754 2.198426e-05)
(1.5660239 -0.015650925 1.2738515e-05)
(1.4750549 0.00051658972 3.756259e-06)
(1.6640914 -0.021632798 2.2403405e-05)
(1.4740945 0.0062723629 1.3237402e-05)
(1.567931 0.009638993 3.9002468e-06)
(1.6041579 -0.00088231548 2.2344144e-05)
(1.4879537 -0.0085320259 1.3526821e-05)
(1.5697699 -0.0049028808 4.0813401e-06)
(1.6057307 -0.0042880018 2.1761516e-05)
(1.4990651 -0.023192661 1.3764964e-05)
(1.4884706 -0.014247358 4.2066386e-06)
(1.7105994 0.012823676 2.1539299e-05)
(1.5067665 -0.013832352 1.4045892e-05)
(1.5087189 -0.016080699 4.3559193e-06)
(1.6190951 0.016652843 2.1981591e-05)
(1.5789301 -0.010876183 1.4270691e-05)
(1.4906259 -0.018079757 4.5163195e-06)
(1.5718467 -0.0012984562 2.2386298e-05)
(1.643983 -0.014293712 1.4570664e-05)
(1.4381355 -0.0083400147 4.6838081e-06)
(1.5949835 -0.010808314 2.2984757e-05)
(1.6153923 0.0004937724 1.485007e-05)
(1.4195362 0.0064446049 4.811288e-06)
(1.4934684 0.0042118284 2.2556222e-05)
(1.5020789 0.024754387 1.5051833e-05)
(1.4165884 0.016577875 4.8641422e-06)
(1.2959522 0.04862812 2.36308e-05)
(1.2963695 0.11674983 1.5604617e-05)
(1.3321422 0.063084739 5.4983708e-06)
(0.83044839 0.37222891 1.1692546e-05)
(0.80618346 0.93864825 9.8504304e-06)
(0.72501138 1.2515161 5.3494553e-06)
(0.21800889 0.11048168 1.4507922e-06)
(0.18160319 0.36241171 3.0036658e-06)
(0.077948724 0.49199693 6.6657037e-07)
(-0.031370178 -0.013799573 1.2308893e-06)
(-0.030395663 -0.028775636 1.6759071e-06)
(-0.022969622 -0.034806839 5.8017659e-07)
(-0.0092629709 -0.0029886474 4.558074e-07)
(-0.0092734006 -0.007969091 7.3636346e-07)
(-0.0082976326 -0.011264975 3.379393e-07)
(-0.0042641767 -0.00025957231 1.2033412e-07)
(-0.0041419381 -0.00093545777 2.4508171e-07)
(-0.0036475982 -0.0017078488 1.1143921e-07)
(-0.0027507848 -0.00014840198 2.4874025e-08)
(-0.0025911162 -0.00036310246 5.6185972e-08)
(-0.0022181964 -0.00059691808 -3.3414535e-09)
(-0.002120813 -0.00013692495 -3.4481802e-09)
(-0.0019528761 -0.00028948376 -1.038418e-08)
(-0.0016021916 -0.00040057076 -4.8111877e-08)
(-0.0017204979 -0.00010201823 -1.2226675e-08)
(-0.0015891741 -0.00020428619 -3.0979314e-08)
(-0.0013187541 -0.0002759164 -5.9303866e-08)
(-0.0014350437 -8.4865414e-05 -1.2700739e-08)
(-0.001339717 -0.00017233996 -3.2414149e-08)
(-0.001141668 -0.0002372417 -5.4656408e-08)
(-0.0012101568 -7.4611835e-05 -1.0053026e-08)
(-0.0011419765 -0.00016076624 -2.6655282e-08)
(-0.00099769174 -0.00023534328 -4.3967023e-08)
(-0.0010191519 -6.6325871e-05 -6.9822329e-09)
(-0.00097021895 -0.00014645821 -1.9616086e-08)
(-0.00086454179 -0.00021841304 -3.2712691e-08)
(-0.00085596412 -5.568827e-05 -4.7259184e-09)
(-0.00082053466 -0.00012406816 -1.3770801e-08)
(-0.00074239242 -0.00018716806 -2.3269095e-08)
(-0.00072054256 -4.2481214e-05 -3.296838e-09)
(-0.00069459466 -9.5962461e-05 -9.5388886e-09)
(-0.0006361814 -0.00014698587 -1.6133333e-08)
(-0.00061138708 -3.2540197e-05 -2.3254916e-09)
(-0.00059214193 -7.1651901e-05 -6.5667449e-09)
(-0.00054795987 -0.00011011564 -1.097239e-08)
(-0.00052498171 -2.4616524e-05 -1.6397522e-09)
(-0.0005105312 -5.5475965e-05 -4.4560942e-09)
(-0.00047671487 -8.5538118e-05 -7.299766e-09)
(-0.0004567045 -2.0106283e-05 -1.1147023e-09)
(-0.0004457359 -4.5387736e-05 -2.9386391e-09)
(-0.00041955003 -6.9482302e-05 -4.7147163e-09)
(-0.00040197829 -1.6778315e-05 -7.2087789e-10)
(-0.00039357146 -3.7313294e-05 -1.8610962e-09)
(-0.00037305764 -5.7340239e-05 -2.9338823e-09)
(-0.00035724774 -1.3835322e-05 -4.4301549e-10)
(-0.00035074276 -3.0820718e-05 -1.1270742e-09)
(-0.00033449393 -4.7995063e-05 -1.7518009e-09)
(-0.00032015141 -1.1467978e-05 -2.6119915e-10)
(-0.00031507553 -2.5768726e-05 -6.5641224e-10)
(-0.00030207148 -4.0463079e-05 -1.0059094e-09)
(-0.00028916914 -9.5786592e-06 -1.5227216e-10)
(-0.00028517889 -2.1616772e-05 -3.7562446e-10)
(-0.00027466818 -3.4087618e-05 -5.6074273e-10)
(-0.00026319422 -8.0613389e-06 -9.1644941e-11)
(-0.00026003578 -1.8167389e-05 -2.1840595e-10)
(-0.00025145573 -2.8672696e-05 -3.0871589e-10)
(-0.00024130836 -6.7947929e-06 -6.0235847e-11)
(-0.00023879338 -1.5315959e-05 -1.3424257e-10)
(-0.00023172249 -2.4263007e-05 -1.7209061e-10)
(-0.00022273199 -5.7691746e-06 -4.4928162e-11)
(-0.00022071949 -1.2997312e-05 -9.0368563e-11)
(-0.00021484012 -2.0654633e-05 -1.0029095e-10)
(-0.00020681863 -4.9771962e-06 -3.4074132e-11)
(-0.00020520162 -1.1160425e-05 -6.6439476e-11)
(-0.00020027104 -1.7760058e-05 -6.3157059e-11)
(-0.00019304384 -4.3287922e-06 -2.8038737e-11)
(-0.00019174043 -9.7210696e-06 -5.2952097e-11)
(-0.00018757086 -1.5447454e-05 -4.4036462e-11)
(-0.00018098723 -3.8149567e-06 -2.389151e-11)
(-0.00017993409 -8.5850318e-06 -4.4866456e-11)
(-0.00017637951 -1.3679445e-05 -3.3867031e-11)
(-0.00017031481 -3.3948931e-06 -2.1778847e-11)
(-0.000169462 -7.6566871e-06 -4.0092783e-11)
(-0.0001664077 -1.2250154e-05 -2.8681221e-11)
(-0.00016076494 -3.051994e-06 -2.0622505e-11)
(-0.00016007285 -6.9012186e-06 -3.6845607e-11)
(-0.00015742776 -1.1067227e-05 -2.5952978e-11)
(-0.00015213551 -2.7726969e-06 -2.0203891e-11)
(-0.00015157317 -6.2695586e-06 -3.4741903e-11)
(-0.00014926512 -1.0073281e-05 -2.4487055e-11)
(-0.00014427201 -2.5354852e-06 -2.0406526e-11)
(-0.00014381509 -5.7329886e-06 -3.3514966e-11)
(-0.00014178673 -9.2304201e-06 -2.3814614e-11)
(-0.00013705521 -2.3390112e-06 -2.0358248e-11)
(-0.00013668396 -5.2908763e-06 -3.228754e-11)
(-0.00013488924 -8.5257614e-06 -2.334538e-11)
(-0.00013039137 -2.1692455e-06 -2.0459633e-11)
(-0.00013008984 -4.9088807e-06 -3.1272093e-11)
(-0.00012849148 -7.9172268e-06 -2.3003698e-11)
(-0.00012421014 -2.020566e-06 -2.0821627e-11)
(-0.00012396556 -4.5731844e-06 -3.0668267e-11)
(-0.00012253319 -7.3743626e-06 -2.2944002e-11)
(-0.00011846443 -1.8873305e-06 -2.1133866e-11)
(-0.00011826647 -4.2767133e-06 -3.0052656e-11)
(-0.00011697499 -6.889798e-06 -2.2870646e-11)
(-0.000113123 -1.7429583e-06 -2.1455714e-11)
(-0.00011296322 -3.9577996e-06 -2.9339268e-11)
(-0.00011179168 -6.4244548e-06 -2.2657162e-11)
(-0.00010815911 -1.6260125e-06 -2.166563e-11)
(-0.00010803067 -3.6978865e-06 -2.8618521e-11)
(-0.00010696176 -5.9969055e-06 -2.2386721e-11)
(-0.00010354826 -1.5120914e-06 -2.1870502e-11)
(-0.00010344565 -3.4413311e-06 -2.7979436e-11)
(-0.00010246525 -5.5758195e-06 -2.2136156e-11)
(-9.9274226e-05 -1.3981251e-06 -2.2057042e-11)
(-9.9193005e-05 -3.1846886e-06 -2.7398878e-11)
(-9.8289359e-05 -5.1606183e-06 -2.1907033e-11)
(-9.5330413e-05 -1.2862161e-06 -2.223053e-11)
(-9.5266937e-05 -2.9307017e-06 -2.6898441e-11)
(-9.4429945e-05 -4.7508161e-06 -2.1718082e-11)
(-9.1714769e-05 -1.1751549e-06 -2.2387559e-11)
(-9.1665973e-05 -2.6790374e-06 -2.6465904e-11)
(-9.0886757e-05 -4.3445362e-06 -2.1567193e-11)
(-8.8425974e-05 -1.0644288e-06 -2.2530193e-11)
(-8.838928e-05 -2.4281309e-06 -2.610039e-11)
(-8.7659997e-05 -3.938803e-06 -2.1462216e-11)
(-8.5463083e-05 -9.538148e-07 -2.2668405e-11)
(-8.543635e-05 -2.177172e-06 -2.5823269e-11)
(-8.4750087e-05 -3.5320465e-06 -2.1426684e-11)
(-8.2825817e-05 -8.4311858e-07 -2.2810044e-11)
(-8.280727e-05 -1.925872e-06 -2.564187e-11)
(-8.2157875e-05 -3.1248192e-06 -2.1463083e-11)
(-8.0514695e-05 -7.3008553e-07 -2.3039895e-11)
(-8.0502817e-05 -1.6674905e-06 -2.56086e-11)
(-7.9884691e-05 -2.7065181e-06 -2.1595534e-11)
(-7.853183e-05 -6.1694242e-07 -2.328325e-11)
(-7.8525313e-05 -1.4090823e-06 -2.5675193e-11)
(-7.7933282e-05 -2.2869926e-06 -2.1778516e-11)
(-7.6882994e-05 -5.0291132e-07 -2.3551211e-11)
(-7.6880815e-05 -1.147991e-06 -2.5809733e-11)
(-7.6310264e-05 -1.862616e-06 -2.1930717e-11)
(-7.5577707e-05 -3.8691873e-07 -2.3796872e-11)
(-7.5579242e-05 -8.8282676e-07 -2.5831547e-11)
(-7.5026217e-05 -1.432803e-06 -2.1799789e-11)
(-7.4614555e-05 -2.6840663e-07 -2.3874614e-11)
(-7.4619078e-05 -6.1452284e-07 -2.5307438e-11)
(-7.4079357e-05 -1.002761e-06 -2.0878195e-11)
(-7.4035515e-05 -1.5232144e-07 -2.33126e-11)
(-7.4041303e-05 -3.5144118e-07 -2.3193213e-11)
(-7.3508384e-05 -5.8473652e-07 -1.8196103e-11)
(-7.3754889e-05 -5.3960024e-08 -2.0015793e-11)
(-7.3758108e-05 -1.1236278e-07 -1.6875527e-11)
(-7.3223433e-05 -1.7390196e-07 -1.1951571e-11)
(-0.048089328 1.940239 -3.8740522e-07)
(-0.033261151 1.6880352 -3.4640368e-06)
(-0.064367949 0.33441729 -2.6785663e-07)
(-0.043520835 0.14751251 -1.0158546e-06)
(-0.016804444 -0.042931577 -1.9944206e-07)
(-0.012223678 -0.04503202 -6.234454e-07)
(-0.0067194998 -0.014321948 -9.9955607e-08)
(-0.0056468716 -0.015893116 -3.9474889e-07)
(-0.0028639092 -0.0028291708 -1.0026809e-07)
(-0.0020980619 -0.0038275519 -2.8002397e-07)
(-0.0017091353 -0.000869333 -1.1052188e-07)
(-0.0011451206 -0.001091189 -2.1659724e-07)
(-0.0011751931 -0.00044337026 -1.0899782e-07)
(-0.00075738787 -0.00041648611 -1.7340649e-07)
(-0.00098930997 -0.00026809681 -9.766784e-08)
(-0.00066805159 -0.00019904882 -1.3865565e-07)
(-0.00089775786 -0.0002518667 -8.0810478e-08)
(-0.00065347181 -0.00022051121 -1.0810332e-07)
(-0.00081686846 -0.00026773957 -6.2648771e-08)
(-0.00063083424 -0.00026556449 -8.1511793e-08)
(-0.00072931539 -0.00026499384 -4.6212256e-08)
(-0.00058613416 -0.00028512104 -5.948784e-08)
(-0.00064034135 -0.00023171138 -3.2872831e-08)
(-0.00052933203 -0.00025572739 -4.2167102e-08)
(-0.00055846251 -0.00018440231 -2.2756768e-08)
(-0.00047184659 -0.00020617193 -2.9118215e-08)
(-0.00048821996 -0.00014083199 -1.5375425e-08)
(-0.00042021078 -0.00015944313 -1.9591653e-08)
(-0.00043035626 -0.00010932622 -1.0119582e-08)
(-0.00037661359 -0.0001244356 -1.2815187e-08)
(-0.00038321438 -8.7544793e-05 -6.4594438e-09)
(-0.00034041504 -0.00010024691 -8.1226893e-09)
(-0.00034428362 -7.2431597e-05 -3.9799679e-09)
(-0.00030990727 -8.3713845e-05 -4.9721321e-09)
(-0.00031148337 -6.1331298e-05 -2.359131e-09)
(-0.00028365235 -7.1387558e-05 -2.9333886e-09)
(-0.000283506 -5.2216391e-05 -1.3460476e-09)
(-0.00026080863 -6.1257018e-05 -1.6676984e-09)
(-0.00025955652 -4.4312516e-05 -7.4249256e-10)
(-0.00024090844 -5.2422807e-05 -9.1523219e-10)
(-0.00023904366 -3.7522152e-05 -3.9904064e-10)
(-0.00022360442 -4.4738232e-05 -4.8638196e-10)
(-0.00022143746 -3.1940699e-05 -2.1155156e-10)
(-0.00020855564 -3.8100594e-05 -2.5151613e-10)
(-0.00020624646 -2.7362276e-05 -1.1274513e-10)
(-0.00019541672 -3.2650985e-05 -1.2753251e-10)
(-0.00019303224 -2.3670709e-05 -6.2164324e-11)
(-0.00018385914 -2.8366854e-05 -6.4147606e-11)
(-0.00018142325 -2.0652168e-05 -3.687461e-11)
(-0.00017359382 -2.5014365e-05 -3.2677777e-11)
(-0.00017111614 -1.8261767e-05 -2.4432582e-11)
(-0.00016438191 -2.2278211e-05 -1.7668304e-11)
(-0.00016186664 -1.6444832e-05 -1.8438653e-11)
(-0.00015603152 -2.0118267e-05 -1.077691e-11)
(-0.00015348064 -1.4906123e-05 -1.5899084e-11)
(-0.00014838925 -1.8312417e-05 -8.0937456e-12)
(-0.00014580914 -1.3606938e-05 -1.5011435e-11)
(-0.00014133608 -1.6781635e-05 -7.4820709e-12)
(-0.00013873938 -1.251287e-05 -1.486967e-11)
(-0.00013478262 -1.5493679e-05 -7.7478755e-12)
(-0.00013218398 -1.157949e-05 -1.4994321e-11)
(-0.00012866095 -1.4384973e-05 -8.293326e-12)
(-0.00012607459 -1.077802e-05 -1.5153392e-11)
(-0.00012291843 -1.3426573e-05 -8.8333446e-12)
(-0.00012036093 -1.0051071e-05 -1.5497743e-11)
(-0.00011751713 -1.2556948e-05 -9.4601933e-12)
(-0.00011501109 -9.3886918e-06 -1.5841419e-11)
(-0.00011243428 -1.1757956e-05 -1.0083311e-11)
(-0.00011000559 -8.8226091e-06 -1.6062218e-11)
(-0.00010765732 -1.1066372e-05 -1.0603713e-11)
(-0.00010532816 -8.2296684e-06 -1.6208282e-11)
(-0.00010317643 -1.0339564e-05 -1.1046643e-11)
(-0.00010096358 -7.6500427e-06 -1.6326429e-11)
(-9.8982358e-05 -9.6253377e-06 -1.1439475e-11)
(-9.6902495e-05 -7.0850857e-06 -1.6429787e-11)
(-9.5070042e-05 -8.9257362e-06 -1.1791163e-11)
(-9.3142983e-05 -6.5285731e-06 -1.6530017e-11)
(-9.1440207e-05 -8.2337296e-06 -1.2107993e-11)
(-8.9686515e-05 -5.9750918e-06 -1.6638683e-11)
(-8.8096488e-05 -7.5428461e-06 -1.2410353e-11)
(-8.6534878e-05 -5.4205597e-06 -1.6773453e-11)
(-8.504272e-05 -6.8486003e-06 -1.2721275e-11)
(-8.3689854e-05 -4.8627868e-06 -1.6951649e-11)
(-8.2282395e-05 -6.1494507e-06 -1.3048874e-11)
(-8.1153359e-05 -4.3009606e-06 -1.7171329e-11)
(-7.9818731e-05 -5.4355957e-06 -1.3392912e-11)
(-7.8927509e-05 -3.7283242e-06 -1.742895e-11)
(-7.7654825e-05 -4.716692e-06 -1.3735796e-11)
(-7.7015703e-05 -3.1517254e-06 -1.7683792e-11)
(-7.5794936e-05 -3.9897487e-06 -1.4042304e-11)
(-7.5425331e-05 -2.5672043e-06 -1.7832848e-11)
(-7.424736e-05 -3.2511845e-06 -1.4203759e-11)
(-7.4167504e-05 -1.9754788e-06 -1.76163e-11)
(-7.3023576e-05 -2.5027008e-06 -1.3986403e-11)
(-7.3239833e-05 -1.3857132e-06 -1.6578409e-11)
(-7.2120421e-05 -1.7568253e-06 -1.3017829e-11)
(-7.267911e-05 -8.1600204e-07 -1.3987177e-11)
(-7.1573387e-05 -1.0397828e-06 -1.0769686e-11)
(-7.2395483e-05 -2.344506e-07 -8.7404556e-12)
(-7.1294041e-05 -2.9357026e-07 -6.5486157e-12)
(0.0058387749 -6.0088e-05 -1.0103984e-07)
(0.0056061457 -0.00020773395 -2.3911649e-07)
(0.005164873 -0.00025663228 -3.3734014e-07)
(0.0046566032 -0.00030775322 -3.9842277e-07)
(0.0041440725 -0.00032454169 -4.3033184e-07)
(0.003667785 -0.00034735517 -4.4208086e-07)
(0.0032436285 -0.00037348129 -4.4055993e-07)
(0.0028735627 -0.00041590631 -4.3065738e-07)
(0.0025524103 -0.00047553265 -4.1577362e-07)
(0.0022737891 -0.00054608891 -3.9824379e-07)
(0.0020303521 -0.00062336293 -3.7967556e-07)
(0.0018154406 -0.00070276855 -3.6101611e-07)
(0.0016231819 -0.00077998597 -3.4269747e-07)
(0.0014486274 -0.00085276391 -3.2476867e-07)
(0.0012879339 -0.00091930357 -3.07072e-07)
(0.0011381163 -0.00097813028 -2.8933295e-07)
(0.00099674941 -0.0010297163 -2.711809e-07)
(0.00086216619 -0.0010729363 -2.5209639e-07)
(0.00073343213 -0.0011050768 -2.3150004e-07)
(0.00060971477 -0.001126741 -2.0872754e-07)
(0.00049038741 -0.0011387123 -1.8304667e-07)
(0.00037529143 -0.0011403304 -1.5338976e-07)
(0.00026423669 -0.0011314641 -1.1881646e-07)
(0.00015669526 -0.0011179643 -7.8738398e-08)
(5.1146833e-05 -0.0010629479 -3.2583747e-08)
(0.00040400078 -0.00018060227 -1.172622e-07)
(0.00035349093 -0.00065997547 -2.7363198e-07)
(0.00029559332 -0.00092228193 -3.7871772e-07)
(0.00027068196 -0.0012498552 -4.3809054e-07)
(0.00028948969 -0.0015007065 -4.6457083e-07)
(0.00032926537 -0.0017711653 -4.7064745e-07)
(0.00037339086 -0.0020457597 -4.6431678e-07)
(0.00041179215 -0.0023500171 -4.5071196e-07)
(0.00043652936 -0.0026762622 -4.3301694e-07)
(0.00044688592 -0.0029965131 -4.1330771e-07)
(0.0004444101 -0.0033073133 -3.931582e-07)
(0.0004319695 -0.0036059302 -3.7338996e-07)
(0.0004121436 -0.0038865668 -3.5432121e-07)
(0.000387118 -0.0041457383 -3.358522e-07)
(0.00035810271 -0.0043818922 -3.177399e-07)
(0.00032612481 -0.0045966111 -2.9968497e-07)
(0.00029221464 -0.0048004614 -2.8136231e-07)
(0.00025709518 -0.0049858366 -2.6212918e-07)
(0.00022102656 -0.0051296291 -2.4145151e-07)
(0.00018434662 -0.0052247932 -2.1860507e-07)
(0.00014752645 -0.005269134 -1.9310956e-07)
(0.00011141906 -0.0052650737 -1.6331695e-07)
(7.6497245e-05 -0.0052163565 -1.2793995e-07)
(4.3041012e-05 -0.0051086839 -8.5440122e-08)
(1.1871919e-05 -0.0048781705 -3.7009195e-08)
(0.001238542 -0.00040008317 -1.5604343e-07)
(0.0011520753 -0.0017101103 -3.5075755e-07)
(0.0011397252 -0.0022714568 -4.6576629e-07)
(0.0011938711 -0.0031501136 -5.1675307e-07)
(0.0012726256 -0.0038668743 -5.3032015e-07)
(0.0013364465 -0.0046425518 -5.2459899e-07)
(0.0013653076 -0.0054245877 -5.0870338e-07)
(0.0013578914 -0.0063635099 -4.8813785e-07)
(0.0013239782 -0.0074224542 -4.6527987e-07)
(0.001270265 -0.0083960663 -4.4139897e-07)
(0.001201818 -0.009242735 -4.1831356e-07)
(0.001124398 -0.0099586757 -3.9651835e-07)
(0.001040571 -0.010543746 -3.7617459e-07)
(0.00095196743 -0.011007282 -3.5681248e-07)
(0.00086072021 -0.011355909 -3.3802787e-07)
(0.00076849297 -0.011590964 -3.1947054e-07)
(0.00067680622 -0.011705424 -3.0117878e-07)
(0.00058654473 -0.011718305 -2.8189982e-07)
(0.00049812367 -0.011658548 -2.6149205e-07)
(0.00041202187 -0.011541373 -2.3925563e-07)
(0.00032838609 -0.011376579 -2.1433614e-07)
(0.00024830192 -0.011172973 -1.8535778e-07)
(0.00017179801 -0.010937651 -1.5040173e-07)
(9.8838139e-05 -0.010641539 -1.061959e-07)
(3.0392335e-05 -0.010236467 -5.2367105e-08)
(0.0037100649 -0.0011462529 -2.3906074e-07)
(0.0036818152 -0.0048702964 -4.934879e-07)
(0.0036340794 -0.0061659554 -6.0891965e-07)
(0.0035000772 -0.0093971475 -6.3594711e-07)
(0.0033230492 -0.012314104 -6.2590396e-07)
(0.0030929787 -0.014915579 -6.0160636e-07)
(0.0028309672 -0.016762614 -5.7150206e-07)
(0.0025545919 -0.017736806 -5.4232775e-07)
(0.0022855308 -0.018021304 -5.1357432e-07)
(0.0020279858 -0.01787773 -4.8379131e-07)
(0.0017883827 -0.017414839 -4.5682724e-07)
(0.001571899 -0.016756165 -4.3221491e-07)
(0.0013730969 -0.01592267 -4.1038597e-07)
(0.0011784947 -0.014967267 -3.8991568e-07)
(0.0010032729 -0.013941635 -3.7024836e-07)
(0.00084781771 -0.012891745 -3.5113153e-07)
(0.00071075322 -0.011857302 -3.3224762e-07)
(0.00059032518 -0.010872252 -3.1317796e-07)
(0.00048486339 -0.0099600405 -2.9344173e-07)
(0.00039221644 -0.0091405129 -2.7242835e-07)
(0.00031037495 -0.0084259311 -2.4935024e-07)
(0.00023561664 -0.0078204411 -2.2305312e-07)
(0.000165934 -0.0073251007 -1.9178752e-07)
(9.9957372e-05 -0.0068989798 -1.5259759e-07)
(3.6836838e-05 -0.00658865 -9.6217958e-08)
(0.01193335 -0.0087291483 -4.2717082e-07)
(0.0095848327 -0.025753252 -7.3482883e-07)
(0.0082496532 -0.028374948 -8.1540133e-07)
(0.006447789 -0.032756415 -8.014563e-07)
(0.0049995596 -0.03028086 -7.6094131e-07)
(0.0037349232 -0.02653826 -7.1248967e-07)
(0.0026826281 -0.021841328 -6.6484068e-07)
(0.0018453064 -0.016867243 -6.2054934e-07)
(0.0011895834 -0.011895049 -5.8135581e-07)
(0.00068341869 -0.0072810721 -5.4543259e-07)
(0.00029757749 -0.0030988136 -5.1313464e-07)
(7.2793703e-06 0.00049069159 -4.8316019e-07)
(-0.0002016833 0.0038252057 -4.5928183e-07)
(-0.00033574915 0.0070021509 -4.3672086e-07)
(-0.00042088186 0.0099261915 -4.1500719e-07)
(-0.00046475698 0.0124656 -3.9433632e-07)
(-0.00047591009 0.014587991 -3.744137e-07)
(-0.00046117371 0.016311307 -3.5487053e-07)
(-0.00042611766 0.01766384 -3.3528569e-07)
(-0.00037545546 0.018674854 -3.1518132e-07)
(-0.00031299636 0.019369454 -2.9395887e-07)
(-0.00024383897 0.019773514 -2.7076797e-07)
(-0.00017083194 0.019886047 -2.4421993e-07)
(-9.6762484e-05 0.019765856 -2.1838021e-07)
(-2.2166385e-05 0.019073265 -1.9264082e-07)
(0.015610058 0.023106004 -7.9185233e-07)
(0.0042272663 -0.0021049738 -1.1176683e-06)
(0.0013046116 0.047457465 -1.1187858e-06)
(-0.00072157974 0.050137036 -1.044923e-06)
(-0.0024460086 0.064473194 -9.6761656e-07)
(-0.0037248426 0.074830295 -8.8153129e-07)
(-0.0044400818 0.08207938 -8.0445648e-07)
(-0.0046751066 0.088150637 -7.3746023e-07)
(-0.0046158978 0.092649951 -6.7907523e-07)
(-0.0044051787 0.095463475 -6.2897239e-07)
(-0.004119993 0.09707865 -5.8658754e-07)
(-0.0037799379 0.097609798 -5.4238613e-07)
(-0.0034330623 0.097392201 -5.1709003e-07)
(-0.0030912575 0.096130968 -4.897712e-07)
(-0.0027463056 0.094005009 -4.6268645e-07)
(-0.0024092859 0.091604936 -4.3841404e-07)
(-0.0020905561 0.08899667 -4.159037e-07)
(-0.0017908477 0.086266063 -3.9456903e-07)
(-0.0015095929 0.083490889 -3.7394555e-07)
(-0.0012451987 0.080729934 -3.5359632e-07)
(-0.00099577239 0.078020419 -3.3305379e-07)
(-0.000758136 0.075404945 -3.1174353e-07)
(-0.00052991217 0.072856157 -2.8906523e-07)
(-0.00030970218 0.070562471 -2.6581703e-07)
(-9.2794095e-05 0.0670869 -2.4312728e-07)
(-0.00058460693 1.1695017 -2.5341218e-06)
(-0.00041504313 0.95899958 -2.0116807e-06)
(-0.00082798742 0.86389 -1.6275526e-06)
(-0.00059376278 0.77198838 -1.3339906e-06)
(-0.00056813386 0.67649113 -1.1145534e-06)
(-0.00052875329 0.58548659 -9.5445254e-07)
(-0.00047374108 0.50731113 -8.375554e-07)
(-0.00041705551 0.44373868 -7.5203116e-07)
(-0.0003644694 0.39128436 -6.8297295e-07)
(-0.00031124924 0.34649777 -6.2959137e-07)
(-0.00026024182 0.30783731 -5.8806512e-07)
(-0.0002121695 0.2745634 -5.5161108e-07)
(-0.0001698379 0.24610798 -5.2108717e-07)
(-0.00014379162 0.22174621 -4.9412392e-07)
(-0.00012003738 0.20082137 -4.6946293e-07)
(-0.00010067529 0.18285359 -4.465926e-07)
(-8.4475369e-05 0.16741456 -4.2502907e-07)
(-7.0124501e-05 0.15414211 -4.0439943e-07)
(-5.7583951e-05 0.14273428 -3.8440019e-07)
(-4.6650967e-05 0.13294233 -3.6473732e-07)
(-3.7028425e-05 0.12455044 -3.4508166e-07)
(-2.7987178e-05 0.11741699 -3.2497524e-07)
(-1.9276191e-05 0.11130045 -3.0415343e-07)
(-1.0977439e-05 0.10648448 -2.8239842e-07)
(-3.1298659e-06 0.10047653 -2.5905909e-07)
(-0.012854838 0.087701231 -1.2269573e-06)
(-0.0026087927 0.096271126 -1.2657559e-06)
(-0.00027413393 0.10255845 -1.2189178e-06)
(0.0014501302 0.10452553 -1.1276807e-06)
(0.00295379 0.10682863 -1.0247624e-06)
(0.0040724139 0.10869834 -9.2494194e-07)
(0.0046831578 0.11047615 -8.3580754e-07)
(0.0048488581 0.11210171 -7.592085e-07)
(0.0047452896 0.11298994 -6.7817806e-07)
(0.0044788599 0.11312254 -6.3296914e-07)
(0.0041703646 0.11247988 -5.92574e-07)
(0.0038436046 0.11086357 -5.4922987e-07)
(0.0034798875 0.10838571 -5.1273086e-07)
(0.0031144127 0.10540083 -4.8133361e-07)
(0.0027594778 0.10215509 -4.5365101e-07)
(0.0024187025 0.098775596 -4.2875724e-07)
(0.0020959125 0.095347807 -4.0595806e-07)
(0.0017937243 0.091940112 -3.8468782e-07)
(0.0015102814 0.088604432 -3.644543e-07)
(0.0012440514 0.085379349 -3.4478743e-07)
(0.00099307971 0.082286955 -3.2516567e-07)
(0.00075528338 0.079357205 -3.0490472e-07)
(0.00052811502 0.076552918 -2.8434085e-07)
(0.000309408 0.074066746 -2.6232734e-07)
(9.3347339e-05 0.070376991 -2.403419e-07)
(-0.0095912557 -0.042535018 -8.4402054e-07)
(-0.0080394065 -0.040079453 -9.0796472e-07)
(-0.0066224774 -0.038151575 -8.94539e-07)
(-0.0052412367 -0.034574784 -8.4831604e-07)
(-0.0039338705 -0.029534913 -7.9003898e-07)
(-0.002796958 -0.023831348 -7.2877271e-07)
(-0.001862475 -0.0179624 -6.7200015e-07)
(-0.0011275531 -0.012267944 -6.201598e-07)
(-0.00056125611 -0.0071747923 -5.7182945e-07)
(-0.00014145586 -0.0026721628 -5.3565748e-07)
(0.00016511065 0.0011984805 -5.0248044e-07)
(0.00038200225 0.0049704639 -4.7149463e-07)
(0.00052514558 0.0085664292 -4.4359612e-07)
(0.00061188129 0.011784385 -4.1848149e-07)
(0.00065437471 0.014553583 -3.9560392e-07)
(0.00066409145 0.016875821 -3.7446893e-07)
(0.00064671782 0.01878614 -3.5468578e-07)
(0.0006054344 0.020322745 -3.3580672e-07)
(0.00054675556 0.021508939 -3.1737702e-07)
(0.00047493888 0.022366793 -2.988794e-07)
(0.00039341558 0.022917863 -2.795914e-07)
(0.00030527868 0.023183447 -2.5825483e-07)
(0.00021326274 0.023173757 -2.3749284e-07)
(0.00012070896 0.022933227 -2.1267841e-07)
(2.915248e-05 0.022089338 -1.8842643e-07)
(-0.0048914308 -0.017115692 -5.6607287e-07)
(-0.004571332 -0.019287958 -6.404514e-07)
(-0.0043305106 -0.021885644 -6.5451951e-07)
(-0.0040433301 -0.023801468 -6.3740466e-07)
(-0.0036827931 -0.024984337 -6.0778952e-07)
(-0.0032956868 -0.025324408 -5.7550391e-07)
(-0.0029264557 -0.025007182 -5.3638327e-07)
(-0.002580285 -0.024257433 -4.99811e-07)
(-0.0022645084 -0.023243116 -4.666131e-07)
(-0.0019758535 -0.022032966 -4.3834976e-07)
(-0.0017167454 -0.020709481 -4.1272587e-07)
(-0.0014784171 -0.019256993 -3.8914625e-07)
(-0.0012620942 -0.017745568 -3.6756691e-07)
(-0.0010710634 -0.01622708 -3.478041e-07)
(-0.00090324791 -0.014735672 -3.2935735e-07)
(-0.00075433093 -0.013306879 -3.1182269e-07)
(-0.00062407564 -0.011976859 -2.9512936e-07)
(-0.00051304972 -0.010773074 -2.787329e-07)
(-0.00041735024 -0.009702633 -2.6214752e-07)
(-0.00033448944 -0.0087671615 -2.4479472e-07)
(-0.0002622354 -0.0079668728 -2.2587821e-07)
(-0.00019834079 -0.0073011084 -2.0430382e-07)
(-0.00014061797 -0.00676625 -1.789444e-07)
(-8.6631419e-05 -0.0063216535 -1.4470167e-07)
(-3.3758441e-05 -0.0060169916 -9.306817e-08)
(-0.0016547309 -0.0046478145 -4.0256594e-07)
(-0.0015696621 -0.0054288291 -4.7014195e-07)
(-0.0016374734 -0.0062570847 -4.9603659e-07)
(-0.0017167383 -0.0071009871 -4.9601039e-07)
(-0.0017744978 -0.0079915858 -4.8169151e-07)
(-0.0017911649 -0.0090641515 -4.6012828e-07)
(-0.0017537496 -0.010224929 -4.339563e-07)
(-0.0016805699 -0.01122395 -4.0761017e-07)
(-0.0015857914 -0.012058735 -3.8290932e-07)
(-0.0014780512 -0.012730603 -3.605449e-07)
(-0.0013657667 -0.013257887 -3.400516e-07)
(-0.0012522201 -0.013643653 -3.2111564e-07)
(-0.0011369205 -0.013897111 -3.0356845e-07)
(-0.0010234195 -0.014001819 -2.8755062e-07)
(-0.00091354539 -0.013983771 -2.722324e-07)
(-0.00080918785 -0.013884048 -2.5767697e-07)
(-0.00070950203 -0.013726851 -2.4322991e-07)
(-0.00061263823 -0.013525764 -2.2863655e-07)
(-0.00051954851 -0.013290093 -2.1344794e-07)
(-0.00042997905 -0.013027109 -1.9708637e-07)
(-0.00034364528 -0.012742445 -1.7868323e-07)
(-0.00026038029 -0.012441491 -1.5695504e-07)
(-0.00018020906 -0.012127514 -1.3000757e-07)
(-0.00010347859 -0.011762493 -9.3865469e-08)
(-3.1935639e-05 -0.011303828 -4.770111e-08)
(-0.00071091659 -0.0012907835 -2.9890847e-07)
(-0.00044423001 -0.0015339392 -3.5181974e-07)
(-0.00036216221 -0.0018391443 -3.785587e-07)
(-0.00038573127 -0.0021917002 -3.8620079e-07)
(-0.00045843809 -0.0025926983 -3.8137684e-07)
(-0.00053716385 -0.0030339887 -3.6899202e-07)
(-0.00059691477 -0.0034974871 -3.522178e-07)
(-0.00062867319 -0.0039475711 -3.3384803e-07)
(-0.00063878764 -0.004366914 -3.1555927e-07)
(-0.00063203346 -0.0047431354 -2.9815654e-07)
(-0.00061346563 -0.005076204 -2.8179666e-07)
(-0.00058561832 -0.0053705979 -2.6645449e-07)
(-0.00055258743 -0.0056437476 -2.5206444e-07)
(-0.00051466811 -0.0059243532 -2.3856359e-07)
(-0.00047317202 -0.0062016074 -2.2564126e-07)
(-0.00042934628 -0.0064384874 -2.1309454e-07)
(-0.00038360819 -0.0066272131 -2.0055344e-07)
(-0.00033617197 -0.006765592 -1.8767905e-07)
(-0.00028802847 -0.0068533289 -1.7403729e-07)
(-0.00023982867 -0.0068903813 -1.5921124e-07)
(-0.00019201716 -0.0068779904 -1.4246666e-07)
(-0.00014504199 -0.0068193568 -1.2252727e-07)
(-9.9434881e-05 -0.0067191127 -9.8224687e-08)
(-5.5770916e-05 -0.0065593001 -6.7497706e-08)
(-1.5501576e-05 -0.0062649949 -3.0903495e-08)
(-0.00043362696 -0.00034505074 -2.2782337e-07)
(-0.00022150812 -0.00028421749 -2.6673216e-07)
(-9.636899e-05 -0.00026188962 -2.8983325e-07)
(-4.3094174e-05 -0.00028700655 -2.9976327e-07)
(-2.3489965e-05 -0.00035972943 -3.0000814e-07)
(-2.5731281e-05 -0.00047417064 -2.9368973e-07)
(-5.2440761e-05 -0.00061247221 -2.8327078e-07)
(-8.2974928e-05 -0.00076182789 -2.7074159e-07)
(-0.00010885427 -0.00091873505 -2.5746997e-07)
(-0.00012671595 -0.0010752544 -2.4425411e-07)
(-0.00013621799 -0.0012206265 -2.3146044e-07)
(-0.00014127068 -0.0013526093 -2.1922775e-07)
(-0.00014456784 -0.0014712416 -2.0757845e-07)
(-0.00014362175 -0.0015758345 -1.9645713e-07)
(-0.00013836784 -0.0016670136 -1.8570209e-07)
(-0.00012992525 -0.0017424494 -1.7511813e-07)
(-0.00011906379 -0.0018029871 -1.6444336e-07)
(-0.00010622549 -0.0018488867 -1.5338573e-07)
(-9.2194994e-05 -0.0018801441 -1.4160082e-07)
(-7.7597153e-05 -0.001896697 -1.2870635e-07)
(-6.2799342e-05 -0.0018987055 -1.1422164e-07)
(-4.8087712e-05 -0.0018868468 -9.7490099e-08)
(-3.3654383e-05 -0.0018637401 -7.7822915e-08)
(-1.9455284e-05 -0.0018284411 -5.4517982e-08)
(-5.4798507e-06 -0.0017383241 -2.666035e-08)
(-0.00040022237 -9.1703843e-05 -1.7499241e-07)
(-0.00020421908 2.464911e-05 -2.0275303e-07)
(-7.5104131e-05 0.00013067338 -2.2102438e-07)
(-3.0336007e-06 0.00021829347 -2.3060105e-07)
(2.8604398e-05 0.00027528141 -2.3311017e-07)
(3.4590616e-05 0.00030205064 -2.3040674e-07)
(3.0203956e-05 0.00030363056 -2.2416813e-07)
(1.7029281e-05 0.00028787962 -2.158052e-07)
(2.3338344e-06 0.00026151774 -2.0637579e-07)
(-1.0520416e-05 0.00022745865 -1.9657072e-07)
(-2.0028533e-05 0.00018776019 -1.8678612e-07)
(-2.7824505e-05 0.00014604737 -1.7722644e-07)
(-3.259472e-05 0.00010968799 -1.6796943e-07)
(-3.5288645e-05 8.1675043e-05 -1.5899957e-07)
(-3.6222762e-05 5.9155724e-05 -1.5022302e-07)
(-3.5632503e-05 4.081484e-05 -1.4149359e-07)
(-3.3766762e-05 2.668234e-05 -1.3261846e-07)
(-3.0804767e-05 1.5823945e-05 -1.2337293e-07)
(-2.7136783e-05 7.5415798e-06 -1.1350321e-07)
(-2.3255833e-05 1.3590867e-06 -1.027418e-07)
(-1.919589e-05 -3.1457523e-06 -9.0816759e-08)
(-1.5068108e-05 -6.3197784e-06 -7.7502167e-08)
(-1.0961325e-05 -8.2469731e-06 -6.2840809e-08)
(-6.8760547e-06 -1.1023723e-05 -4.7657179e-08)
(-2.3056213e-06 -1.0016604e-05 -3.4091951e-08)
(-0.00044043326 -0.00014613069 -1.329337e-07)
(-0.00027317686 -4.7601298e-05 -1.5285839e-07)
(-0.00015171426 5.0865049e-05 -1.6685855e-07)
(-7.0675207e-05 0.0001380173 -1.7505843e-07)
(-2.0577103e-05 0.00021214523 -1.7824832e-07)
(7.1139888e-06 0.0002692516 -1.7749666e-07)
(1.8951738e-05 0.00031034234 -1.7389664e-07)
(1.9553442e-05 0.00033562449 -1.6841368e-07)
(1.3324506e-05 0.00034818565 -1.6181466e-07)
(3.7490452e-06 0.00035011622 -1.5466014e-07)
(-6.8656121e-06 0.00034439182 -1.4731792e-07)
(-1.5354625e-05 0.00033531944 -1.3999517e-07)
(-2.0990115e-05 0.0003242566 -1.3278646e-07)
(-2.4830019e-05 0.00031326273 -1.2570439e-07)
(-2.7272278e-05 0.00030273751 -1.1869605e-07)
(-2.8455965e-05 0.00029288953 -1.1166022e-07)
(-2.8486237e-05 0.00028383994 -1.0445859e-07)
(-2.7483659e-05 0.00027538688 -9.6928597e-08)
(-2.547422e-05 0.00026725415 -8.8896217e-08)
(-2.2397364e-05 0.00025958406 -8.0199114e-08)
(-1.8698136e-05 0.00025242233 -7.0716717e-08)
(-1.4680775e-05 0.00024548348 -6.0457188e-08)
(-1.0533382e-05 0.00023862535 -4.9748332e-08)
(-6.3925298e-06 0.00023096451 -3.9629957e-08)
(-2.1168087e-06 0.0002189331 -3.2497119e-08)
(-0.00046181132 -0.00023560854 -9.8777771e-08)
(-0.00032110987 -0.000183826 -1.1303089e-07)
(-0.00021191774 -0.00012167028 -1.2355154e-07)
(-0.00013222242 -6.336163e-05 -1.302092e-07)
(-7.6987059e-05 -1.3333496e-05 -1.3338122e-07)
(-4.0845765e-05 3.0502917e-05 -1.3365811e-07)
(-1.8536575e-05 6.6050103e-05 -1.3171798e-07)
(-6.5884909e-06 9.2521167e-05 -1.2821115e-07)
(-2.1484151e-06 0.00010970592 -1.2369088e-07)
(-2.6340888e-06 0.00011718303 -1.1858425e-07)
(-5.9428236e-06 0.00011706157 -1.1319002e-07)
(-9.9790527e-06 0.0001125433 -1.076958e-07)
(-1.3691287e-05 0.00010467792 -1.021998e-07)
(-1.6876582e-05 9.4654013e-05 -9.6730338e-08)
(-1.9417582e-05 8.3726398e-05 -9.1261558e-08)
(-2.1246866e-05 7.3011118e-05 -8.5727156e-08)
(-2.2289e-05 6.2910547e-05 -8.0031997e-08)
(-2.2520805e-05 5.3505729e-05 -7.4064631e-08)
(-2.1821139e-05 4.5598232e-05 -6.7711951e-08)
(-2.0005131e-05 3.8961296e-05 -6.0880841e-08)
(-1.7408441e-05 3.3298425e-05 -5.3528863e-08)
(-1.4148558e-05 2.8769145e-05 -4.5723846e-08)
(-1.0343661e-05 2.5191568e-05 -3.7745769e-08)
(-6.2050252e-06 2.4806631e-05 -3.0259061e-08)
(-2.0819763e-06 2.140974e-05 -2.3916988e-08)
(-0.00045141742 -0.00028105159 -7.1642706e-08)
(-0.00033425529 -0.00026076498 -8.1865673e-08)
(-0.00023864344 -0.00023032442 -8.9648026e-08)
(-0.00016477831 -0.00019431515 -9.4845221e-08)
(-0.00011009859 -0.00016039892 -9.7601379e-08)
(-7.1049374e-05 -0.0001328078 -9.8270755e-08)
(-4.3797055e-05 -0.00010997753 -9.728205e-08)
(-2.5789647e-05 -9.1190948e-05 -9.5066437e-08)
(-1.4979631e-05 -7.8602641e-05 -9.2007398e-08)
(-9.265365e-06 -7.1481649e-05 -8.8415411e-08)
(-7.0741128e-06 -6.7833837e-05 -8.4521891e-08)
(-6.9363859e-06 -6.9424732e-05 -8.0480196e-08)
(-7.8342037e-06 -7.5732676e-05 -7.6377911e-08)
(-9.1760186e-06 -8.385517e-05 -7.2248914e-08)
(-1.0574339e-05 -9.2548089e-05 -6.808406e-08)
(-1.1724207e-05 -0.00010141602 -6.3842611e-08)
(-1.2460623e-05 -0.00011001211 -5.9462153e-08)
(-1.2651303e-05 -0.00011769116 -5.4869392e-08)
(-1.2325968e-05 -0.00012404 -4.9992587e-08)
(-1.1679731e-05 -0.00012896917 -4.4776678e-08)
(-1.0515281e-05 -0.00013244013 -3.9200674e-08)
(-8.7801516e-06 -0.00013450356 -3.3293425e-08)
(-6.5308312e-06 -0.00013592419 -2.7124892e-08)
(-3.9517632e-06 -0.00012898336 -2.070529e-08)
(-1.3648119e-06 -0.0001312662 -1.3390319e-08)
(-0.00042142858 -0.00026318684 -5.0664335e-08)
(-0.00032442143 -0.00025736337 -5.7884916e-08)
(-0.00024226522 -0.00024288123 -6.3498137e-08)
(-0.00017595988 -0.00022327843 -6.7387949e-08)
(-0.00012427209 -0.00020044282 -6.9615832e-08)
(-8.5100067e-05 -0.00017824868 -7.0370934e-08)
(-5.6147814e-05 -0.0001604638 -6.9913989e-08)
(-3.5499052e-05 -0.00014737825 -6.8526441e-08)
(-2.1339931e-05 -0.00013664036 -6.647398e-08)
(-1.2093756e-05 -0.0001286355 -6.3979498e-08)
(-6.4127726e-06 -0.00012443826 -6.1212616e-08)
(-3.2108787e-06 -0.00012295877 -5.829302e-08)
(-1.6973707e-06 -0.00012358001 -5.529336e-08)
(-1.2984164e-06 -0.00012661663 -5.2246126e-08)
(-1.5441227e-06 -0.00013150358 -4.9152362e-08)
(-2.0770802e-06 -0.00013756715 -4.5989209e-08)
(-2.6476476e-06 -0.00014386003 -4.271795e-08)
(-3.0725418e-06 -0.0001492132 -3.9291981e-08)
(-3.2810335e-06 -0.00015338124 -3.5666147e-08)
(-3.3249346e-06 -0.00015646315 -3.1804978e-08)
(-3.0618234e-06 -0.00015828198 -2.7688386e-08)
(-2.6094638e-06 -0.00015859741 -2.3304865e-08)
(-1.9938841e-06 -0.00015864191 -1.8610109e-08)
(-1.2100973e-06 -0.00015135337 -1.339897e-08)
(-4.1121685e-07 -0.00014886481 -7.0602853e-09)
(-0.00038524081 -0.00021568849 -3.4929418e-08)
(-0.00030502769 -0.0002150278 -3.9901056e-08)
(-0.0002348729 -0.00020532354 -4.3821712e-08)
(-0.00017620763 -0.00019039955 -4.6604446e-08)
(-0.00012878124 -0.00017372487 -4.8270825e-08)
(-9.1369714e-05 -0.00015726497 -4.8927359e-08)
(-6.2481308e-05 -0.00014131799 -4.8731223e-08)
(-4.0745299e-05 -0.000127012 -4.7862852e-08)
(-2.4802351e-05 -0.00011565984 -4.6496337e-08)
(-1.3414654e-05 -0.00010688085 -4.4785489e-08)
(-5.4843771e-06 -0.00010036902 -4.285222e-08)
(-2.0223247e-07 -9.5892333e-05 -4.0786004e-08)
(3.032636e-06 -9.3445087e-05 -3.8642466e-08)
(4.7229088e-06 -9.3158409e-05 -3.645044e-08)
(5.3293242e-06 -9.4559359e-05 -3.4216202e-08)
(5.2258518e-06 -9.6758673e-05 -3.1928628e-08)
(4.7111791e-06 -9.9174896e-05 -2.9565098e-08)
(4.0073116e-06 -0.0001019225 -2.7097655e-08)
(3.2526103e-06 -0.00010464371 -2.4497947e-08)
(2.5220497e-06 -0.00010672525 -2.1741944e-08)
(1.8591354e-06 -0.00010793945 -1.8810344e-08)
(1.2700919e-06 -0.00010811952 -1.5679053e-08)
(7.5652472e-07 -0.00010853178 -1.2291833e-08)
(3.0891595e-07 -0.00010229549 -8.5060155e-09)
(3.1408304e-08 -0.0001016423 -4.0721838e-09)
(-0.00035055166 -0.00016695262 -2.34435e-08)
(-0.00028429099 -0.00016697329 -2.6753378e-08)
(-0.00022464305 -0.00015898383 -2.9390252e-08)
(-0.00017319636 -0.0001456638 -3.129236e-08)
(-0.00013031109 -0.0001310611 -3.246186e-08)
(-9.542603e-05 -0.00011630983 -3.2956531e-08)
(-6.7558748e-05 -0.00010196254 -3.2871052e-08)
(-4.5671204e-05 -8.8460692e-05 -3.2317437e-08)
(-2.8804764e-05 -7.6411861e-05 -3.1409481e-08)
(-1.6103931e-05 -6.5605091e-05 -3.0249544e-08)
(-6.7340565e-06 -5.6544975e-05 -2.8922077e-08)
(-5.7331401e-08 -4.9919152e-05 -2.7489659e-08)
(4.415879e-06 -4.5229953e-05 -2.5994449e-08)
(7.1827782e-06 -4.2305083e-05 -2.4460268e-08)
(8.634437e-06 -4.091852e-05 -2.2894803e-08)
(9.1170131e-06 -4.0447434e-05 -2.129432e-08)
(8.9317649e-06 -4.063654e-05 -1.964688e-08)
(8.300099e-06 -4.1366102e-05 -1.7936287e-08)
(7.3778246e-06 -4.2488216e-05 -1.6145422e-08)
(6.3261303e-06 -4.3654598e-05 -1.4258302e-08)
(5.1274178e-06 -4.4586162e-05 -1.2259476e-08)
(3.8896565e-06 -4.5112324e-05 -1.0128876e-08)
(2.6271486e-06 -4.671092e-05 -7.8324796e-09)
(1.391028e-06 -4.0642266e-05 -5.3194139e-09)
(4.1216031e-07 -4.4342603e-05 -2.5832777e-09)
(-0.00032035291 -0.00013008761 -1.527851e-08)
(-0.00026555293 -0.00012885657 -1.7401309e-08)
(-0.00021498562 -0.00012316277 -1.9102585e-08)
(-0.00017019484 -0.00011316871 -2.0340466e-08)
(-0.00013176774 -9.9883689e-05 -2.1111334e-08)
(-9.9622156e-05 -8.5902374e-05 -2.1445496e-08)
(-7.3231459e-05 -7.216805e-05 -2.1398022e-08)
(-5.1866118e-05 -5.9082777e-05 -2.1038532e-08)
(-3.4808177e-05 -4.6893597e-05 -2.043875e-08)
(-2.1480355e-05 -3.6084343e-05 -1.9664162e-08)
(-1.1351465e-05 -2.6507437e-05 -1.8771096e-08)
(-3.8371017e-06 -1.8390154e-05 -1.7802484e-08)
(1.5751667e-06 -1.2396011e-05 -1.6789124e-08)
(5.3254403e-06 -7.8631271e-06 -1.5748645e-08)
(7.7227429e-06 -4.3082781e-06 -1.4689028e-08)
(9.0310529e-06 -1.668403e-06 -1.3609823e-08)
(9.5094405e-06 1.3328886e-07 -1.2505528e-08)
(9.3510727e-06 9.8065371e-07 -1.1367437e-08)
(8.7043788e-06 1.0971559e-06 -1.0185675e-08)
(7.7102132e-06 8.2504515e-07 -8.950219e-09)
(6.4614776e-06 4.029001e-07 -7.6506227e-09)
(5.0500911e-06 5.8915848e-08 -6.2745742e-09)
(3.5292707e-06 -1.9836351e-06 -4.8073137e-09)
(1.9974956e-06 3.8283387e-06 -3.2409967e-09)
(6.0134117e-07 -1.5043095e-06 -1.6032557e-09)
(-0.00029474435 -0.00010594064 -9.6415909e-09)
(-0.00024929462 -0.00010531672 -1.0952539e-08)
(-0.00020640525 -0.00010049926 -1.2006646e-08)
(-0.000167544 -9.3431464e-05 -1.2776304e-08)
(-0.00013336704 -8.3197414e-05 -1.3257129e-08)
(-0.00010404447 -7.0531449e-05 -1.3464564e-08)
(-7.9399894e-05 -5.7983915e-05 -1.3430023e-08)
(-5.9001054e-05 -4.5519817e-05 -1.3194453e-08)
(-4.2325954e-05 -3.4139404e-05 -1.2802367e-08)
(-2.8897265e-05 -2.3963147e-05 -1.2295773e-08)
(-1.8383881e-05 -1.4494399e-05 -1.1710498e-08)
(-1.0264208e-05 -6.2376654e-06 -1.1074994e-08)
(-4.0478105e-06 7.2118484e-07 -1.0409772e-08)
(5.655743e-07 6.642293e-06 -9.7278352e-09)
(3.840507e-06 1.1656701e-05 -9.0357785e-09)
(6.0020054e-06 1.5559006e-05 -8.3351754e-09)
(7.2344509e-06 1.837387e-05 -7.6238119e-09)
(7.7112306e-06 2.0471011e-05 -6.897372e-09)
(7.5816487e-06 2.1879827e-05 -6.1504338e-09)
(6.9901753e-06 2.2682285e-05 -5.3770886e-09)
(6.0486997e-06 2.3031383e-05 -4.5711193e-09)
(4.8535104e-06 2.3273245e-05 -3.7259987e-09)
(3.48158e-06 2.1164622e-05 -2.8366849e-09)
(2.0165319e-06 2.6336473e-05 -1.9074272e-09)
(5.6475303e-07 2.0845067e-05 -9.5995883e-10)
(-0.00027261539 -8.9762839e-05 -5.8773127e-09)
(-0.00023479458 -9.0472385e-05 -6.6589515e-09)
(-0.00019835928 -8.7487771e-05 -7.2880697e-09)
(-0.0001646469 -8.1817823e-05 -7.7470184e-09)
(-0.00013440024 -7.4122595e-05 -8.0318577e-09)
(-0.00010790838 -6.4240654e-05 -8.1512677e-09)
(-8.5171159e-05 -5.3314764e-05 -8.1227994e-09)
(-6.5971128e-05 -4.2357801e-05 -7.9702824e-09)
(-4.9965444e-05 -3.1866705e-05 -7.7201211e-09)
(-3.6755345e-05 -2.2490609e-05 -7.3978471e-09)
(-2.6015008e-05 -1.3896373e-05 -7.0260486e-09)
(-1.7417667e-05 -5.5998908e-06 -6.6227299e-09)
(-1.0591045e-05 1.9302371e-06 -6.2013286e-09)
(-5.2935232e-06 8.462886e-06 -5.7707507e-09)
(-1.3041164e-06 1.396982e-05 -5.3359261e-09)
(1.5792426e-06 1.8575159e-05 -4.8986844e-09)
(3.504525e-06 2.2407438e-05 -4.4585945e-09)
(4.6273818e-06 2.5429942e-05 -4.0136482e-09)
(5.0977148e-06 2.7709718e-05 -3.5610074e-09)
(5.043623e-06 2.9316784e-05 -3.097402e-09)
(4.5778296e-06 3.0334543e-05 -2.6193678e-09)
(3.8049587e-06 3.1165974e-05 -2.1236794e-09)
(2.8208534e-06 2.9169529e-05 -1.608782e-09)
(1.6737962e-06 3.3688451e-05 -1.0789686e-09)
(4.6039644e-07 2.8531475e-05 -5.4734502e-10)
(-0.000253016 -7.7838598e-05 -3.4561833e-09)
(-0.00022142892 -7.9772027e-05 -3.9075763e-09)
(-0.00019043858 -7.8213756e-05 -4.2705254e-09)
(-0.00016120743 -7.4071422e-05 -4.5346257e-09)
(-0.00013450536 -6.7863076e-05 -4.6968974e-09)
(-0.00011071188 -6.0115093e-05 -4.7616896e-09)
(-8.9899398e-05 -5.1426376e-05 -4.7390145e-09)
(-7.198734e-05 -4.2194807e-05 -4.6425758e-09)
(-5.6761305e-05 -3.2940878e-05 -4.4876603e-09)
(-4.3935284e-05 -2.4353738e-05 -4.2893738e-09)
(-3.3168887e-05 -1.6510082e-05 -4.0612468e-09)
(-2.4319945e-05 -8.8190478e-06 -3.8144035e-09)
(-1.7153546e-05 -1.4441195e-06 -3.5572693e-09)
(-1.1392494e-05 5.2193029e-06 -3.2955377e-09)
(-6.8575246e-06 1.1116642e-05 -3.032702e-09)
(-3.3993115e-06 1.615882e-05 -2.7703136e-09)
(-8.6820768e-07 2.0436472e-05 -2.5085112e-09)
(8.6679649e-07 2.3964561e-05 -2.2465042e-09)
(1.9368432e-06 2.674877e-05 -1.9828887e-09)
(2.4521879e-06 2.8858879e-05 -1.7159032e-09)
(2.5250854e-06 3.0333221e-05 -1.4436985e-09)
(2.2628979e-06 3.1443556e-05 -1.1646956e-09)
(1.7691788e-06 2.991668e-05 -8.7828795e-10)
(1.0961973e-06 3.4969016e-05 -5.8677387e-10)
(3.2546937e-07 2.9350285e-05 -2.9479685e-10)
(-0.00023549563 -6.7519423e-05 -1.9606128e-09)
(-0.00020901629 -7.0099078e-05 -2.213572e-09)
(-0.00018262308 -6.9674565e-05 -2.416482e-09)
(-0.00015730869 -6.6859984e-05 -2.5635811e-09)
(-0.00013378009 -6.2268056e-05 -2.6530688e-09)
(-0.00011245401 -5.6155881e-05 -2.6869024e-09)
(-9.3479932e-05 -4.8758997e-05 -2.6706123e-09)
(-7.6859795e-05 -4.1033887e-05 -2.6118286e-09)
(-6.2478331e-05 -3.321385e-05 -2.5192325e-09)
(-5.0140532e-05 -2.5441405e-05 -2.4015265e-09)
(-3.9599166e-05 -1.8298164e-05 -2.2665915e-09)
(-3.0701249e-05 -1.1543293e-05 -2.121013e-09)
(-2.3354058e-05 -4.6826526e-06 -1.9698271e-09)
(-1.7331554e-05 1.8155972e-06 -1.8166217e-09)
(-1.2431401e-05 7.5881142e-06 -1.6636173e-09)
(-8.5218173e-06 1.2686424e-05 -1.5119529e-09)
(-5.4837549e-06 1.7126593e-05 -1.3619347e-09)
(-3.2040759e-06 2.0927266e-05 -1.2132812e-09)
(-1.5737954e-06 2.402851e-05 -1.0653062e-09)
(-4.9081453e-07 2.6437446e-05 -9.1711518e-10)
(1.4418074e-07 2.819174e-05 -7.6774516e-10)
(4.2728149e-07 2.9640237e-05 -6.163864e-10)
(4.5190668e-07 2.84532e-05 -4.626979e-10)
(3.3383526e-07 3.3442418e-05 -3.0776257e-10)
(1.4814814e-07 2.8360723e-05 -1.5351859e-10)
(-0.00021987425 -5.816099e-05 -1.0737011e-09)
(-0.00019758609 -6.0997788e-05 -1.2109449e-09)
(-0.00017505771 -6.1257551e-05 -1.3209059e-09)
(-0.00015312571 -5.9433841e-05 -1.4003727e-09)
(-0.00013241263 -5.6144391e-05 -1.4482328e-09)
(-0.00011332174 -5.1233074e-05 -1.4654368e-09)
(-9.6075909e-05 -4.5142742e-05 -1.4547965e-09)
(-8.0721682e-05 -3.859112e-05 -1.4204886e-09)
(-6.7220826e-05 -3.1845534e-05 -1.3672723e-09)
(-5.5459315e-05 -2.5149328e-05 -1.299994e-09)
(-4.5291862e-05 -1.8538797e-05 -1.2231081e-09)
(-3.6508993e-05 -1.2438066e-05 -1.1403731e-09)
(-2.9050623e-05 -6.5450515e-06 -1.0547342e-09)
(-2.2846512e-05 -5.5765574e-07 -9.6829778e-10)
(-1.7705571e-05 5.0097879e-06 -8.8243118e-10)
(-1.3469781e-05 9.9312164e-06 -7.9788551e-10)
(-1.0029829e-05 1.4252148e-05 -7.1493733e-10)
(-7.2829119e-06 1.7995606e-05 -6.3351755e-10)
(-5.1452348e-06 2.113526e-05 -5.5331089e-10)
(-3.524763e-06 2.3655339e-05 -4.7386763e-10)
(-2.3370419e-06 2.5546917e-05 -3.9469262e-10)
(-1.499e-06 2.710471e-05 -3.1536553e-10)
(-9.286414e-07 2.6114473e-05 -2.356442e-10)
(-4.8892299e-07 3.0949416e-05 -1.5610182e-10)
(-1.0608969e-07 2.6159579e-05 -7.717578e-11)
(-0.00020601784 -4.9831217e-05 -5.6812831e-10)
(-0.00018716897 -5.263165e-05 -6.3957853e-10)
(-0.00016787545 -5.345161e-05 -6.97084e-10)
(-0.00014883366 -5.2303084e-05 -7.3867235e-10)
(-0.00013058613 -4.9696856e-05 -7.6350557e-10)
(-0.00011351556 -4.606933e-05 -7.7205018e-10)
(-9.7870085e-05 -4.1258203e-05 -7.6569312e-10)
(-8.3740229e-05 -3.5628276e-05 -7.4657822e-10)
(-7.1128688e-05 -2.9776781e-05 -7.1724247e-10)
(-5.9987548e-05 -2.3818814e-05 -6.80291e-10)
(-5.0225326e-05 -1.8023735e-05 -6.3814785e-10)
(-4.1692292e-05 -1.2496343e-05 -5.9289152e-10)
(-3.425964e-05 -7.2783013e-06 -5.4617103e-10)
(-2.7892364e-05 -2.1847618e-06 -4.9917957e-10)
(-2.252898e-05 2.90055e-06 -4.5271966e-10)
(-1.8035679e-05 7.571177e-06 -4.0725767e-10)
(-1.4273605e-05 1.1662123e-05 -3.6298994e-10)
(-1.114258e-05 1.5211794e-05 -3.1992041e-10)
(-8.5654367e-06 1.8217642e-05 -2.7791435e-10)
(-6.4601102e-06 2.0680178e-05 -2.3675351e-10)
(-4.7521024e-06 2.2551129e-05 -1.9618966e-10)
(-3.3706034e-06 2.4257302e-05 -1.5601137e-10)
(-2.2405972e-06 2.3276208e-05 -1.1602774e-10)
(-1.2734936e-06 2.7413157e-05 -7.661158e-11)
(-3.9703639e-07 2.3532331e-05 -3.7680338e-11)
(-0.00019375593 -4.267847e-05 -2.9060067e-10)
(-0.00017773236 -4.5478322e-05 -3.2567235e-10)
(-0.0001611431 -4.645392e-05 -3.5423469e-10)
(-0.00014456573 -4.6005653e-05 -3.7504553e-10)
(-0.00012846843 -4.4141044e-05 -3.8750514e-10)
(-0.00011320227 -4.128898e-05 -3.9167307e-10)
(-9.9005826e-05 -3.7508731e-05 -3.8816802e-10)
(-8.6020833e-05 -3.2793841e-05 -3.7805927e-10)
(-7.4280058e-05 -2.7788233e-05 -3.626201e-10)
(-6.376639e-05 -2.2660496e-05 -3.4319296e-10)
(-5.4424894e-05 -1.7517878e-05 -3.2105088e-10)
(-4.6184963e-05 -1.2505996e-05 -2.9729384e-10)
(-3.8912445e-05 -7.7343988e-06 -2.7280709e-10)
(-3.2506779e-05 -3.3124413e-06 -2.4825247e-10)
(-2.6950591e-05 8.4227207e-07 -2.2407672e-10)
(-2.2185703e-05 4.9485206e-06 -2.0054602e-10)
(-1.8113638e-05 8.8164811e-06 -1.7778913e-10)
(-1.4645531e-05 1.2110002e-05 -1.5583065e-10)
(-1.1683288e-05 1.4901633e-05 -1.3461876e-10)
(-9.1491903e-06 1.7246349e-05 -1.1405212e-10)
(-6.9756977e-06 1.8971758e-05 -9.4010219e-11)
(-5.1005834e-06 2.0636112e-05 -7.4399259e-11)
(-3.4607068e-06 1.971723e-05 -5.5067042e-11)
(-2.0066722e-06 2.3891034e-05 -3.6322412e-11)
(-6.7124871e-07 1.9964301e-05 -1.7754444e-11)
(-0.00018287942 -3.6788688e-05 -1.4364406e-10)
(-0.00016918228 -3.9640039e-05 -1.5906518e-10)
(-0.00015485539 -4.0792983e-05 -1.7210066e-10)
(-0.00014037668 -4.0679168e-05 -1.8180145e-10)
(-0.00012614729 -3.9448633e-05 -1.8766983e-10)
(-0.00011247905 -3.7120567e-05 -1.8963913e-10)
(-9.9592773e-05 -3.4266596e-05 -1.8789016e-10)
(-8.7648958e-05 -3.0662652e-05 -1.8287643e-10)
(-7.6723526e-05 -2.6349517e-05 -1.7521066e-10)
(-6.6822366e-05 -2.1954215e-05 -1.6553053e-10)
(-5.7917622e-05 -1.7521933e-05 -1.5446981e-10)
(-4.9961502e-05 -1.3100244e-05 -1.4259973e-10)
(-4.2874637e-05 -8.8230229e-06 -1.3037482e-10)
(-3.6559787e-05 -4.8008626e-06 -1.181351e-10)
(-3.0936373e-05 -1.0590285e-06 -1.0612161e-10)
(-2.5963716e-05 2.4137785e-06 -9.4483658e-11)
(-2.1607067e-05 5.5779372e-06 -8.3293051e-11)
(-1.7801292e-05 8.4673801e-06 -7.2574927e-11)
(-1.4467449e-05 1.1065187e-05 -6.2317599e-11)
(-1.1541227e-05 1.3234216e-05 -5.2478428e-11)
(-8.9577633e-06 1.4872846e-05 -4.3005192e-11)
(-6.6527427e-06 1.6547087e-05 -3.3865589e-11)
(-4.5704281e-06 1.5642937e-05 -2.4937449e-11)
(-2.6692319e-06 1.9367841e-05 -1.6506685e-11)
(-8.9003398e-07 1.6038085e-05 -8.0510836e-12)
(-0.00017316635 -3.2148901e-05 -6.8389349e-11)
(-0.00016138916 -3.492956e-05 -7.3545996e-11)
(-0.00014895596 -3.6280506e-05 -7.8449835e-11)
(-0.00013626107 -3.6430636e-05 -8.2386262e-11)
(-0.00012364636 -3.5563029e-05 -8.4867709e-11)
(-0.00011139004 -3.3952165e-05 -8.5694878e-11)
(-9.9695734e-05 -3.1592912e-05 -8.4915492e-11)
(-8.8706158e-05 -2.8785893e-05 -8.2670595e-11)
(-7.8524595e-05 -2.5578101e-05 -7.91748e-11)
(-6.9191754e-05 -2.1829688e-05 -7.4718048e-11)
(-6.0706932e-05 -1.797276e-05 -6.9593219e-11)
(-5.3029618e-05 -1.4157286e-05 -6.4070171e-11)
(-4.6113707e-05 -1.0427918e-05 -5.8369806e-11)
(-3.9895586e-05 -6.8775667e-06 -5.2655338e-11)
(-3.429144e-05 -3.5574811e-06 -4.7050001e-11)
(-2.924115e-05 -5.0908356e-07 -4.1636877e-11)
(-2.4700921e-05 2.2924312e-06 -3.6460383e-11)
(-2.06226e-05 4.829696e-06 -3.1540854e-11)
(-1.6968779e-05 7.0216185e-06 -2.6878993e-11)
(-1.3691088e-05 8.8582381e-06 -2.2461362e-11)
(-1.0733616e-05 1.0263262e-05 -1.8270519e-11)
(-8.0392176e-06 1.1695222e-05 -1.4302242e-11)
(-5.5587967e-06 1.1047211e-05 -1.0462498e-11)
(-3.2520222e-06 1.5258264e-05 -7.0207604e-12)
(-1.0664548e-06 1.1468338e-05 -3.3617739e-12)
(-0.00016441062 -2.8510833e-05 -3.1115173e-11)
(-0.00015422175 -3.1088953e-05 -3.1212548e-11)
(-0.00014337437 -3.256856e-05 -3.201546e-11)
(-0.00013219513 -3.3042574e-05 -3.2967609e-11)
(-0.00012097497 -3.2614327e-05 -3.3707518e-11)
(-0.00010995843 -3.1420409e-05 -3.3984754e-11)
(-9.9334446e-05 -2.9696526e-05 -3.3696221e-11)
(-8.9232358e-05 -2.7462997e-05 -3.2852693e-11)
(-7.9747154e-05 -2.4809332e-05 -3.1507261e-11)
(-7.0942748e-05 -2.200461e-05 -2.9742498e-11)
(-6.2841602e-05 -1.8859781e-05 -2.7671899e-11)
(-5.5432195e-05 -1.5538748e-05 -2.5408395e-11)
(-4.868172e-05 -1.2371154e-05 -2.3047877e-11)
(-4.2540559e-05 -9.3001141e-06 -2.0669127e-11)
(-3.6955068e-05 -6.3919434e-06 -1.8330007e-11)
(-3.1869496e-05 -3.7139988e-06 -1.6070917e-11)
(-2.7228082e-05 -1.2806906e-06 -1.3920055e-11)
(-2.2986697e-05 9.1653924e-07 -1.189562e-11)
(-1.9108662e-05 2.8412794e-06 -1.0002945e-11)
(-1.5551989e-05 4.4440051e-06 -8.2401585e-12)
(-1.2276151e-05 5.7019447e-06 -6.6089303e-12)
(-9.2433984e-06 6.979925e-06 -5.1180858e-12)
(-6.417519e-06 6.4610641e-06 -3.6942859e-12)
(-3.7671336e-06 1.0783314e-05 -2.5988486e-12)
(-1.2477836e-06 6.9555045e-06 -1.1848353e-12)
(-0.00015643893 -2.5515198e-05 -1.3467394e-11)
(-0.00014756847 -2.7961745e-05 -1.1160175e-11)
(-0.00013805182 -2.9569538e-05 -9.9872276e-12)
(-0.0001281611 -3.0301494e-05 -9.4617235e-12)
(-0.00011814329 -3.0274685e-05 -9.2880153e-12)
(-0.00010820928 -2.9543825e-05 -9.2549508e-12)
(-9.8532175e-05 -2.827458e-05 -9.1863691e-12)
(-8.9240401e-05 -2.6564931e-05 -9.008771e-12)
(-8.0418278e-05 -2.4481255e-05 -8.6950779e-12)
(-7.21267e-05 -2.2090209e-05 -8.2477836e-12)
(-6.4397273e-05 -1.9611156e-05 -7.6839297e-12)
(-5.7246137e-05 -1.7096567e-05 -7.0221384e-12)
(-5.0655941e-05 -1.4459964e-05 -6.3012599e-12)
(-4.459536e-05 -1.1787616e-05 -5.5593431e-12)
(-3.9026727e-05 -9.2683256e-06 -4.8199833e-12)
(-3.3904341e-05 -6.9731234e-06 -4.1023627e-12)
(-2.9183491e-05 -4.8439741e-06 -3.4219764e-12)
(-2.4822596e-05 -2.9285435e-06 -2.7909643e-12)
(-2.0780315e-05 -1.2556151e-06 -2.2185411e-12)
(-1.7019727e-05 1.6030813e-07 -1.7110408e-12)
(-1.3508765e-05 1.302335e-06 -1.2778741e-12)
(-1.0219344e-05 2.4461439e-06 -9.3105646e-13)
(-7.123358e-06 1.9621583e-06 -6.1553335e-13)
(-4.1918638e-06 6.2489192e-06 -5.8618327e-13)
(-1.3863754e-06 2.5542379e-06 -1.9042245e-13)
(-0.0001491133 -2.3051559e-05 -5.6198257e-12)
(-0.00014134088 -2.541436e-05 -2.3164575e-12)
(-0.00013294475 -2.7154907e-05 -2.2346003e-13)
(-0.00012415101 -2.8082013e-05 1.0056741e-12)
(-0.0001151683 -2.8354376e-05 1.6430039e-12)
(-0.00010617956 -2.8024176e-05 1.8850716e-12)
(-9.733939e-05 -2.7183808e-05 1.8988943e-12)
(-8.8770937e-05 -2.5932193e-05 1.8014633e-12)
(-8.0560442e-05 -2.4336152e-05 1.6603639e-12)
(-7.2763089e-05 -2.2474349e-05 1.5200194e-12)
(-6.5413375e-05 -2.0453848e-05 1.3989328e-12)
(-5.8528787e-05 -1.8328614e-05 1.3162405e-12)
(-5.2110283e-05 -1.6155084e-05 1.272696e-12)
(-4.6144675e-05 -1.4079141e-05 1.2546598e-12)
(-4.0607399e-05 -1.2053378e-05 1.2516349e-12)
(-3.5463321e-05 -1.0068509e-05 1.2545021e-12)
(-3.0677514e-05 -8.1983928e-06 1.2552125e-12)
(-2.6216406e-05 -6.5023002e-06 1.2447603e-12)
(-2.20452e-05 -5.0400643e-06 1.214184e-12)
(-1.8132179e-05 -3.7904613e-06 1.1545168e-12)
(-1.4448667e-05 -2.7620641e-06 1.0528221e-12)
(-1.0968667e-05 -1.6929581e-06 8.9307814e-13)
(-7.6676123e-06 -2.1481644e-06 7.2418606e-13)
(-4.5159256e-06 1.9822608e-06 2.9720512e-13)
(-1.4875942e-06 -1.371224e-06 2.3987068e-13)
(-0.00014232424 -2.1089764e-05 -2.6312261e-12)
(-0.00013547074 -2.3398278e-05 1.0695951e-12)
(-0.00012802157 -2.5188256e-05 3.5468995e-12)
(-0.00012016403 -2.6268295e-05 5.0963958e-12)
(-0.00011207445 -2.676736e-05 5.9699958e-12)
(-0.00010391197 -2.6758055e-05 6.3570052e-12)
(-9.5813378e-05 -2.6279871e-05 6.4016199e-12)
(-8.7890931e-05 -2.542346e-05 6.2300574e-12)
(-8.0230773e-05 -2.4262159e-05 5.9313912e-12)
(-7.2890969e-05 -2.2842727e-05 5.5648986e-12)
(-6.5909848e-05 -2.1241555e-05 5.1729689e-12)
(-5.9303655e-05 -1.9538212e-05 4.787769e-12)
(-5.30811e-05 -1.7791391e-05 4.4255061e-12)
(-4.7237249e-05 -1.6037551e-05 4.0844624e-12)
(-4.1756181e-05 -1.4307514e-05 3.764093e-12)
(-3.6617605e-05 -1.2640947e-05 3.4628265e-12)
(-3.1797e-05 -1.1118307e-05 3.174528e-12)
(-2.7268425e-05 -9.7258717e-06 2.8915981e-12)
(-2.3003358e-05 -8.434289e-06 2.6056924e-12)
(-1.8975034e-05 -7.297083e-06 2.30779e-12)
(-1.5158826e-05 -6.3753847e-06 1.9847829e-12)
(-1.1531618e-05 -5.3171742e-06 1.6156788e-12)
(-8.0732129e-06 -5.778271e-06 1.2521166e-12)
(-4.7561957e-06 -1.908788e-06 6.5159732e-13)
(-1.5645729e-06 -4.8221761e-06 4.0476314e-13)
(-0.00013598485 -1.9483415e-05 -2.0104863e-12)
(-0.00012990617 -2.1721721e-05 1.8082751e-12)
(-0.00012326057 -2.3494139e-05 4.4328646e-12)
(-0.00011620446 -2.472908e-05 6.1470614e-12)
(-0.00010888786 -2.5444469e-05 7.1700641e-12)
(-0.00010144862 -2.569215e-05 7.6672715e-12)
(-9.4007528e-05 -2.5518182e-05 7.7798376e-12)
(-8.6665871e-05 -2.4982563e-05 7.6290733e-12)
(-7.9504707e-05 -2.4172086e-05 7.3143795e-12)
(-7.2584274e-05 -2.3138425e-05 6.9023174e-12)
(-6.5945785e-05 -2.1911519e-05 6.4385515e-12)
(-5.9612996e-05 -2.0557476e-05 5.9587203e-12)
(-5.3596363e-05 -1.9148816e-05 5.4907523e-12)
(-4.7895321e-05 -1.7726132e-05 5.0439627e-12)
(-4.2501621e-05 -1.6305152e-05 4.6163112e-12)
(-3.7403741e-05 -1.4916041e-05 4.2078599e-12)
(-3.2584219e-05 -1.3607369e-05 3.8163711e-12)
(-2.8021975e-05 -1.2397053e-05 3.4364657e-12)
(-2.3696778e-05 -1.1281249e-05 3.0602075e-12)
(-1.9588594e-05 -1.0281835e-05 2.6788641e-12)
(-1.5677638e-05 -9.4395127e-06 2.2799937e-12)
(-1.194445e-05 -8.4582039e-06 1.8403677e-12)
(-8.3687456e-06 -8.9639348e-06 1.4153196e-12)
(-4.9330005e-06 -5.3495823e-06 7.6918054e-13)
(-1.6217813e-06 -7.8817051e-06 4.5512537e-13)
(-0.0001300307 -1.8100987e-05 -2.4474495e-12)
(-0.00012460836 -2.0263044e-05 1.3582711e-12)
(-0.00011864746 -2.2031183e-05 4.0301592e-12)
(-0.00011228006 -2.3387909e-05 5.8246574e-12)
(-0.00010563451 -2.4271028e-05 6.9417057e-12)
(-9.8830014e-05 -2.4735262e-05 7.5366396e-12)
(-9.197298e-05 -2.4826468e-05 7.7386811e-12)
(-8.5154674e-05 -2.4578408e-05 7.656017e-12)
(-7.8450287e-05 -2.4050451e-05 7.3867544e-12)
(-7.1918695e-05 -2.3315669e-05 7.007323e-12)
(-6.5602309e-05 -2.2415537e-05 6.5658325e-12)
(-5.9530029e-05 -2.1384654e-05 6.0943121e-12)
(-5.3716564e-05 -2.0259698e-05 5.6177888e-12)
(-4.8167373e-05 -1.9100273e-05 5.1568427e-12)
(-4.2880929e-05 -1.7941601e-05 4.7165435e-12)
(-3.7849194e-05 -1.679738e-05 4.2938809e-12)
(-3.3059797e-05 -1.5697774e-05 3.8866566e-12)
(-2.8497439e-05 -1.4654409e-05 3.4904742e-12)
(-2.4147536e-05 -1.3675319e-05 3.0988324e-12)
(-1.999512e-05 -1.2780158e-05 2.7038127e-12)
(-1.6024834e-05 -1.2013827e-05 2.2952145e-12)
(-1.2221116e-05 -1.1077107e-05 1.8479025e-12)
(-8.561946e-06 -1.1606692e-05 1.4180898e-12)
(-5.0525696e-06 -8.3727056e-06 7.8172324e-13)
(-1.6680017e-06 -1.0367514e-05 4.5386191e-13)
(-0.0001244151 -1.6890324e-05 -3.2307626e-12)
(-0.00011954993 -1.8986921e-05 4.7788435e-13)
(-0.00011417475 -2.0762239e-05 3.1390847e-12)
(-0.00010840204 -2.219027e-05 4.9620479e-12)
(-0.00010234119 -2.3187178e-05 6.1309465e-12)
(-9.6095389e-05 -2.382805e-05 6.8031193e-12)
(-8.9758407e-05 -2.4133393e-05 7.0942086e-12)
(-8.3412399e-05 -2.4132505e-05 7.1002741e-12)
(-7.7126669e-05 -2.3868288e-05 6.9106897e-12)
(-7.0957358e-05 -2.3392598e-05 6.5976594e-12)
(-6.494714e-05 -2.2752115e-05 6.2123973e-12)
(-5.9126556e-05 -2.1984161e-05 5.7901109e-12)
(-5.3514894e-05 -2.1126935e-05 5.3542974e-12)
(-4.8122814e-05 -2.0204826e-05 4.9208025e-12)
(-4.2953466e-05 -1.9247546e-05 4.501741e-12)
(-3.800331e-05 -1.8301713e-05 4.101145e-12)
(-3.3265148e-05 -1.7379942e-05 3.7143882e-12)
(-2.8729528e-05 -1.6483821e-05 3.3365454e-12)
(-2.4384999e-05 -1.5627297e-05 2.9617773e-12)
(-2.0219294e-05 -1.4825053e-05 2.5829848e-12)
(-1.6219756e-05 -1.4117669e-05 2.1914222e-12)
(-1.237382e-05 -1.3158122e-05 1.762825e-12)
(-8.6704159e-06 -1.3767906e-05 1.3504115e-12)
(-5.1248507e-06 -1.0893485e-05 7.4387813e-13)
(-1.7149418e-06 -1.2337111e-05 4.313514e-13)
(-0.00011910248 -1.5809633e-05 -4.0427941e-12)
(-0.00011471299 -1.7879572e-05 -4.7674657e-13)
(-0.00010984181 -1.9632642e-05 2.125869e-12)
(-0.00010458475 -2.1076806e-05 3.9500915e-12)
(-9.9035145e-05 -2.218417e-05 5.1568378e-12)
(-9.3282545e-05 -2.2955914e-05 5.8847169e-12)
(-8.7409722e-05 -2.3426413e-05 6.2481983e-12)
(-8.1490519e-05 -2.3625204e-05 6.338606e-12)
(-7.5588586e-05 -2.3581893e-05 6.2335218e-12)
(-6.975683e-05 -2.3332918e-05 5.9981634e-12)
(-6.4037264e-05 -2.2916028e-05 5.682223e-12)
(-5.8461358e-05 -2.2366453e-05 5.321571e-12)
(-5.3051356e-05 -2.1721342e-05 4.9414255e-12)
(-4.7821269e-05 -2.1002929e-05 4.5567295e-12)
(-4.2778066e-05 -2.0244116e-05 4.1781098e-12)
(-3.7923152e-05 -1.9462441e-05 3.809445e-12)
(-3.3253979e-05 -1.8674316e-05 3.451966e-12)
(-2.8765255e-05 -1.7904066e-05 3.1038999e-12)
(-2.4449e-05 -1.7156416e-05 2.7574439e-12)
(-2.0295957e-05 -1.6441363e-05 2.4056667e-12)
(-1.6296453e-05 -1.5795093e-05 2.0414292e-12)
(-1.2441946e-05 -1.4945808e-05 1.641818e-12)
(-8.7339212e-06 -1.5418532e-05 1.2545971e-12)
(-5.1584097e-06 -1.2486384e-05 6.8353403e-13)
(-1.7012269e-06 -1.4157079e-05 3.9371606e-13)
(-0.00011406859 -1.4843517e-05 -4.8528787e-12)
(-0.00011008791 -1.6879187e-05 -1.3965299e-12)
(-0.00010565285 -1.858197e-05 1.1405738e-12)
(-0.0001008444 -2.0031718e-05 2.9524904e-12)
(-9.5743288e-05 -2.1227779e-05 4.1891197e-12)
(-9.0427437e-05 -2.2093993e-05 4.9638977e-12)
(-8.4969926e-05 -2.2689962e-05 5.3852039e-12)
(-7.9437076e-05 -2.3041962e-05 5.5440033e-12)
(-7.3887189e-05 -2.3171613e-05 5.5124562e-12)
(-6.8369842e-05 -2.3108154e-05 5.3507569e-12)
(-6.2925662e-05 -2.2881703e-05 5.1049154e-12)
(-5.7586533e-05 -2.2518509e-05 4.8080671e-12)
(-5.2376364e-05 -2.2051908e-05 4.4856203e-12)
(-4.73117e-05 -2.1504731e-05 4.1530528e-12)
(-4.2402817e-05 -2.0903864e-05 3.8206227e-12)
(-3.7654933e-05 -2.0266578e-05 3.4928694e-12)
(-3.3069241e-05 -1.9604384e-05 3.1708412e-12)
(-2.8643817e-05 -1.8941278e-05 2.853261e-12)
(-2.4374463e-05 -1.8285147e-05 2.5360626e-12)
(-2.0255645e-05 -1.7646192e-05 2.2139593e-12)
(-1.6281501e-05 -1.7056184e-05 1.8790018e-12)
(-1.244715e-05 -1.6328863e-05 1.5117097e-12)
(-8.7502673e-06 -1.6654406e-05 1.1529553e-12)
(-5.1567021e-06 -1.355964e-05 6.1952387e-13)
(-1.6582555e-06 -1.5394644e-05 3.587279e-13)
(-0.00010930105 -1.3947636e-05 -5.6477471e-12)
(-0.00010567288 -1.591908e-05 -2.2849136e-12)
(-0.00010161593 -1.7610871e-05 2.1251425e-13)
(-9.7199135e-05 -1.9052073e-05 2.0183506e-12)
(-9.2492643e-05 -2.0262961e-05 3.2759069e-12)
(-8.7564527e-05 -2.1204297e-05 4.0927036e-12)
(-8.2479375e-05 -2.1900428e-05 4.5681147e-12)
(-7.7296732e-05 -2.2370246e-05 4.7859399e-12)
(-7.2069874e-05 -2.2632244e-05 4.8165987e-12)
(-6.6845065e-05 -2.2713107e-05 4.7186955e-12)
(-6.166125e-05 -2.2637754e-05 4.5352884e-12)
(-5.6550101e-05 -2.2426161e-05 4.297307e-12)
(-5.1536414e-05 -2.210799e-05 4.0289984e-12)
(-4.6638582e-05 -2.1705268e-05 3.7465058e-12)
(-4.1869418e-05 -2.1236141e-05 3.4598308e-12)
(-3.7237041e-05 -2.0720986e-05 3.1739655e-12)
(-3.2745678e-05 -2.0171945e-05 2.8897553e-12)
(-2.8396493e-05 -1.9603107e-05 2.6060166e-12)
(-2.418847e-05 -1.902632e-05 2.3201003e-12)
(-2.0119101e-05 -1.845182e-05 2.0273677e-12)
(-1.6184987e-05 -1.789978e-05 1.7201864e-12)
(-1.2381759e-05 -1.7223545e-05 1.3832797e-12)
(-8.7001128e-06 -1.7446865e-05 1.0533036e-12)
(-5.1246909e-06 -1.4370461e-05 5.5802632e-13)
(-1.6543539e-06 -1.6158275e-05 3.23506e-13)
(-0.00010479516 -1.3124695e-05 -6.3546265e-12)
(-0.00010147154 -1.5008767e-05 -3.0978738e-12)
(-9.7743058e-05 -1.6666245e-05 -6.4617537e-13)
(-9.3669173e-05 -1.8078615e-05 1.1502526e-12)
(-8.9310651e-05 -1.9282699e-05 2.4227562e-12)
(-8.4727258e-05 -2.0272668e-05 3.2771558e-12)
(-7.997625e-05 -2.1040984e-05 3.8039442e-12)
(-7.5111116e-05 -2.1598941e-05 4.0783404e-12)
(-7.0180491e-05 -2.1962135e-05 4.1670125e-12)
(-6.5227415e-05 -2.2151453e-05 4.1255846e-12)
(-6.028897e-05 -2.2191038e-05 3.9966479e-12)
(-5.5396165e-05 -2.2101853e-05 3.8112868e-12)
(-5.0574133e-05 -2.1905452e-05 3.5923713e-12)
(-4.584247e-05 -2.1619367e-05 3.3557201e-12)
(-4.1215817e-05 -2.1258651e-05 3.1112314e-12)
(-3.6704508e-05 -2.0841682e-05 2.8641487e-12)
(-3.2315242e-05 -2.0383029e-05 2.6160146e-12)
(-2.8051754e-05 -1.9894399e-05 2.3660137e-12)
(-2.3915519e-05 -1.9384516e-05 2.1114216e-12)
(-1.9906189e-05 -1.8863476e-05 1.8481176e-12)
(-1.602176e-05 -1.8351213e-05 1.5697425e-12)
(-1.2258165e-05 -1.7705502e-05 1.2620746e-12)
(-8.6080251e-06 -1.786958e-05 9.6130434e-13)
(-5.0722236e-06 -1.4918776e-05 5.0449451e-13)
(-1.6484792e-06 -1.6566314e-05 2.9225628e-13)
(-0.00010054835 -1.2294714e-05 -6.9843425e-12)
(-9.7488992e-05 -1.4090572e-05 -3.8406529e-12)
(-9.4047144e-05 -1.5686876e-05 -1.4430227e-12)
(-9.0274325e-05 -1.7072345e-05 3.4252223e-13)
(-8.6223365e-05 -1.8288088e-05 1.6314215e-12)
(-8.1946919e-05 -1.9306139e-05 2.5194642e-12)
(-7.7495933e-05 -2.0107886e-05 3.090073e-12)
(-7.2918589e-05 -2.0721763e-05 3.4169329e-12)
(-6.825931e-05 -2.1160373e-05 3.5619744e-12)
(-6.3558063e-05 -2.1431641e-05 3.5744254e-12)
(-5.884995e-05 -2.1559455e-05 3.4956077e-12)
(-5.4165021e-05 -2.1565713e-05 3.3578897e-12)
(-4.952833e-05 -2.146518e-05 3.1841517e-12)
(-4.4960175e-05 -2.1272418e-05 2.9894649e-12)
(-4.0476462e-05 -2.0998984e-05 2.7833342e-12)
(-3.6089196e-05 -2.0660216e-05 2.5714259e-12)
(-3.1807025e-05 -2.027327e-05 2.3561891e-12)
(-2.7635742e-05 -1.9850954e-05 2.1373464e-12)
(-2.3578831e-05 -1.9398771e-05 1.9125006e-12)
(-1.9637789e-05 -1.8926514e-05 1.6779484e-12)
(-1.581228e-05 -1.8451931e-05 1.4279546e-12)
(-1.2100231e-05 -1.7839613e-05 1.149133e-12)
(-8.4986959e-06 -1.7970561e-05 8.773584e-13)
(-5.0099326e-06 -1.5185893e-05 4.5824172e-13)
(-1.6311422e-06 -1.6671466e-05 2.6566992e-13)
(-9.6557973e-05 -1.1473565e-05 -7.5530964e-12)
(-9.3729418e-05 -1.3176754e-05 -4.5177893e-12)
(-9.0538982e-05 -1.4706857e-05 -2.1778651e-12)
(-8.7031481e-05 -1.6060469e-05 -4.0551062e-13)
(-8.32532e-05 -1.7244026e-05 8.9816142e-13)
(-7.9250687e-05 -1.8253431e-05 1.8160317e-12)
(-7.5069463e-05 -1.9079765e-05 2.4252531e-12)
(-7.0753065e-05 -1.9724596e-05 2.7977565e-12)
(-6.6342113e-05 -2.0216324e-05 2.9931636e-12)
(-6.1873704e-05 -2.056257e-05 3.0561989e-12)
(-5.7380932e-05 -2.076268e-05 3.0257232e-12)
(-5.2892722e-05 -2.0837252e-05 2.9333965e-12)
(-4.8433778e-05 -2.0803559e-05 2.801504e-12)
(-4.4024711e-05 -2.0678536e-05 2.6455505e-12)
(-3.9682269e-05 -2.0478891e-05 2.4754553e-12)
(-3.5419686e-05 -2.0207255e-05 2.2968252e-12)
(-3.1247051e-05 -1.9881939e-05 2.1124033e-12)
(-2.7171813e-05 -1.9518101e-05 1.9224276e-12)
(-2.319911e-05 -1.9117041e-05 1.7252492e-12)
(-1.9332171e-05 -1.8689126e-05 1.5177486e-12)
(-1.5572584e-05 -1.8248968e-05 1.294849e-12)
(-1.1920641e-05 -1.7677038e-05 1.0445497e-12)
(-8.3760106e-06 -1.778676e-05 7.9996373e-13)
(-4.9393953e-06 -1.5189175e-05 4.1682287e-13)
(-1.6090404e-06 -1.6513284e-05 2.4232272e-13)
(-9.2823767e-05 -1.0659674e-05 -8.0655171e-12)
(-9.0197564e-05 -1.226348e-05 -5.130736e-12)
(-8.7228289e-05 -1.3717301e-05 -2.8450122e-12)
(-8.3955214e-05 -1.5019365e-05 -1.0895717e-12)
(-8.0419164e-05 -1.6158694e-05 2.2061719e-13)
(-7.6661525e-05 -1.7145103e-05 1.1610078e-12)
(-7.2723147e-05 -1.7977174e-05 1.8046665e-12)
(-6.8643383e-05 -1.8642763e-05 2.2181418e-12)
(-6.4459438e-05 -1.9153404e-05 2.4565462e-12)
(-6.0205743e-05 -1.9527798e-05 2.564604e-12)
(-5.5913482e-05 -1.9777942e-05 2.5797024e-12)
(-5.1610381e-05 -1.9908239e-05 2.5305595e-12)
(-4.7320611e-05 -1.9932381e-05 2.4387814e-12)
(-4.30648e-05 -1.9864677e-05 2.3196468e-12)
(-3.8860186e-05 -1.9718999e-05 2.1833868e-12)
(-3.4720839e-05 -1.9513403e-05 2.0361679e-12)
(-3.0657935e-05 -1.9249685e-05 1.8809335e-12)
(-2.6680171e-05 -1.8930773e-05 1.7182868e-12)
(-2.2794063e-05 -1.8572887e-05 1.5471647e-12)
(-1.9004369e-05 -1.8184433e-05 1.3651221e-12)
(-1.5314495e-05 -1.7777993e-05 1.1680625e-12)
(-1.1726932e-05 -1.7250079e-05 9.4540787e-13)
(-8.2433468e-06 -1.7346351e-05 7.2568476e-13)
(-4.8630397e-06 -1.4952503e-05 3.77244e-13)
(-1.5854767e-06 -1.611625e-05 2.2119759e-13)
(-8.9349564e-05 -9.847051e-06 -8.5288734e-12)
(-8.6900701e-05 -1.1344516e-05 -5.6868191e-12)
(-8.4125952e-05 -1.2712187e-05 -3.449065e-12)
(-8.1059983e-05 -1.3944842e-05 -1.7133278e-12)
(-7.7739048e-05 -1.5038975e-05 -4.0314617e-13)
(-7.4200131e-05 -1.5988311e-05 5.5300453e-13)
(-7.0480011e-05 -1.6789329e-05 1.2238546e-12)
(-6.6614345e-05 -1.7450135e-05 1.6724636e-12)
(-6.2637288e-05 -1.7973981e-05 1.9503339e-12)
(-5.858082e-05 -1.8369365e-05 2.0997261e-12)
(-5.4474327e-05 -1.86472e-05 2.1559123e-12)
(-5.0344315e-05 -1.8814884e-05 2.146423e-12)
(-4.6214272e-05 -1.8882843e-05 2.0920468e-12)
(-4.2104631e-05 -1.8862242e-05 2.007577e-12)
(-3.8032838e-05 -1.8764636e-05 1.9031575e-12)
(-3.4013495e-05 -1.8601842e-05 1.7851668e-12)
(-3.0058603e-05 -1.838026e-05 1.6572019e-12)
(-2.6177788e-05 -1.8105795e-05 1.5204061e-12)
(-2.2378676e-05 -1.7787829e-05 1.3740141e-12)
(-1.8667249e-05 -1.7435301e-05 1.2161329e-12)
(-1.5048332e-05 -1.7060376e-05 1.043446e-12)
(-1.152617e-05 -1.6571791e-05 8.4645416e-13)
(-8.1044982e-06 -1.6667715e-05 6.5057384e-13)
(-4.783911e-06 -1.4493167e-05 3.3602089e-13)
(-1.5630364e-06 -1.5479451e-05 1.9781984e-13)
(-8.6141517e-05 -9.0299068e-06 -8.9636594e-12)
(-8.3847773e-05 -1.0416602e-05 -6.199642e-12)
(-8.1243843e-05 -1.1692246e-05 -4.0033182e-12)
(-7.8360521e-05 -1.2849891e-05 -2.2873011e-12)
(-7.5230161e-05 -1.3871085e-05 -9.8092692e-13)
(-7.1885933e-05 -1.4759238e-05 -1.2372875e-14)
(-6.8361066e-05 -1.5530302e-05 6.8364055e-13)
(-6.4688166e-05 -1.617682e-05 1.162946e-12)
(-6.0898644e-05 -1.6696381e-05 1.4750271e-12)
(-5.7022254e-05 -1.7098813e-05 1.6609238e-12)
(-5.3086672e-05 -1.7391034e-05 1.7537116e-12)
(-4.911717e-05 -1.7581338e-05 1.7798548e-12)
(-4.5136456e-05 -1.7678628e-05 1.7593774e-12)
(-4.1164616e-05 -1.7691928e-05 1.7066496e-12)
(-3.7219128e-05 -1.7630324e-05 1.631711e-12)
(-3.331495e-05 -1.7502285e-05 1.5411273e-12)
(-2.9464668e-05 -1.7315975e-05 1.4389116e-12)
(-2.5678681e-05 -1.7078236e-05 1.3265593e-12)
(-2.1965493e-05 -1.6795277e-05 1.2037396e-12)
(-1.8332048e-05 -1.6475315e-05 1.0691422e-12)
(-1.478415e-05 -1.612769e-05 9.1968137e-13)
(-1.1327072e-05 -1.5666931e-05 7.4716451e-13)
(-7.9658565e-06 -1.5789221e-05 5.7573489e-13)
(-4.7046675e-06 -1.386759e-05 2.9548585e-13)
(-1.5400873e-06 -1.4643033e-05 1.7450226e-13)
(-8.3205801e-05 -8.2062336e-06 -9.3879605e-12)
(-8.1047433e-05 -9.4775903e-06 -6.6885121e-12)
(-7.8593093e-05 -1.0646971e-05 -4.5287407e-12)
(-7.5870288e-05 -1.1709143e-05 -2.8297174e-12)
(-7.2908038e-05 -1.2658945e-05 -1.521713e-12)
(-6.9736265e-05 -1.3494137e-05 -5.3895853e-13)
(-6.6385175e-05 -1.4216876e-05 1.7902783e-13)
(-6.2884772e-05 -1.4830912e-05 6.8570888e-13)
(-5.9264066e-05 -1.5335984e-05 1.0281971e-12)
(-5.5550775e-05 -1.5731673e-05 1.2458588e-12)
(-5.177098e-05 -1.6026112e-05 1.3707425e-12)
(-4.794878e-05 -1.6226824e-05 1.4285116e-12)
(-4.4106073e-05 -1.6341419e-05 1.4384866e-12)
(-4.0262488e-05 -1.6377446e-05 1.4146977e-12)
(-3.643542e-05 -1.6342323e-05 1.3670918e-12)
(-3.264004e-05 -1.6243471e-05 1.3023622e-12)
(-2.8889379e-05 -1.6088193e-05 1.2246253e-12)
(-2.5194481e-05 -1.5882652e-05 1.1356809e-12)
(-2.1564613e-05 -1.5632349e-05 1.0357171e-12)
(-1.8007512e-05 -1.534432e-05 9.2387934e-13)
(-1.4529677e-05 -1.5023844e-05 7.9728856e-13)
(-1.1136687e-05 -1.4569288e-05 6.4914828e-13)
(-7.8337448e-06 -1.4740975e-05 5.0262842e-13)
(-4.6254984e-06 -1.3105681e-05 2.568817e-13)
(-1.5105595e-06 -1.3630377e-05 1.5245719e-13)
(-8.0547849e-05 -7.3739705e-06 -9.8098633e-12)
(-7.8507134e-05 -8.5161072e-06 -7.1692995e-12)
(-7.6183123e-05 -9.5727397e-06 -5.0406101e-12)
(-7.3600575e-05 -1.0542003e-05 -3.3515265e-12)
(-7.0785721e-05 -1.1414612e-05 -2.0387209e-12)
(-6.7765763e-05 -1.2187869e-05 -1.041205e-12)
(-6.4568379e-05 -1.2849518e-05 -3.0234556e-13)
(-6.1221206e-05 -1.3421453e-05 2.2961623e-13)
(-5.7751196e-05 -1.390372e-05 5.9980091e-13)
(-5.4184257e-05 -1.428024e-05 8.4629966e-13)
(-5.0544999e-05 -1.4566492e-05 1.000452e-12)
(-4.6856428e-05 -1.4767836e-05 1.0870815e-12)
(-4.3139678e-05 -1.4890515e-05 1.1251671e-12)
(-3.9413898e-05 -1.4940984e-05 1.1285006e-12)
(-3.5696267e-05 -1.492546e-05 1.1067826e-12)
(-3.2001996e-05 -1.485053e-05 1.0667125e-12)
(-2.8344415e-05 -1.4722699e-05 1.0124961e-12)
(-2.4735092e-05 -1.4547466e-05 9.4623954e-13)
(-2.1183951e-05 -1.4329779e-05 8.685886e-13)
(-1.7699395e-05 -1.4076331e-05 7.7910125e-13)
(-1.4288478e-05 -1.3794813e-05 6.7533855e-13)
(-1.0957024e-05 -1.3365185e-05 5.5171539e-13)
(-7.7097352e-06 -1.3531153e-05 4.2992534e-13)
(-4.5484042e-06 -1.21074e-05 2.1846156e-13)
(-1.4772355e-06 -1.2530472e-05 1.3014893e-13)
(-7.817234e-05 -6.5209125e-06 -1.0232115e-11)
(-7.6233106e-05 -7.5392393e-06 -7.6396876e-12)
(-7.4021737e-05 -8.4832351e-06 -5.5377993e-12)
(-7.1560747e-05 -9.3519839e-06 -3.8586334e-12)
(-6.8874087e-05 -1.0137002e-05 -2.5422951e-12)
(-6.5986678e-05 -1.0834437e-05 -1.5314693e-12)
(-6.2924033e-05 -1.1441045e-05 -7.7276386e-13)
(-5.9711718e-05 -1.1962505e-05 -2.1735488e-13)
(-5.6374929e-05 -1.240049e-05 1.7844273e-13)
(-5.2938009e-05 -1.2752142e-05 4.5218988e-13)
(-4.9424181e-05 -1.3022366e-05 6.3425007e-13)
(-4.5855352e-05 -1.3216907e-05 7.4864255e-13)
(-4.2251921e-05 -1.3341297e-05 8.1384184e-13)
(-3.8632609e-05 -1.3400237e-05 8.4331325e-13)
(-3.5014307e-05 -1.339838e-05 8.4659835e-13)
(-3.1412164e-05 -1.3341794e-05 8.3039717e-13)
(-2.783967e-05 -1.3237302e-05 7.9907451e-13)
(-2.4308731e-05 -1.3091192e-05 7.5505112e-13)
(-2.0829735e-05 -1.2906141e-05 6.9934643e-13)
(-1.7411609e-05 -1.2686106e-05 6.3192303e-13)
(-1.4061905e-05 -1.2438437e-05 5.5097728e-13)
(-1.0786878e-05 -1.2080267e-05 4.5197286e-13)
(-7.5915292e-06 -1.2195637e-05 3.5489379e-13)
(-4.4771513e-06 -1.0899613e-05 1.7802845e-13)
(-1.4502729e-06 -1.1312885e-05 1.0779292e-13)
(-7.6083519e-05 -5.6611134e-06 -1.0636824e-11)
(-7.4230879e-05 -6.5497345e-06 -8.085079e-12)
(-7.2115851e-05 -7.3769588e-06 -6.0074938e-12)
(-6.9759128e-05 -8.1387667e-06 -4.3407037e-12)
(-6.7182813e-05 -8.8290935e-06 -3.026185e-12)
(-6.4409985e-05 -9.4448125e-06 -2.0079874e-12)
(-6.1464247e-05 -9.9852226e-06 -1.2346169e-12)
(-5.8369337e-05 -1.0448659e-05 -6.5938497e-13)
(-5.5148851e-05 -1.0839462e-05 -2.4025192e-13)
(-5.1825779e-05 -1.1158335e-05 5.9011391e-14)
(-4.8422099e-05 -1.1404005e-05 2.6769463e-13)
(-4.495866e-05 -1.158363e-05 4.0882168e-13)
(-4.1455116e-05 -1.1704611e-05 5.0014718e-13)
(-3.7929762e-05 -1.1767567e-05 5.548504e-13)
(-3.4399309e-05 -1.1773269e-05 5.823826e-13)
(-3.0878909e-05 -1.1729119e-05 5.8941061e-13)
(-2.7382157e-05 -1.1642624e-05 5.8042384e-13)
(-2.3921129e-05 -1.1522461e-05 5.5819326e-13)
(-2.0506469e-05 -1.1368559e-05 5.2413381e-13)
(-1.7147517e-05 -1.1179426e-05 4.7858907e-13)
(-1.3852301e-05 -1.0968424e-05 4.2048872e-13)
(-1.0627594e-05 -1.0664962e-05 3.4614791e-13)
(-7.4795746e-06 -1.0736533e-05 2.7373038e-13)
(-4.4128258e-06 -9.574607e-06 1.3213722e-13)
(-1.4315022e-06 -9.9731705e-06 8.2007997e-14)
(-7.4286698e-05 -4.7903012e-06 -1.0985221e-11)
(-7.2507008e-05 -5.5451784e-06 -8.4666966e-12)
(-7.0473416e-05 -6.2500299e-06 -6.415523e-12)
(-6.8205073e-05 -6.9003328e-06 -4.7677245e-12)
(-6.5722489e-05 -7.4918263e-06 -3.4643406e-12)
(-6.3047189e-05 -8.021143e-06 -2.4491441e-12)
(-6.0201121e-05 -8.4859449e-06 -1.6707814e-12)
(-5.7206387e-05 -8.8857442e-06 -1.0834738e-12)
(-5.4085055e-05 -9.2269493e-06 -6.4676419e-13)
(-5.0858917e-05 -9.5077727e-06 -3.2629692e-13)
(-4.7549036e-05 -9.7216578e-06 -9.4271087e-14)
(-4.4175537e-05 -9.8761115e-06 7.1000012e-14)
(-4.0757457e-05 -9.9867188e-06 1.8624115e-13)
(-3.7312634e-05 -1.0047942e-05 2.6423384e-13)
(-3.3857679e-05 -1.0055525e-05 3.1446604e-13)
(-3.0407769e-05 -1.0022575e-05 3.4362672e-13)
(-2.6976581e-05 -9.9532567e-06 3.5618887e-13)
(-2.3576326e-05 -9.8468655e-06 3.5508534e-13)
(-2.0217858e-05 -9.7109731e-06 3.4208884e-13)
(-1.6910817e-05 -9.5545325e-06 3.1807708e-13)
(-1.3663695e-05 -9.3815042e-06 2.8261823e-13)
(-1.0484003e-05 -9.1242749e-06 2.3291064e-13)
(-7.3789272e-06 -9.1707228e-06 1.8519862e-13)
(-4.3556306e-06 -8.1737691e-06 7.9709341e-14)
(-1.4162331e-06 -8.5264093e-06 5.2133119e-14)
(-7.2791145e-05 -3.9054694e-06 -1.1175714e-11)
(-7.1071726e-05 -4.5240935e-06 -8.6953909e-12)
(-6.9105466e-05 -5.1025364e-06 -6.6861776e-12)
(-6.6910153e-05 -5.6364008e-06 -5.0769606e-12)
(-6.4504824e-05 -6.1265533e-06 -3.8041266e-12)
(-6.1909504e-05 -6.5685637e-06 -2.8100096e-12)
(-5.9144844e-05 -6.952856e-06 -2.0428845e-12)
(-5.6231807e-05 -7.2786303e-06 -1.4572872e-12)
(-5.3191378e-05 -7.5621459e-06 -1.0140771e-12)
(-5.0044357e-05 -7.8012075e-06 -6.8110854e-13)
(-4.6811201e-05 -7.980627e-06 -4.3278882e-13)
(-4.3511625e-05 -8.1075025e-06 -2.4905999e-13)
(-4.0164274e-05 -8.1839788e-06 -1.1430722e-13)
(-3.6786617e-05 -8.2227449e-06 -1.6347866e-14)
(-3.3394982e-05 -8.2351792e-06 5.3929693e-14)
(-3.0004401e-05 -8.2149517e-06 1.0296608e-13)
(-2.662855e-05 -8.1624087e-06 1.3521586e-13)
(-2.3279784e-05 -8.0798678e-06 1.5372048e-13)
(-1.996919e-05 -7.9724535e-06 1.6047272e-13)
(-1.6706666e-05 -7.8449941e-06 1.5669989e-13)
(-1.3501116e-05 -7.7026477e-06 1.4261765e-13)
(-1.0360759e-05 -7.4948921e-06 1.1659096e-13)
(-7.2935882e-06 -7.5259329e-06 9.261773e-14)
(-4.3065785e-06 -6.7046488e-06 2.2855025e-14)
(-1.4021248e-06 -6.9982379e-06 1.9163711e-14)
(-7.1608419e-05 -3.0105211e-06 -1.1011773e-11)
(-6.9936181e-05 -3.494422e-06 -8.6106245e-12)
(-6.8022186e-05 -3.9461027e-06 -6.6886756e-12)
(-6.5883196e-05 -4.359258e-06 -5.1611637e-12)
(-6.3537167e-05 -4.7429072e-06 -3.9559549e-12)
(-6.1003007e-05 -5.0944088e-06 -3.0139314e-12)
(-5.8300556e-05 -5.3983481e-06 -2.28402e-12)
(-5.5450207e-05 -5.6502477e-06 -1.7215425e-12)
(-5.2472407e-05 -5.8467855e-06 -1.2897967e-12)
(-4.9387343e-05 -6.0041592e-06 -9.5953169e-13)
(-4.6214849e-05 -6.140167e-06 -7.0760877e-13)
(-4.2974111e-05 -6.2458438e-06 -5.1585145e-13)
(-3.9683402e-05 -6.3128233e-06 -3.6996844e-13)
(-3.6359905e-05 -6.3483343e-06 -2.5887548e-13)
(-3.3019564e-05 -6.3589373e-06 -1.7429928e-13)
(-2.9677144e-05 -6.3444546e-06 -1.1025898e-13)
(-2.6346255e-05 -6.3057033e-06 -6.25136e-14)
(-2.3039339e-05 -6.2447316e-06 -2.8086986e-14)
(-1.9767679e-05 -6.1640577e-06 -4.9065644e-15)
(-1.6541454e-05 -6.0666571e-06 8.4974004e-15)
(-1.336994e-05 -5.9556072e-06 1.2844075e-14)
(-1.0261812e-05 -5.798466e-06 7.5994726e-15)
(-7.2254357e-06 -5.8193934e-06 4.4642633e-15)
(-4.2672008e-06 -5.1789985e-06 -3.218567e-14)
(-1.3901446e-06 -5.4117506e-06 -1.3586164e-14)
(-7.0734451e-05 -2.1197686e-06 -1.019929e-11)
(-6.9095185e-05 -2.4701597e-06 -7.9807526e-12)
(-6.721753e-05 -2.7977298e-06 -6.2369055e-12)
(-6.5117732e-05 -3.1012517e-06 -4.8669174e-12)
(-6.2813293e-05 -3.3558128e-06 -3.7923079e-12)
(-6.0322803e-05 -3.5635888e-06 -2.9532417e-12)
(-5.7665602e-05 -3.7542132e-06 -2.3006098e-12)
(-5.4861493e-05 -3.9294786e-06 -1.793695e-12)
(-5.1930419e-05 -4.0770688e-06 -1.400554e-12)
(-4.8892125e-05 -4.1944351e-06 -1.0960805e-12)
(-4.5765776e-05 -4.2906134e-06 -8.6009837e-13)
(-4.2569884e-05 -4.3651178e-06 -6.7663401e-13)
(-3.9322257e-05 -4.4154793e-06 -5.3331692e-13)
(-3.6039783e-05 -4.4435836e-06 -4.2071873e-13)
(-3.2738212e-05 -4.4516933e-06 -3.3181919e-13)
(-2.9432189e-05 -4.4416078e-06 -2.6144781e-13)
(-2.6135285e-05 -4.4147679e-06 -2.0585716e-13)
(-2.2859984e-05 -4.3726089e-06 -1.6235011e-13)
(-1.9617706e-05 -4.3164458e-06 -1.2896214e-13)
(-1.6418882e-05 -4.2481489e-06 -1.0417142e-13)
(-1.327307e-05 -4.1702134e-06 -8.6899149e-14)
(-1.018913e-05 -4.0605542e-06 -7.7030095e-14)
(-7.1754357e-06 -4.0776063e-06 -6.5059507e-14)
(-4.238013e-06 -3.6243063e-06 -7.4713945e-14)
(-1.3805281e-06 -3.7928008e-06 -4.0233988e-14)
(-7.0204278e-05 -1.2533872e-06 -8.3526666e-12)
(-6.8584508e-05 -1.4412195e-06 -6.5157573e-12)
(-6.6729031e-05 -1.605718e-06 -5.1048848e-12)
(-6.4653757e-05 -1.7561362e-06 -4.012149e-12)
(-6.2375891e-05 -1.8965765e-06 -3.1612351e-12)
(-5.9913859e-05 -2.0261167e-06 -2.4978108e-12)
(-5.7286497e-05 -2.1410705e-06 -1.9804867e-12)
(-5.451289e-05 -2.2438535e-06 -1.5769857e-12)
(-5.1612331e-05 -2.3320918e-06 -1.2622341e-12)
(-4.8604083e-05 -2.4038799e-06 -1.0163636e-12)
(-4.5506922e-05 -2.4604726e-06 -8.2347334e-13)
(-4.2339007e-05 -2.5031569e-06 -6.7114471e-13)
(-3.9117839e-05 -2.5325208e-06 -5.4991207e-13)
(-3.58601e-05 -2.5490823e-06 -4.5266303e-13)
(-3.2581541e-05 -2.5536359e-06 -3.7413964e-13)
(-2.9296859e-05 -2.5474001e-06 -3.1038107e-13)
(-2.6019678e-05 -2.5314502e-06 -2.5845233e-13)
(-2.2762554e-05 -2.5066564e-06 -2.1619759e-13)
(-1.9537029e-05 -2.473644e-06 -1.8200661e-13)
(-1.6353698e-05 -2.4333841e-06 -1.5456641e-13)
(-1.3222253e-05 -2.3882473e-06 -1.3273866e-13)
(-1.0151537e-05 -2.321014e-06 -1.1621781e-13)
(-7.1496629e-06 -2.3379598e-06 -9.801727e-14)
(-4.2224362e-06 -2.0763016e-06 -9.1055823e-14)
(-1.3742767e-06 -2.1737932e-06 -5.3076446e-14)
(-6.9932399e-05 -3.3976038e-07 -5.0068229e-12)
(-6.8324058e-05 -3.8548484e-07 -3.8809499e-12)
(-6.6482484e-05 -4.3597298e-07 -3.037918e-12)
(-6.4423022e-05 -4.8045923e-07 -2.3951269e-12)
(-6.2162269e-05 -5.219854e-07 -1.8985042e-12)
(-5.9717581e-05 -5.6120553e-07 -1.5127769e-12)
(-5.71073e-05 -5.9557467e-07 -1.212269e-12)
(-5.4350346e-05 -6.2488242e-07 -9.7773048e-13)
(-5.1465771e-05 -6.4954327e-07 -7.9423103e-13)
(-4.8472498e-05 -6.6949029e-07 -6.5000484e-13)
(-4.5389296e-05 -6.8455534e-07 -5.3584539e-13)
(-4.2234466e-05 -6.9522565e-07 -4.447038e-13)
(-3.902552e-05 -7.0206651e-07 -3.7125782e-13)
(-3.5779104e-05 -7.0527288e-07 -3.1155325e-13)
(-3.2510983e-05 -7.0505596e-07 -2.6270516e-13)
(-2.9235925e-05 -7.0177958e-07 -2.2247745e-13)
(-2.5967628e-05 -6.9580705e-07 -1.891732e-13)
(-2.2718733e-05 -6.8741517e-07 -1.6153153e-13)
(-1.950087e-05 -6.7674093e-07 -1.3860011e-13)
(-1.6324704e-05 -6.6409974e-07 -1.1958934e-13)
(-1.3199943e-05 -6.507769e-07 -1.0376673e-13)
(-1.0135297e-05 -6.294288e-07 -9.0830221e-14)
(-7.1386112e-06 -6.3839708e-07 -7.7320852e-14)
(-4.2155393e-06 -5.446974e-07 -6.7659157e-14)
(-1.3711761e-06 -5.8570587e-07 -4.3124248e-14)
)
;

boundaryField
{
    Walls
    {
        type            noSlip;
    }
    Inlet
    {
        type            pressureInletVelocity;
        value           nonuniform List<vector> 3((1.4538075 -0 -0) (1.4650452 -0 -0) (1.5944336 -0 -0));
    }
    Outlet
    {
        type            pressureInletOutletVelocity;
        value           nonuniform List<vector> 
86
(
(-7.3754889e-05 0 0)
(-7.3758108e-05 0 0)
(-7.3223433e-05 0 0)
(-7.2395483e-05 0 0)
(-7.1294041e-05 0 0)
(-6.9932399e-05 0 0)
(-6.8324058e-05 4.7409339e-19 8.3580215e-19)
(-6.6482484e-05 -4.613149e-19 7.0483776e-19)
(-6.4423022e-05 0 0)
(-6.2162269e-05 0 0)
(-5.9717581e-05 0 0)
(-5.71073e-05 0 0)
(-5.4350346e-05 -3.7713128e-19 -3.4572874e-19)
(-5.1465771e-05 3.5711553e-19 -3.0312929e-19)
(-4.8472498e-05 0 0)
(-4.5389296e-05 0 0)
(-4.2234466e-05 0 0)
(-3.902552e-05 0 0)
(-3.5779104e-05 0 0)
(-3.2510983e-05 0 0)
(-2.9235925e-05 0 0)
(-2.5967628e-05 0 0)
(-2.2718733e-05 0 0)
(-1.950087e-05 0 0)
(-1.6324704e-05 0 0)
(-1.3199943e-05 0 0)
(-1.0135297e-05 0 0)
(-7.1386112e-06 9.9068131e-20 0)
(-4.2155393e-06 -5.850236e-20 0)
(-1.3711761e-06 0 0)
(-3.1298659e-06 0.10047653 -2.5905909e-07)
(9.3347339e-05 0.070376991 -2.403419e-07)
(2.915248e-05 0.022089338 -1.8842643e-07)
(0 -0.0060169916 0)
(0 -0.011303828 0)
(0 -0.0062649949 0)
(0 -0.0017383241 0)
(0 -1.0016604e-05 0)
(-2.1168087e-06 0.0002189331 -3.2497119e-08)
(-2.0819763e-06 2.140974e-05 -2.3916988e-08)
(0 -0.0001312662 0)
(0 -0.00014886481 0)
(0 -0.0001016423 0)
(0 -4.4342603e-05 0)
(0 -1.5043095e-06 0)
(5.6475303e-07 2.0845067e-05 -9.5995883e-10)
(4.6039644e-07 2.8531475e-05 -5.4734502e-10)
(3.2546937e-07 2.9350285e-05 -2.9479685e-10)
(1.4814814e-07 2.8360723e-05 -1.5351859e-10)
(-1.0608969e-07 2.6159579e-05 -7.717578e-11)
(-3.9703639e-07 2.3532331e-05 -3.7680338e-11)
(-6.7124871e-07 1.9964301e-05 -1.7754444e-11)
(-8.9003398e-07 1.6038085e-05 -8.0510836e-12)
(-1.0664548e-06 1.1468338e-05 -3.3617739e-12)
(-1.2477836e-06 6.9555045e-06 -1.1848353e-12)
(-1.3863754e-06 2.5542379e-06 -1.9042245e-13)
(0 -1.371224e-06 0)
(0 -4.8221761e-06 0)
(0 -7.8817051e-06 0)
(0 -1.0367514e-05 0)
(0 -1.2337111e-05 0)
(0 -1.4157079e-05 0)
(0 -1.5394644e-05 0)
(0 -1.6158275e-05 0)
(0 -1.6566314e-05 0)
(0 -1.6671466e-05 0)
(0 -1.6513284e-05 0)
(0 -1.611625e-05 0)
(0 -1.5479451e-05 0)
(0 -1.4643033e-05 0)
(0 -1.3630377e-05 0)
(0 -1.2530472e-05 0)
(0 -1.1312885e-05 0)
(0 -9.9731705e-06 0)
(0 -8.5264093e-06 0)
(0 -6.9982379e-06 0)
(0 -5.4117506e-06 0)
(0 -3.7928008e-06 0)
(0 -2.1737932e-06 0)
(0 -5.8570587e-07 0)
(0 -0.0010629479 0)
(0 -0.0048781705 0)
(0 -0.010236467 0)
(0 -0.00658865 0)
(-2.2166385e-05 0.019073265 -1.9264082e-07)
(-9.2794095e-05 0.0670869 -2.4312728e-07)
)
;
    }
    Front
    {
        type            wedge;
    }
    Back
    {
        type            wedge;
    }
    defaultFaces
    {
        type            empty;
    }
}


// ************************************************************************* //
