/*--------------------------------*- C++ -*----------------------------------*\
| =========                 |                                                 |
| \\      /  F ield         | OpenFOAM: The Open Source CFD Toolbox           |
|  \\    /   O peration     | Version:  4.0                                   |
|   \\  /    A nd           | Web:      www.OpenFOAM.org                      |
|    \\/     M anipulation  |                                                 |
\*---------------------------------------------------------------------------*/
FoamFile
{
    version     2.0;
    format      ascii;
    class       volVectorField;
    location    "0.32";
    object      U;
}
// * * * * * * * * * * * * * * * * * * * * * * * * * * * * * * * * * * * * * //

dimensions      [0 1 -1 0 0 0 0];

internalField   nonuniform List<vector> 
1740
(
(1.4408997 -0.0042239096 5.0228e-06)
(1.565227 -0.011630402 7.8652749e-07)
(1.5776186 -0.0056270686 3.2223043e-08)
(1.4744788 -0.023726725 8.7521985e-06)
(1.6408878 -0.039185242 1.7187483e-06)
(1.5847607 -0.022054355 3.1468572e-07)
(1.5765679 -0.024215595 1.1754678e-05)
(1.5624349 -0.044258487 2.71327e-06)
(1.4942856 -0.022537009 4.6021593e-07)
(1.6671496 0.0053656435 1.3523461e-05)
(1.6077294 -0.01034241 3.4986354e-06)
(1.5047136 -0.012167498 5.8074994e-07)
(1.5827906 0.014392799 1.5557739e-05)
(1.7034783 0.025003555 4.3574892e-06)
(1.5077085 0.0079724734 7.8781163e-07)
(1.5038949 -0.0027945364 1.6491909e-05)
(1.6050012 0.018953573 5.1814518e-06)
(1.5175712 0.0088754617 9.7165955e-07)
(1.5802628 -0.0019288753 1.7201028e-05)
(1.616785 0.010221596 5.731853e-06)
(1.5146792 0.0031557506 1.1454928e-06)
(1.5803938 -0.0092832104 1.7810212e-05)
(1.5962923 0.0080253462 6.5564501e-06)
(1.5801447 0.0067661557 1.3337091e-06)
(1.6006321 -0.0098033896 1.8339541e-05)
(1.4888833 -0.016408106 7.0927487e-06)
(1.5628858 -0.011587312 1.559898e-06)
(1.5916358 0.023349647 1.8902998e-05)
(1.5932581 -0.019829948 7.6406912e-06)
(1.4819767 -0.023153617 1.7423527e-06)
(1.484987 0.0019830813 1.9353537e-05)
(1.7177261 0.0030947567 8.3063869e-06)
(1.5066424 -0.0018250011 1.9329251e-06)
(1.6081242 -0.02060189 1.9855938e-05)
(1.6273335 0.015740892 8.9341809e-06)
(1.5300394 0.018143276 2.1338803e-06)
(1.6133278 0.0038973905 2.0048806e-05)
(1.5267098 0.010475331 9.4581182e-06)
(1.5515584 0.0060166247 2.3351194e-06)
(1.5007319 0.0078706659 2.0272936e-05)
(1.5969003 0.0035518966 9.9090497e-06)
(1.5159735 -0.00046363588 2.5289444e-06)
(1.5799881 -0.024290007 2.0627698e-05)
(1.5767858 -0.0019105412 1.0542605e-05)
(1.5755888 0.0082395013 2.6984639e-06)
(1.706556 -0.01403225 2.0825129e-05)
(1.486952 -0.00012583163 1.0909676e-05)
(1.5895206 0.0031033594 2.9499894e-06)
(1.6046264 0.016133231 2.0790347e-05)
(1.5110939 0.009000056 1.1414529e-05)
(1.5048946 -0.0024389665 3.1291033e-06)
(1.5847851 0.012292405 2.0922319e-05)
(1.5822113 0.010033165 1.1782598e-05)
(1.6030748 0.0038516204 3.2414523e-06)
(1.5763564 -0.00025074153 2.1476374e-05)
(1.5857506 0.0019235565 1.233927e-05)
(1.598684 -0.002460204 3.5105117e-06)
(1.4935867 -0.010892718 2.1943717e-05)
(1.5210385 -0.023792594 1.2743702e-05)
(1.5096828 -0.010419574 3.64836e-06)
(1.5868762 0.00045396962 2.2140249e-05)
(1.6011302 -0.015675286 1.3026559e-05)
(1.4894558 -0.007563327 3.797883e-06)
(1.5437696 0.0099458008 2.2329983e-05)
(1.6633363 0.0077034546 1.3356201e-05)
(1.5418732 -0.00093846385 3.9915692e-06)
(1.5172382 -0.012256298 2.1977892e-05)
(1.6494872 -0.0037219086 1.3680432e-05)
(1.5249288 0.0047548967 4.1522507e-06)
(1.6544529 -0.0099587983 2.1947765e-05)
(1.5582943 0.011927703 1.400447e-05)
(1.5248297 0.010718589 4.2958665e-06)
(1.5901737 0.0121095 2.2261369e-05)
(1.5027764 0.011977848 1.4254236e-05)
(1.5652999 0.0030202956 4.4785603e-06)
(1.5268885 0.0095531037 2.2341016e-05)
(1.5252015 -0.010985807 1.4520367e-05)
(1.5183286 -0.0099568937 4.6070198e-06)
(1.5900414 -0.0032239438 2.260461e-05)
(1.5959569 -0.0082413839 1.4819301e-05)
(1.5197211 -0.0049863183 4.729608e-06)
(1.5535966 -0.0037759779 2.3136028e-05)
(1.5493316 0.013309932 1.5199937e-05)
(1.5106273 0.012668835 4.8853028e-06)
(1.4507541 0.00037420463 2.2936547e-05)
(1.4009057 0.011019186 1.5292654e-05)
(1.5408074 0.0047446245 4.8421373e-06)
(1.3168948 0.039878291 2.4071429e-05)
(1.2711631 0.08950413 1.5821283e-05)
(1.4036786 0.055590259 5.622968e-06)
(0.82460251 0.37192468 1.182114e-05)
(0.79654021 0.92872457 9.9806398e-06)
(0.74147155 1.2483737 5.4519538e-06)
(0.21646432 0.10937654 1.5012629e-06)
(0.18215266 0.36084513 3.0379244e-06)
(0.091753776 0.49523537 6.7265829e-07)
(-0.029643511 -0.014370272 1.2292757e-06)
(-0.02727721 -0.029651203 1.6811205e-06)
(-0.017314398 -0.034178706 5.9070208e-07)
(-0.0057472844 -0.0030422152 4.5949819e-07)
(-0.0054574696 -0.0076942124 7.4682235e-07)
(-0.0043783911 -0.01019502 3.5379267e-07)
(0.00048806539 -0.00025243277 1.2388295e-07)
(0.00048772242 -0.00063545964 2.5487667e-07)
(0.00041173482 -0.0010479328 1.2747985e-07)
(0.00088428011 1.977427e-05 2.778708e-08)
(0.00092084581 6.8860198e-05 6.5653775e-08)
(0.00092798952 8.8377401e-05 1.2062105e-08)
(0.00076723503 4.462062e-05 -1.0022392e-09)
(0.00079598485 0.00012537314 -1.5790113e-09)
(0.00082004239 0.00022314506 -3.351723e-08)
(0.00061234678 5.5171095e-05 -9.936192e-09)
(0.00062054453 0.00015446967 -2.2873423e-08)
(0.00062569418 0.00026170672 -4.5742057e-08)
(0.00048761965 4.0878412e-05 -1.0306804e-08)
(0.00048510365 0.00010403647 -2.4800307e-08)
(0.00046832533 0.00016560605 -4.2069847e-08)
(0.00038667692 2.2926802e-05 -7.7015203e-09)
(0.00038251341 5.8883009e-05 -1.9669159e-08)
(0.00036714343 8.93887e-05 -3.2635815e-08)
(0.00032205137 9.8558674e-06 -4.9552615e-09)
(0.00031803884 2.4021594e-05 -1.3537894e-08)
(0.00030551952 3.6848933e-05 -2.2872625e-08)
(0.00028250417 6.1010079e-06 -3.0065556e-09)
(0.0002789835 1.446663e-05 -8.6841274e-09)
(0.00026889269 2.1394065e-05 -1.5046118e-08)
(0.00025479145 6.8185034e-06 -1.9195595e-09)
(0.00025175274 1.5170703e-05 -5.4827537e-09)
(0.00024324503 2.1140726e-05 -9.5377222e-09)
(0.00023158896 7.2962504e-06 -1.315092e-09)
(0.00022898648 1.8086132e-05 -3.485446e-09)
(0.00022170767 2.7443653e-05 -5.9170343e-09)
(0.00020939154 7.7495244e-06 -9.3207151e-10)
(0.00020716955 1.8785663e-05 -2.2155036e-09)
(0.00020099642 3.0287892e-05 -3.5959309e-09)
(0.00018788447 7.3186311e-06 -6.3935537e-10)
(0.00018598927 1.7764616e-05 -1.3748162e-09)
(0.00018070206 2.8894129e-05 -2.1224677e-09)
(0.00016785249 6.4904586e-06 -4.1516438e-10)
(0.00016624853 1.588385e-05 -8.1641145e-10)
(0.00016171687 2.5432889e-05 -1.2047732e-09)
(0.00014970604 5.6874717e-06 -2.5991951e-10)
(0.00014836567 1.3859539e-05 -4.6159478e-10)
(0.000144511 2.200826e-05 -6.5268366e-10)
(0.00013341485 5.0147255e-06 -1.6290976e-10)
(0.00013230832 1.2162962e-05 -2.5264822e-10)
(0.00012904841 1.9256725e-05 -3.3649042e-10)
(0.00011876539 4.486817e-06 -1.0779276e-10)
(0.00011785503 1.086712e-05 -1.3994542e-10)
(0.0001151019 1.7248844e-05 -1.6784831e-10)
(0.00010552331 4.0736363e-06 -7.9211031e-11)
(0.00010477258 9.8676621e-06 -8.5403676e-11)
(0.00010244394 1.5725141e-05 -8.571688e-11)
(9.3502763e-05 3.7126478e-06 -6.4368592e-11)
(9.2879671e-05 8.9949277e-06 -6.1477908e-11)
(9.0901971e-05 1.4361562e-05 -4.9154746e-11)
(8.2576118e-05 3.3771336e-06 -5.5845785e-11)
(8.2053382e-05 8.1816067e-06 -5.146765e-11)
(8.0361051e-05 1.3080864e-05 -3.4400743e-11)
(7.2659267e-05 3.0663794e-06 -5.055822e-11)
(7.2215298e-05 7.4315683e-06 -4.7185921e-11)
(7.0755114e-05 1.1903891e-05 -2.9110039e-11)
(6.3694412e-05 2.7710119e-06 -4.6706166e-11)
(6.3314457e-05 6.7193887e-06 -4.4576049e-11)
(6.2051604e-05 1.0771522e-05 -2.6987536e-11)
(5.5634596e-05 2.4887684e-06 -4.356068e-11)
(5.5307625e-05 6.0343629e-06 -4.2290298e-11)
(5.4217496e-05 9.678075e-06 -2.591775e-11)
(4.8436909e-05 2.2245362e-06 -4.1296999e-11)
(4.8155856e-05 5.37826e-06 -4.0558842e-11)
(4.7213396e-05 8.6219151e-06 -2.544648e-11)
(4.2052676e-05 1.9564673e-06 -3.8712015e-11)
(4.1808899e-05 4.7582492e-06 -3.8588262e-11)
(4.0991529e-05 7.6312058e-06 -2.4845465e-11)
(3.6432108e-05 1.707289e-06 -3.6436019e-11)
(3.6217577e-05 4.1651472e-06 -3.6196714e-11)
(3.5508159e-05 6.6832236e-06 -2.3700183e-11)
(3.1526537e-05 1.479348e-06 -3.4983321e-11)
(3.1338153e-05 3.6170251e-06 -3.4327558e-11)
(3.0720845e-05 5.8045975e-06 -2.2723716e-11)
(2.7280435e-05 1.2714845e-06 -3.4071717e-11)
(2.7114625e-05 3.1196153e-06 -3.3045845e-11)
(2.6575788e-05 5.0055599e-06 -2.228218e-11)
(2.363724e-05 1.0819649e-06 -3.34579e-11)
(2.3491107e-05 2.6663289e-06 -3.2097797e-11)
(2.3020489e-05 4.2777179e-06 -2.2080453e-11)
(2.0540488e-05 9.1006726e-07 -3.2960959e-11)
(2.0411359e-05 2.2538349e-06 -3.1245655e-11)
(1.9999275e-05 3.6142285e-06 -2.1902362e-11)
(1.7934461e-05 7.5628835e-07 -3.2564519e-11)
(1.7820008e-05 1.8837619e-06 -3.0470905e-11)
(1.7458072e-05 3.0184595e-06 -2.1738944e-11)
(1.576482e-05 6.20966e-07 -3.2283663e-11)
(1.5663082e-05 1.5575774e-06 -2.978334e-11)
(1.5344062e-05 2.4933437e-06 -2.1577776e-11)
(1.3979272e-05 5.0318701e-07 -3.2037094e-11)
(1.3888589e-05 1.2734097e-06 -2.9079791e-11)
(1.3606201e-05 2.0367451e-06 -2.1321324e-11)
(1.2528145e-05 4.0071301e-07 -3.1676281e-11)
(1.2447101e-05 1.0255331e-06 -2.8219082e-11)
(1.2195865e-05 1.6389095e-06 -2.0895333e-11)
(1.1364922e-05 3.1333931e-07 -3.1321839e-11)
(1.1292278e-05 8.1100422e-07 -2.7323544e-11)
(1.1067381e-05 1.2902806e-06 -2.0403622e-11)
(1.0446513e-05 2.4081144e-07 -3.1145238e-11)
(1.0381135e-05 6.3113616e-07 -2.6747779e-11)
(1.0178387e-05 1.0004924e-06 -2.0171564e-11)
(9.73347e-06 1.8045845e-07 -3.1012665e-11)
(9.6743689e-06 4.8322921e-07 -2.6383268e-11)
(9.4901487e-06 7.6416583e-07 -2.0117086e-11)
(9.1903029e-06 1.3134599e-07 -3.0901864e-11)
(9.1366248e-06 3.617616e-07 -2.6071578e-11)
(8.9677956e-06 5.7011472e-07 -2.0094957e-11)
(8.7856112e-06 9.2152742e-08 -3.081467e-11)
(8.7365749e-06 2.6328207e-07 -2.5800519e-11)
(8.5804382e-06 4.1234087e-07 -2.0081166e-11)
(8.4919852e-06 6.2546823e-08 -3.0850402e-11)
(8.446888e-06 1.878084e-07 -2.5688559e-11)
(8.3011294e-06 2.9166315e-07 -2.016352e-11)
(8.2857248e-06 4.1086588e-08 -3.0984518e-11)
(8.2439352e-06 1.3207591e-07 -2.5734111e-11)
(8.1065689e-06 2.0323925e-07 -2.0353093e-11)
(8.1459792e-06 2.6412463e-08 -3.1154338e-11)
(8.1069245e-06 9.3200823e-08 -2.5868263e-11)
(7.9762416e-06 1.4371294e-07 -2.0607568e-11)
(8.0530965e-06 1.6977352e-08 -3.1328926e-11)
(8.0162474e-06 6.63272e-08 -2.5982601e-11)
(7.8907886e-06 1.0244519e-07 -2.0742552e-11)
(7.9898738e-06 1.2630902e-08 -3.1503338e-11)
(7.9547508e-06 5.1372083e-08 -2.5962364e-11)
(7.8332727e-06 7.9848297e-08 -2.0584658e-11)
(7.9277822e-06 1.30179e-08 -3.1571996e-11)
(7.8938917e-06 4.6381824e-08 -2.5476233e-11)
(7.7754185e-06 7.0847444e-08 -1.9722591e-11)
(7.874267e-06 1.5693971e-08 -3.1056776e-11)
(7.8411341e-06 4.43077e-08 -2.3587898e-11)
(7.7246717e-06 6.3585454e-08 -1.731138e-11)
(7.7202666e-06 9.3452679e-09 -2.7874582e-11)
(7.6870254e-06 2.790663e-08 -1.7901963e-11)
(7.5724194e-06 4.6496942e-08 -1.1881418e-11)
(-0.044734471 1.952483 -3.6268789e-07)
(-0.032345068 1.6953191 -3.4578758e-06)
(-0.05998057 0.3414613 -2.7093767e-07)
(-0.042682731 0.15165429 -1.0202353e-06)
(-0.014357393 -0.040725628 -1.899585e-07)
(-0.011278836 -0.042635144 -6.0957751e-07)
(-0.0039675396 -0.012651517 -8.0418217e-08)
(-0.0040145104 -0.014182485 -3.731839e-07)
(5.395002e-05 -0.0017152464 -7.9885766e-08)
(-0.0004205519 -0.0025356418 -2.562674e-07)
(0.00086254799 5.1869231e-05 -9.0279193e-08)
(0.0006559508 -7.5268893e-05 -1.9247226e-07)
(0.00078695676 0.00031995877 -8.9483526e-08)
(0.00070002316 0.0003954036 -1.497721e-07)
(0.00059956182 0.00036014466 -7.9293681e-08)
(0.00054446902 0.00044412095 -1.1618092e-07)
(0.00044301566 0.00025063435 -6.3793661e-08)
(0.0004075532 0.00032975226 -8.7221726e-08)
(0.0003431053 0.00012538716 -4.7323811e-08)
(0.0003130118 0.0001630899 -6.2634801e-08)
(0.0002861112 4.8175938e-05 -3.2877879e-08)
(0.00026374665 5.8669912e-05 -4.2995775e-08)
(0.000254025 2.5134254e-05 -2.1699634e-08)
(0.0002367733 2.7393389e-05 -2.8290167e-08)
(0.00023116523 2.7441569e-05 -1.3761624e-08)
(0.00021723705 3.2446094e-05 -1.7908232e-08)
(0.00021155947 3.5433829e-05 -8.448493e-09)
(0.00019999233 4.3024465e-05 -1.0934909e-08)
(0.00019237919 3.9662421e-05 -5.0305998e-09)
(0.00018249505 4.8685527e-05 -6.4468757e-09)
(0.00017331904 3.9334414e-05 -2.8982893e-09)
(0.00016467373 4.7703859e-05 -3.6659798e-09)
(0.00015539593 3.5238833e-05 -1.6062179e-09)
(0.00014792312 4.3079907e-05 -2.0040801e-09)
(0.00013911786 3.0558613e-05 -8.5083538e-10)
(0.00013273486 3.7585993e-05 -1.0479061e-09)
(0.00012446936 2.6722688e-05 -4.2850569e-10)
(0.00011904151 3.294676e-05 -5.2125655e-10)
(0.00011121658 2.3786476e-05 -2.0525455e-10)
(0.00010658078 2.9458459e-05 -2.4532057e-10)
(9.9139578e-05 2.1538344e-05 -9.5400044e-11)
(9.5155844e-05 2.6841507e-05 -1.0899962e-10)
(8.8080434e-05 1.9626055e-05 -4.5381366e-11)
(8.4646172e-05 2.4618259e-05 -4.5910678e-11)
(7.7932455e-05 1.7881442e-05 -2.4694262e-11)
(7.4959666e-05 2.2579776e-05 -1.9201501e-11)
(6.864182e-05 1.6281587e-05 -1.7104751e-11)
(6.6025285e-05 2.0486585e-05 -9.1036671e-12)
(6.0213722e-05 1.472525e-05 -1.4657219e-11)
(5.7914572e-05 1.8492576e-05 -5.9974242e-12)
(5.2624487e-05 1.323894e-05 -1.4182038e-11)
(5.0655399e-05 1.660991e-05 -5.6175968e-12)
(4.5827168e-05 1.1822493e-05 -1.4359202e-11)
(4.4128723e-05 1.4866597e-05 -6.0868499e-12)
(3.9795784e-05 1.0480874e-05 -1.4453436e-11)
(3.8300346e-05 1.3227231e-05 -6.6284817e-12)
(3.4482655e-05 9.1792375e-06 -1.4176105e-11)
(3.3165026e-05 1.1590279e-05 -6.9551829e-12)
(2.9824228e-05 7.9482145e-06 -1.3919738e-11)
(2.8682602e-05 1.0025264e-05 -7.2649617e-12)
(2.5786117e-05 6.863741e-06 -1.4102268e-11)
(2.4796476e-05 8.6410102e-06 -7.8780061e-12)
(2.2330967e-05 5.8675217e-06 -1.4418444e-11)
(2.1456359e-05 7.3865136e-06 -8.5455894e-12)
(1.9395775e-05 4.9564415e-06 -1.4711226e-11)
(1.8626504e-05 6.2389624e-06 -9.1569182e-12)
(1.6928451e-05 4.137599e-06 -1.4980715e-11)
(1.625162e-05 5.2067775e-06 -9.714177e-12)
(1.4877787e-05 3.4163757e-06 -1.5205281e-11)
(1.4280892e-05 4.2994852e-06 -1.019928e-11)
(1.3194073e-05 2.7904332e-06 -1.5303852e-11)
(1.2665686e-05 3.5002162e-06 -1.0536791e-11)
(1.1829767e-05 2.2386128e-06 -1.5222675e-11)
(1.1359651e-05 2.8006234e-06 -1.0718032e-11)
(1.0740142e-05 1.7581732e-06 -1.5089915e-11)
(1.0319332e-05 2.2016397e-06 -1.0852674e-11)
(9.8837899e-06 1.3641563e-06 -1.5137326e-11)
(9.5044197e-06 1.7060884e-06 -1.1082562e-11)
(9.2228126e-06 1.0410112e-06 -1.5303013e-11)
(8.878056e-06 1.2991155e-06 -1.1397895e-11)
(8.7230705e-06 7.7468252e-07 -1.5485453e-11)
(8.4070215e-06 9.6454427e-07 -1.1726758e-11)
(8.3543145e-06 5.5806456e-07 -1.5663117e-11)
(8.0618728e-06 6.9320834e-07 -1.2045547e-11)
(8.090169e-06 3.9223398e-07 -1.5895739e-11)
(7.8169525e-06 4.8141138e-07 -1.237918e-11)
(7.907832e-06 2.7182799e-07 -1.619174e-11)
(7.6500952e-06 3.3162775e-07 -1.2750163e-11)
(7.787212e-06 1.9170856e-07 -1.6501657e-11)
(7.5417611e-06 2.3252597e-07 -1.3095715e-11)
(7.7093289e-06 1.36298e-07 -1.6635612e-11)
(7.4734491e-06 1.6465163e-07 -1.3249395e-11)
(7.6575726e-06 1.06827e-07 -1.6415256e-11)
(7.4289659e-06 1.2982505e-07 -1.3047843e-11)
(7.6040768e-06 9.4673237e-08 -1.5447589e-11)
(7.3809855e-06 1.1593624e-07 -1.2154574e-11)
(7.5562564e-06 8.3763534e-08 -1.3088039e-11)
(7.3368781e-06 1.0233914e-07 -1.0094077e-11)
(7.4069172e-06 6.6069102e-08 -8.4936221e-12)
(7.1913998e-06 8.5194362e-08 -6.3571322e-12)
(-0.0036081298 2.8410421e-05 -8.951749e-08)
(-0.003529679 5.8175988e-06 -2.1150477e-07)
(-0.0033838374 2.8313233e-05 -2.9759689e-07)
(-0.0032113903 -1.5968712e-06 -3.5037536e-07)
(-0.0030319256 -2.7909545e-05 -3.769978e-07)
(-0.0028449098 -7.2118766e-05 -3.8553911e-07)
(-0.0026467787 -0.00012433122 -3.8227748e-07)
(-0.0024394789 -0.00019504186 -3.7171261e-07)
(-0.0022274967 -0.00027954282 -3.5695499e-07)
(-0.0020164088 -0.00037149217 -3.4012704e-07)
(-0.0018110519 -0.00046628293 -3.2267569e-07)
(-0.0016145023 -0.00055911193 -3.0542912e-07)
(-0.0014286554 -0.00064660874 -2.8875367e-07)
(-0.0012546567 -0.00072681817 -2.7267122e-07)
(-0.0010930629 -0.00079875616 -2.5702644e-07)
(-0.00094395183 -0.00086163385 -2.4158289e-07)
(-0.00080708603 -0.00091601449 -2.2602204e-07)
(-0.00068185246 -0.00096146655 -2.098931e-07)
(-0.00056701038 -0.00099538852 -1.9269634e-07)
(-0.0004614389 -0.0010191835 -1.7383791e-07)
(-0.00036419625 -0.0010331173 -1.5265209e-07)
(-0.00027403888 -0.0010364461 -1.2816021e-07)
(-0.00018982347 -0.0010287806 -9.9482824e-08)
(-0.00011074763 -0.0010172604 -6.6069971e-08)
(-3.5982421e-05 -0.00096675692 -2.754003e-08)
(0.0001845847 -9.4937956e-05 -1.0599832e-07)
(0.00020972713 -0.00042419206 -2.4674754e-07)
(0.0002343453 -0.00062236441 -3.4037907e-07)
(0.0002569005 -0.0009306771 -3.921893e-07)
(0.00029527119 -0.0011925044 -4.1394409e-07)
(0.0003469431 -0.0015002325 -4.1719139e-07)
(0.00039605732 -0.0018040372 -4.0938196e-07)
(0.00043590048 -0.0021337222 -3.9528513e-07)
(0.00045962787 -0.002483422 -3.7780456e-07)
(0.00046866466 -0.0028247601 -3.588216e-07)
(0.00046464211 -0.0031528794 -3.3976303e-07)
(0.00045028362 -0.0034641418 -3.2134586e-07)
(0.00042799342 -0.0037537328 -3.0382712e-07)
(0.00039985495 -0.0040194051 -2.870829e-07)
(0.0003674651 -0.0042599668 -2.7087852e-07)
(0.00033228292 -0.0044768422 -2.5494874e-07)
(0.00029555551 -0.004681187 -2.3901516e-07)
(0.00025815233 -0.0048675027 -2.2250677e-07)
(0.00022037477 -0.0050132839 -2.0495906e-07)
(0.00018260024 -0.0051106874 -1.8572649e-07)
(0.00014552951 -0.0051574067 -1.6434326e-07)
(0.00010967714 -0.0051560597 -1.3932908e-07)
(7.5177603e-05 -0.0051102979 -1.0947172e-07)
(4.218115e-05 -0.0050057599 -7.3336324e-08)
(1.1598637e-05 -0.0047785921 -3.1863498e-08)
(0.00099718364 -0.00028449853 -1.4521384e-07)
(0.0010406853 -0.0014327733 -3.2536931e-07)
(0.0011031273 -0.0019393461 -4.3033456e-07)
(0.0011931726 -0.0028368489 -4.7505878e-07)
(0.0012860786 -0.0035938099 -4.8477182e-07)
(0.0013528204 -0.0044051214 -4.7683775e-07)
(0.0013832486 -0.0052174189 -4.5991043e-07)
(0.0013757867 -0.0061774347 -4.3914247e-07)
(0.0013397453 -0.0072480002 -4.1661364e-07)
(0.0012825766 -0.0082288925 -3.9345486e-07)
(0.0012097928 -0.0090807977 -3.7136564e-07)
(0.0011282052 -0.0098014993 -3.5075393e-07)
(0.001041491 -0.010391411 -3.3173684e-07)
(0.00095083036 -0.01085968 -3.1382467e-07)
(0.00085829468 -0.011213253 -2.9662452e-07)
(0.000765369 -0.01145435 -2.7982208e-07)
(0.00067333708 -0.011575759 -2.6348088e-07)
(0.00058304891 -0.01159475 -2.4643444e-07)
(0.00049476636 -0.011539827 -2.2858903e-07)
(0.00040893846 -0.011427112 -2.0931778e-07)
(0.00032645624 -0.011266856 -1.878345e-07)
(0.00024726466 -0.011068079 -1.6287308e-07)
(0.00017103313 -0.010837455 -1.3263934e-07)
(9.8135922e-05 -0.010545155 -9.4086569e-08)
(3.0191131e-05 -0.010143164 -4.6618432e-08)
(0.0034478786 -0.00097243497 -2.2871813e-07)
(0.0034869583 -0.0045422346 -4.704404e-07)
(0.0035359927 -0.0058647483 -5.7802674e-07)
(0.0034606035 -0.0091400768 -6.0052079e-07)
(0.0033155221 -0.012092993 -5.8770474e-07)
(0.0030941693 -0.01470924 -5.6203344e-07)
(0.0028377466 -0.016557291 -5.3150156e-07)
(0.0025649922 -0.01753222 -5.0257229e-07)
(0.0022968722 -0.017820064 -4.7428324e-07)
(0.0020389931 -0.017680971 -4.4516198e-07)
(0.0017981124 -0.017224268 -4.1896988e-07)
(0.0015792044 -0.01657268 -3.952036e-07)
(0.0013785872 -0.01574658 -3.7428912e-07)
(0.0011830725 -0.014798697 -3.5477826e-07)
(0.0010074811 -0.013781503 -3.3612543e-07)
(0.00085201873 -0.012740686 -3.1811218e-07)
(0.0007151372 -0.011715353 -3.0045194e-07)
(0.00059482695 -0.010739162 -2.8282022e-07)
(0.00048928351 -0.0098351531 -2.6477566e-07)
(0.0003962055 -0.0090235225 -2.4576888e-07)
(0.00031273191 -0.0083169792 -2.2508328e-07)
(0.00023666235 -0.0077193799 -2.0165417e-07)
(0.0001666301 -0.0072307557 -1.738407e-07)
(0.0001008172 -0.0068089115 -1.3884706e-07)
(3.7162481e-05 -0.0065015288 -8.7944735e-08)
(0.011058497 -0.0086567711 -4.174652e-07)
(0.008938189 -0.025557331 -7.1601958e-07)
(0.007950046 -0.028149967 -7.9169112e-07)
(0.0063064751 -0.032519239 -7.7581512e-07)
(0.004922221 -0.030023333 -7.3402516e-07)
(0.003696949 -0.026249567 -6.8501812e-07)
(0.0026637041 -0.021531197 -6.3719545e-07)
(0.0018356571 -0.016550772 -5.9289677e-07)
(0.0011854837 -0.011577525 -5.5398469e-07)
(0.00068117703 -0.0069788504 -5.1839485e-07)
(0.000297309 -0.0028219038 -4.8643559e-07)
(1.0156824e-05 0.00074425642 -4.5677189e-07)
(-0.00019676738 0.0040650804 -4.3324029e-07)
(-0.00032945217 0.0072319877 -4.1098566e-07)
(-0.00041351128 0.010138527 -3.8953706e-07)
(-0.00045657296 0.012660511 -3.6914497e-07)
(-0.00046723011 0.014766446 -3.4956287e-07)
(-0.00045241102 0.016474588 -3.3047848e-07)
(-0.00041771745 0.017813357 -3.1152023e-07)
(-0.00036794605 0.018812607 -2.9226785e-07)
(-0.00030766783 0.019497974 -2.7219068e-07)
(-0.00024042463 0.019894989 -2.5051995e-07)
(-0.0001684009 0.020001421 -2.259705e-07)
(-9.4844001e-05 0.019875551 -2.0223172e-07)
(-2.1480597e-05 0.01917761 -1.7861142e-07)
(0.01356069 0.023208071 -7.8855693e-07)
(0.0033402054 -0.001539673 -1.1113631e-06)
(0.00079456404 0.04809389 -1.1110318e-06)
(-0.0010144855 0.050868564 -1.0360433e-06)
(-0.0026185557 0.065147535 -9.5774437e-07)
(-0.0038132546 0.075484844 -8.7064958e-07)
(-0.0044793893 0.082712554 -7.9240702e-07)
(-0.0046859001 0.088746376 -7.2435797e-07)
(-0.0046082748 0.093194035 -6.6518241e-07)
(-0.004391713 0.09595954 -6.1450314e-07)
(-0.0041038273 0.097535951 -5.7169275e-07)
(-0.003760829 0.098027368 -5.2706869e-07)
(-0.0034137853 0.097764016 -5.0151472e-07)
(-0.0030729799 0.096457652 -4.738001e-07)
(-0.0027290608 0.094302439 -4.4624421e-07)
(-0.0023932566 0.091875984 -4.2140915e-07)
(-0.0020759257 0.089245798 -3.9834551e-07)
(-0.0017779683 0.086496506 -3.7652722e-07)
(-0.0014986162 0.083705359 -3.555346e-07)
(-0.0012360965 0.080930767 -3.3497586e-07)
(-0.00098775635 0.078209895 -3.1444136e-07)
(-0.00075145653 0.07558536 -2.934293e-07)
(-0.00052516178 0.073028491 -2.7140932e-07)
(-0.00030710242 0.070728842 -2.4910284e-07)
(-9.1894072e-05 0.067245536 -2.2744622e-07)
(-0.0023804821 1.1741698 -2.5326124e-06)
(-0.0010697451 0.96176075 -2.0117326e-06)
(-0.0011988713 0.8661823 -1.6276982e-06)
(-0.00081887265 0.77405097 -1.3359659e-06)
(-0.0006690322 0.67807792 -1.1197394e-06)
(-0.00055539748 0.58671712 -9.6078126e-07)
(-0.00045724039 0.50830847 -8.4169116e-07)
(-0.00037641561 0.44455148 -7.5231169e-07)
(-0.0003079051 0.39196449 -6.7972154e-07)
(-0.00025402507 0.34708709 -6.2389803e-07)
(-0.0002045454 0.30835917 -5.8072534e-07)
(-0.00016089449 0.2750315 -5.4315373e-07)
(-0.00012447329 0.24653194 -5.1186505e-07)
(-0.00010417804 0.22213372 -4.8423809e-07)
(-8.5651826e-05 0.20117854 -4.5879118e-07)
(-7.0286728e-05 0.18318534 -4.3496874e-07)
(-5.7709379e-05 0.16772458 -4.1237342e-07)
(-4.7474098e-05 0.15443361 -3.9073684e-07)
(-3.8932855e-05 0.14301003 -3.6982159e-07)
(-3.159021e-05 0.13320459 -3.4937514e-07)
(-2.5018685e-05 0.12480108 -3.2911612e-07)
(-1.8799641e-05 0.11765794 -3.0865455e-07)
(-1.2894592e-05 0.11153187 -2.8779205e-07)
(-7.3221386e-06 0.10670999 -2.6634432e-07)
(-1.9649078e-06 0.10069107 -2.4355063e-07)
(-0.013310706 0.090291499 -1.2261813e-06)
(-0.0029361344 0.098043138 -1.2629528e-06)
(-0.00037963977 0.10389215 -1.2147233e-06)
(0.001437095 0.10565617 -1.1228567e-06)
(0.0030051499 0.10781484 -1.0193252e-06)
(0.0041491061 0.10956661 -9.1853707e-07)
(0.0047688282 0.11124884 -8.2824389e-07)
(0.004932358 0.11279048 -7.5065309e-07)
(0.0048151935 0.11359597 -6.6837608e-07)
(0.0045478081 0.11366422 -6.2352513e-07)
(0.0042345139 0.11295728 -5.8209033e-07)
(0.003899441 0.11128413 -5.3845289e-07)
(0.0035281197 0.10876087 -5.0163639e-07)
(0.0031553882 0.10573978 -4.6975993e-07)
(0.0027938554 0.10246553 -4.4146107e-07)
(0.0024498391 0.099062505 -4.158584e-07)
(0.0021239662 0.095614365 -3.9232665e-07)
(0.0018170348 0.092189476 -3.7035538e-07)
(0.001529223 0.088839323 -3.4949087e-07)
(0.001259176 0.085601776 -3.2930318e-07)
(0.0010048887 0.08249846 -3.0932807e-07)
(0.0007641066 0.079559295 -2.8895811e-07)
(0.00053417242 0.076746176 -2.6856847e-07)
(0.00031286358 0.074253679 -2.4707626e-07)
(9.4325148e-05 0.070555031 -2.2578686e-07)
(-0.009226011 -0.040704998 -8.2786299e-07)
(-0.0079839942 -0.038908717 -8.9104335e-07)
(-0.0065883186 -0.037344412 -8.7725327e-07)
(-0.0051592397 -0.033930507 -8.3094817e-07)
(-0.0038357034 -0.028960741 -7.7270143e-07)
(-0.0026969653 -0.02330623 -7.1143271e-07)
(-0.0017624887 -0.017480095 -6.5483091e-07)
(-0.001031208 -0.011822973 -6.0320754e-07)
(-0.00047665823 -0.006766227 -5.5500693e-07)
(-5.8022611e-05 -0.0022987041 -5.1901421e-07)
(0.00024325557 0.0015386266 -4.8595719e-07)
(0.00045314962 0.0052853358 -4.5504714e-07)
(0.00058979724 0.0088575046 -4.2712515e-07)
(0.00066996693 0.012049291 -4.0190096e-07)
(0.00070523873 0.014795332 -3.7885659e-07)
(0.00070403673 0.017096115 -3.5753171e-07)
(0.00067673354 0.018985889 -3.3757676e-07)
(0.00062955731 0.02050502 -3.1857855e-07)
(0.00056629046 0.021676479 -3.0012125e-07)
(0.0004905899 0.022521451 -2.8174032e-07)
(0.00040567207 0.02306137 -2.6278659e-07)
(0.00031445772 0.023317311 -2.4207697e-07)
(0.00021962071 0.023299615 -2.2229307e-07)
(0.00012438758 0.023052724 -1.9880738e-07)
(3.04552e-05 0.022203238 -1.7604948e-07)
(-0.0042964347 -0.015786898 -5.423847e-07)
(-0.0043157062 -0.018405734 -6.1571191e-07)
(-0.0041742527 -0.021281782 -6.2922098e-07)
(-0.0039105955 -0.023350912 -6.1203019e-07)
(-0.0035692927 -0.024618269 -5.8260455e-07)
(-0.0031915091 -0.025009133 -5.5069987e-07)
(-0.0028279747 -0.024722486 -5.1202548e-07)
(-0.0024847315 -0.023992941 -4.7592141e-07)
(-0.0021663442 -0.022992279 -4.4317646e-07)
(-0.0018852746 -0.021793487 -4.1536649e-07)
(-0.0016316187 -0.020483055 -3.9017421e-07)
(-0.0013982738 -0.019044132 -3.6697944e-07)
(-0.0011884565 -0.017545656 -3.457381e-07)
(-0.0010043305 -0.016039896 -3.2628336e-07)
(-0.00084422058 -0.0145623 -3.0814155e-07)
(-0.00070680944 -0.013146836 -2.9092385e-07)
(-0.00058714438 -0.011828236 -2.7461006e-07)
(-0.00048278279 -0.010635606 -2.5868528e-07)
(-0.00039248388 -0.0095758296 -2.4270976e-07)
(-0.00031434088 -0.0086497205 -2.2616633e-07)
(-0.0002463311 -0.0078574855 -2.0834124e-07)
(-0.00018632819 -0.0071985521 -1.8824263e-07)
(-0.00013226217 -0.0066694208 -1.6486414e-07)
(-8.1778366e-05 -0.006229205 -1.3342063e-07)
(-3.2069758e-05 -0.005928402 -8.5947691e-08)
(-0.00084441107 -0.0035495337 -3.7621614e-07)
(-0.0011502373 -0.0045747764 -4.4203226e-07)
(-0.0014073065 -0.0056436889 -4.6684921e-07)
(-0.0015801808 -0.0066658658 -4.6628829e-07)
(-0.0016731738 -0.0076848689 -4.5182609e-07)
(-0.0016970217 -0.00883026 -4.3037231e-07)
(-0.0016667801 -0.010022826 -4.0450978e-07)
(-0.0015969413 -0.011037343 -3.7860885e-07)
(-0.0015023232 -0.011879179 -3.5444636e-07)
(-0.0014000513 -0.012554897 -3.3267958e-07)
(-0.00129237 -0.013086107 -3.1280944e-07)
(-0.0011840842 -0.013477191 -2.9450299e-07)
(-0.0010763159 -0.013737794 -2.7758422e-07)
(-0.0009704491 -0.013850285 -2.6220275e-07)
(-0.00086751088 -0.013839406 -2.4756872e-07)
(-0.00076703676 -0.013745725 -2.3375032e-07)
(-0.00067136528 -0.013593703 -2.2011609e-07)
(-0.00058015596 -0.01339789 -2.0646152e-07)
(-0.00049244314 -0.013167645 -1.9238951e-07)
(-0.00040783645 -0.012909933 -1.7738471e-07)
(-0.00032609816 -0.012630204 -1.6066926e-07)
(-0.00024712389 -0.012333803 -1.4107769e-07)
(-0.00017100266 -0.012023988 -1.1689241e-07)
(-9.8119298e-05 -0.011662384 -8.4463242e-08)
(-3.0319652e-05 -0.011206932 -4.2967116e-08)
(0.0004366374 -0.00039623985 -2.7172029e-07)
(0.00023969637 -0.00082712853 -3.223531e-07)
(4.9620333e-05 -0.0012883924 -3.4752617e-07)
(-0.00012757315 -0.0017579839 -3.5419499e-07)
(-0.00028448716 -0.002245696 -3.4886641e-07)
(-0.0004120898 -0.0027586783 -3.3633623e-07)
(-0.00049964223 -0.0032757562 -3.1970372e-07)
(-0.00055521137 -0.0037535118 -3.0169549e-07)
(-0.00058221193 -0.004189623 -2.8393217e-07)
(-0.00058412653 -0.0045788559 -2.6717038e-07)
(-0.00057109964 -0.0049217773 -2.5152635e-07)
(-0.00054760419 -0.0052246463 -2.3694968e-07)
(-0.00051664972 -0.005501351 -2.2336457e-07)
(-0.00048071149 -0.0057807966 -2.1070967e-07)
(-0.0004413586 -0.0060576353 -1.9869546e-07)
(-0.00039936745 -0.0062953035 -1.8713635e-07)
(-0.00035596306 -0.0064852306 -1.7569074e-07)
(-0.000311752 -0.0066254895 -1.6406114e-07)
(-0.00026711724 -0.0067158349 -1.5186272e-07)
(-0.0002224192 -0.0067560582 -1.387231e-07)
(-0.00017802081 -0.006747182 -1.2399209e-07)
(-0.00013435382 -0.0066923866 -1.0651127e-07)
(-9.1931789e-05 -0.0065961979 -8.5252718e-08)
(-5.1311057e-05 -0.0064404877 -5.8407762e-08)
(-1.4090061e-05 -0.0061505021 -2.6579388e-08)
(0.00059637702 0.00041373707 -2.008795e-07)
(0.00049226725 0.00037852515 -2.3722142e-07)
(0.00040709046 0.00028570121 -2.5841092e-07)
(0.00032356945 0.00014252651 -2.6704631e-07)
(0.00024026657 -1.3536192e-05 -2.6650636e-07)
(0.00016177026 -0.0001848204 -2.5982068e-07)
(8.8354563e-05 -0.00036675406 -2.4937531e-07)
(2.4028037e-05 -0.00055162895 -2.3709418e-07)
(-3.0408045e-05 -0.00073288099 -2.2428383e-07)
(-6.7278575e-05 -0.00090307485 -2.1168923e-07)
(-9.2170829e-05 -0.0010594746 -1.9963271e-07)
(-0.00010683958 -0.0011996927 -1.8822149e-07)
(-0.00011350667 -0.0013232176 -1.7746219e-07)
(-0.00011456595 -0.0014331014 -1.6729697e-07)
(-0.00011107154 -0.0015290003 -1.5757533e-07)
(-0.00010440236 -0.0016081438 -1.4812068e-07)
(-9.5620804e-05 -0.0016714457 -1.386983e-07)
(-8.5430081e-05 -0.0017195652 -1.2905077e-07)
(-7.4266655e-05 -0.0017529249 -1.1887315e-07)
(-6.2545493e-05 -0.0017717158 -1.078229e-07)
(-5.0596355e-05 -0.0017761841 -9.5474786e-08)
(-3.8688074e-05 -0.001767001 -8.1229216e-08)
(-2.7000025e-05 -0.0017467419 -6.4502332e-08)
(-1.5536358e-05 -0.0017145618 -4.4733465e-08)
(-4.2208796e-06 -0.0016284293 -2.1405701e-08)
(0.00048778478 0.00053086454 -1.491135e-07)
(0.00043080423 0.00059653198 -1.7414745e-07)
(0.00038165544 0.00063463517 -1.9037518e-07)
(0.00033313624 0.00065473394 -1.9845623e-07)
(0.00028436078 0.00064609884 -1.9998085e-07)
(0.00023681086 0.00061648482 -1.9673056e-07)
(0.00019099396 0.00057228835 -1.9031952e-07)
(0.00015224153 0.00051323864 -1.8209153e-07)
(0.00011749925 0.00045009176 -1.7303752e-07)
(8.5064651e-05 0.00038969627 -1.6379902e-07)
(5.9289029e-05 0.00033469853 -1.5473006e-07)
(3.7859792e-05 0.00028538617 -1.4599376e-07)
(2.1390737e-05 0.00024170472 -1.3764778e-07)
(9.8809255e-06 0.00020486347 -1.2967194e-07)
(1.9564046e-06 0.00017503792 -1.2197902e-07)
(-3.1027902e-06 0.00015143853 -1.1443925e-07)
(-6.0138612e-06 0.00013343776 -1.0688388e-07)
(-7.4416065e-06 0.00011981739 -9.9116067e-08)
(-7.8124056e-06 0.0001095311 -9.0912636e-08)
(-7.4957732e-06 0.00010158937 -8.2033047e-08)
(-6.7535147e-06 9.5162482e-05 -7.2229836e-08)
(-5.7383827e-06 9.0132626e-05 -6.129116e-08)
(-4.5218274e-06 8.5751534e-05 -4.9237521e-08)
(-3.0812672e-06 8.0484602e-05 -3.6753909e-08)
(-1.0332483e-06 7.8628848e-05 -2.6293121e-08)
(0.00037098059 0.0003845921 -1.0877483e-07)
(0.00034137723 0.00043627664 -1.2599989e-07)
(0.00030950178 0.00048508644 -1.3786082e-07)
(0.00027860564 0.00052210774 -1.4447836e-07)
(0.00024753146 0.00055040191 -1.4658148e-07)
(0.00021457413 0.00056788209 -1.4518577e-07)
(0.00018174359 0.00056669975 -1.4131642e-07)
(0.00014990838 0.00055306514 -1.3588012e-07)
(0.00012187056 0.00053614518 -1.2958849e-07)
(9.5684369e-05 0.00051550235 -1.229424e-07)
(7.2562866e-05 0.00049065956 -1.1625928e-07)
(5.2688808e-05 0.0004637842 -1.0971979e-07)
(3.5489739e-05 0.0004388756 -1.033973e-07)
(2.225059e-05 0.00041710385 -9.7295016e-08)
(1.2240959e-05 0.00039793264 -9.1363998e-08)
(5.0256857e-06 0.00038077173 -8.5516475e-08)
(1.2019997e-07 0.00036553128 -7.9634634e-08)
(-2.9996996e-06 0.00035206539 -7.3579148e-08)
(-4.7513849e-06 0.00034013192 -6.719817e-08)
(-5.4621523e-06 0.00032937972 -6.0345694e-08)
(-5.4023688e-06 0.00031948272 -5.2907438e-08)
(-4.740668e-06 0.00031023273 -4.4873384e-08)
(-3.6132869e-06 0.00030126694 -3.6498488e-08)
(-2.3296664e-06 0.00029166003 -2.859881e-08)
(-9.2992439e-07 0.00027807059 -2.3044972e-08)
(0.00028313601 0.00019473653 -7.6842201e-08)
(0.000262841 0.00022242065 -8.8542968e-08)
(0.00024558125 0.00024637159 -9.6996307e-08)
(0.00022594817 0.00026542744 -1.0208782e-07)
(0.00020486798 0.00028159438 -1.041516e-07)
(0.00018305915 0.00029254441 -1.0373485e-07)
(0.00016070102 0.00029535734 -1.0146616e-07)
(0.00013771752 0.00029157287 -9.794128e-08)
(0.00011530675 0.00028155148 -9.3659012e-08)
(9.3305062e-05 0.00026624449 -8.8993941e-08)
(7.2369585e-05 0.00024850586 -8.4200699e-08)
(5.5967583e-05 0.00022773509 -7.9434508e-08)
(4.2214958e-05 0.00020632566 -7.4772204e-08)
(3.0367194e-05 0.0001856981 -7.0232953e-08)
(2.0797979e-05 0.00016526923 -6.5793347e-08)
(1.3101716e-05 0.00014654347 -6.13986e-08)
(7.3011471e-06 0.00012967775 -5.6971217e-08)
(3.0816307e-06 0.00011472768 -5.2419395e-08)
(2.0191222e-07 0.00010179777 -4.764728e-08)
(-1.5590719e-06 9.0847376e-05 -4.2572291e-08)
(-2.4097683e-06 8.1940566e-05 -3.7152275e-08)
(-2.5543712e-06 7.5045715e-05 -3.1436679e-08)
(-2.1765164e-06 6.9257717e-05 -2.5648142e-08)
(-1.4605281e-06 6.6539044e-05 -2.0291123e-08)
(-5.4799567e-07 6.3372538e-05 -1.5818206e-08)
(0.00024047485 7.2179717e-05 -5.2392653e-08)
(0.00021807475 8.2466393e-05 -6.0281904e-08)
(0.00020506309 9.0018448e-05 -6.6167644e-08)
(0.00019131468 9.548387e-05 -6.9886755e-08)
(0.00017654925 9.7509799e-05 -7.1576867e-08)
(0.00016160549 9.7838417e-05 -7.1562636e-08)
(0.0001462625 9.5617964e-05 -7.0226626e-08)
(0.00013001599 9.0542831e-05 -6.7956176e-08)
(0.00011353569 8.2460897e-05 -6.508424e-08)
(9.6967478e-05 6.9817072e-05 -6.187484e-08)
(8.1094354e-05 5.3646495e-05 -5.8518461e-08)
(6.6556319e-05 3.7161407e-05 -5.5136724e-08)
(5.406593e-05 2.0502824e-05 -5.1796966e-08)
(4.2882342e-05 3.5206648e-06 -4.8523348e-08)
(3.3110611e-05 -1.3677399e-05 -4.5308169e-08)
(2.5075706e-05 -3.0799983e-05 -4.212042e-08)
(1.8454655e-05 -4.6645859e-05 -3.8912943e-08)
(1.316015e-05 -6.0541376e-05 -3.5629467e-08)
(9.0299476e-06 -7.2328573e-05 -3.2213163e-08)
(5.9325732e-06 -8.1829155e-05 -2.86189e-08)
(3.7110326e-06 -8.9144764e-05 -2.4829674e-08)
(2.1575716e-06 -9.4378921e-05 -2.0875235e-08)
(1.0874925e-06 -9.8662549e-05 -1.6833072e-08)
(5.4878502e-07 -9.3885242e-05 -1.2735828e-08)
(2.9428099e-07 -9.6785631e-05 -8.0401044e-09)
(0.00021916735 2.9705062e-05 -3.4394495e-08)
(0.00020182104 3.4401724e-05 -3.9568625e-08)
(0.00018700279 3.7042308e-05 -4.34986e-08)
(0.00017456795 3.7416245e-05 -4.6070938e-08)
(0.00016276877 3.7758445e-05 -4.7340252e-08)
(0.00015112361 3.4316269e-05 -4.746944e-08)
(0.00013930636 2.9627735e-05 -4.6688183e-08)
(0.00012719577 2.4406833e-05 -4.5237246e-08)
(0.00011489908 1.7245183e-05 -4.3340345e-08)
(0.00010290887 8.5245073e-06 -4.1178766e-08)
(9.136597e-05 -1.4094401e-06 -3.8886554e-08)
(7.9413814e-05 -1.3038007e-05 -3.6554396e-08)
(6.7936849e-05 -2.6895443e-05 -3.4235116e-08)
(5.7272362e-05 -4.1178457e-05 -3.1952027e-08)
(4.7561474e-05 -5.4363259e-05 -2.9706438e-08)
(3.9124444e-05 -6.6728706e-05 -2.7483048e-08)
(3.1697236e-05 -7.8505809e-05 -2.5255858e-08)
(2.5306933e-05 -8.9091549e-05 -2.2993034e-08)
(1.9871075e-05 -9.8238031e-05 -2.066273e-08)
(1.5305207e-05 -0.00010591691 -1.8240175e-08)
(1.1486391e-05 -0.00011176506 -1.5714144e-08)
(8.285115e-06 -0.00011547785 -1.3088066e-08)
(5.5743957e-06 -0.00011816589 -1.0358125e-08)
(3.238907e-06 -0.00011256404 -7.4257574e-09)
(1.0952507e-06 -0.00011142536 -3.8870632e-09)
(0.00020297317 3.5003436e-05 -2.1740241e-08)
(0.00018920929 3.825737e-05 -2.5005703e-08)
(0.00017576546 4.1908505e-05 -2.751343e-08)
(0.00016418344 4.3227001e-05 -2.9186399e-08)
(0.00015413169 4.2830569e-05 -3.0040357e-08)
(0.00014459011 4.2690167e-05 -3.0166726e-08)
(0.00013508315 4.1152724e-05 -2.9696716e-08)
(0.00012545414 3.7714423e-05 -2.8778249e-08)
(0.00011565821 3.3296638e-05 -2.7551576e-08)
(0.00010593647 2.7830475e-05 -2.6134005e-08)
(9.6244314e-05 2.1364173e-05 -2.4616193e-08)
(8.6470623e-05 1.3826208e-05 -2.3061547e-08)
(7.6841044e-05 5.7734148e-06 -2.1509113e-08)
(6.7514959e-05 -2.9536913e-06 -1.9978672e-08)
(5.8700812e-05 -1.2267407e-05 -1.8475034e-08)
(5.0297869e-05 -2.1404955e-05 -1.6992666e-08)
(4.2572295e-05 -3.019452e-05 -1.551863e-08)
(3.5503635e-05 -3.8265553e-05 -1.4036447e-08)
(2.9108904e-05 -4.5433018e-05 -1.2529403e-08)
(2.3351446e-05 -5.1567061e-05 -1.0983658e-08)
(1.8180925e-05 -5.64351e-05 -9.3901587e-09)
(1.3537473e-05 -5.9788255e-05 -7.7411267e-09)
(9.3556199e-06 -6.3079122e-05 -6.0151766e-09)
(5.4191955e-06 -5.8461504e-05 -4.1426745e-09)
(1.6598915e-06 -5.9631312e-05 -1.9730075e-09)
(0.00018830659 4.9463206e-05 -1.3233725e-08)
(0.00017657063 5.5207669e-05 -1.5198585e-08)
(0.00016476923 6.0065726e-05 -1.6718069e-08)
(0.00015466056 6.3355428e-05 -1.7740082e-08)
(0.00014591594 6.5750595e-05 -1.8268288e-08)
(0.00013779638 6.7722292e-05 -1.8348616e-08)
(0.00012986852 6.8797824e-05 -1.805715e-08)
(0.00012189132 6.8433397e-05 -1.7480359e-08)
(0.0001138007 6.7580032e-05 -1.6703619e-08)
(0.00010563664 6.5929593e-05 -1.5800544e-08)
(9.7363111e-05 6.3107238e-05 -1.4829172e-08)
(8.8958933e-05 5.9502698e-05 -1.383148e-08)
(8.0544955e-05 5.5127441e-05 -1.2834083e-08)
(7.2275239e-05 5.0011906e-05 -1.185207e-08)
(6.4214882e-05 4.4180244e-05 -1.0891072e-08)
(5.6390389e-05 3.807761e-05 -9.9498334e-09)
(4.8860911e-05 3.2037654e-05 -9.0229223e-09)
(4.1677799e-05 2.6126954e-05 -8.1025139e-09)
(3.4891961e-05 2.0476199e-05 -7.180184e-09)
(2.8525586e-05 1.5350311e-05 -6.2482303e-09)
(2.2584818e-05 1.0961065e-05 -5.299869e-09)
(1.7047774e-05 7.5303811e-06 -4.3267933e-09)
(1.2033205e-05 3.2007842e-06 -3.3132416e-09)
(7.0047681e-06 7.0796969e-06 -2.2291706e-09)
(1.9827172e-06 2.2258369e-06 -1.0375884e-09)
(0.00017253378 5.7097086e-05 -7.7593418e-09)
(0.00016251572 6.3637801e-05 -8.8825939e-09)
(0.00015230097 6.934208e-05 -9.7542736e-09)
(0.00014364699 7.4326255e-05 -1.0341283e-08)
(0.00013599107 7.8398844e-05 -1.0641475e-08)
(0.00012895091 8.1933486e-05 -1.0678997e-08)
(0.00012219573 8.5306108e-05 -1.0495163e-08)
(0.00011548379 8.754976e-05 -1.0139495e-08)
(0.00010872374 8.858723e-05 -9.6616412e-09)
(0.00010179103 8.8838607e-05 -9.1066384e-09)
(9.4712549e-05 8.8838573e-05 -8.5093954e-09)
(8.7498557e-05 8.8127392e-05 -7.8960425e-09)
(8.0180741e-05 8.6512564e-05 -7.2841463e-09)
(7.285255e-05 8.4181644e-05 -6.6837663e-09)
(6.5550287e-05 8.1113313e-05 -6.0993619e-09)
(5.8305227e-05 7.7543395e-05 -5.5316543e-09)
(5.1191355e-05 7.3708057e-05 -4.9786192e-09)
(4.4254695e-05 6.9681846e-05 -4.4367558e-09)
(3.7532593e-05 6.5609083e-05 -3.9019432e-09)
(3.1049572e-05 6.161957e-05 -3.3699401e-09)
(2.482573e-05 5.7832963e-05 -2.8362989e-09)
(1.887122e-05 5.4740036e-05 -2.2954346e-09)
(1.3185682e-05 5.0010492e-05 -1.7391865e-09)
(7.7230194e-06 5.3223024e-05 -1.1583387e-09)
(2.4493155e-06 4.6969275e-05 -5.4769207e-10)
(0.0001556699 5.5439224e-05 -4.3792729e-09)
(0.00014725202 6.2087752e-05 -4.9912382e-09)
(0.00013874402 6.7443046e-05 -5.4666439e-09)
(0.00013146449 7.2887447e-05 -5.7856939e-09)
(0.00012479915 7.8180756e-05 -5.9450839e-09)
(0.00011866358 8.2299335e-05 -5.9565791e-09)
(0.0001128509 8.6400572e-05 -5.8425122e-09)
(0.0001071618 9.0052662e-05 -5.6301664e-09)
(0.00010143014 9.2442762e-05 -5.3475373e-09)
(9.5529611e-05 9.4474371e-05 -5.0199965e-09)
(8.9462493e-05 9.5738223e-05 -4.6682771e-09)
(8.3244529e-05 9.6322763e-05 -4.3078534e-09)
(7.6886631e-05 9.651389e-05 -3.9493563e-09)
(7.0438622e-05 9.6106561e-05 -3.5992645e-09)
(6.3923033e-05 9.509071e-05 -3.2607881e-09)
(5.7364697e-05 9.3489617e-05 -2.9348603e-09)
(5.0813722e-05 9.1434845e-05 -2.6209047e-09)
(4.43109e-05 8.9014158e-05 -2.3173932e-09)
(3.7890007e-05 8.635588e-05 -2.0223044e-09)
(3.1579997e-05 8.3542151e-05 -1.7333205e-09)
(2.5401671e-05 8.0652688e-05 -1.4478207e-09)
(1.9379761e-05 7.7958087e-05 -1.1626365e-09)
(1.3374266e-05 7.3412075e-05 -8.7403734e-10)
(7.8650166e-06 7.6912289e-05 -5.7958212e-10)
(2.7595781e-06 6.9388127e-05 -2.7955607e-10)
(0.00013996271 4.9741154e-05 -2.3750151e-09)
(0.00013232705 5.5514951e-05 -2.6941548e-09)
(0.0001254397 6.0396205e-05 -2.942076e-09)
(0.00011917091 6.5962655e-05 -3.1073468e-09)
(0.00011338736 7.109945e-05 -3.1873328e-09)
(0.00010805547 7.5572592e-05 -3.1875408e-09)
(0.00010297994 7.9651849e-05 -3.1194022e-09)
(9.8048838e-05 8.3315145e-05 -2.9975471e-09)
(9.3104187e-05 8.666218e-05 -2.8371455e-09)
(8.8028526e-05 8.9398037e-05 -2.6522204e-09)
(8.280923e-05 9.1610264e-05 -2.4543646e-09)
(7.7408455e-05 9.3302414e-05 -2.2522694e-09)
(7.1861611e-05 9.4482702e-05 -2.0520365e-09)
(6.618644e-05 9.5151755e-05 -1.8574818e-09)
(6.0402934e-05 9.536794e-05 -1.6706391e-09)
(5.4527547e-05 9.5121608e-05 -1.4922783e-09)
(4.8588782e-05 9.4410912e-05 -1.3222899e-09)
(4.2617296e-05 9.3249994e-05 -1.1600065e-09)
(3.6644305e-05 9.1715123e-05 -1.0044519e-09)
(3.0699192e-05 8.9884735e-05 -8.5441076e-10)
(2.4807717e-05 8.7790202e-05 -7.0843685e-10)
(1.8995539e-05 8.5692499e-05 -5.6486424e-10)
(1.3273318e-05 8.1472964e-05 -4.2195185e-10)
(7.8057536e-06 8.4808436e-05 -2.7896911e-10)
(2.5864447e-06 7.7501186e-05 -1.3493835e-10)
(0.00012588955 4.3212226e-05 -1.233248e-09)
(0.00011909271 4.8383715e-05 -1.3935004e-09)
(0.00011338176 5.3377307e-05 -1.5181006e-09)
(0.0001076724 5.8431608e-05 -1.6006765e-09)
(0.00010248128 6.3001632e-05 -1.6393447e-09)
(9.772657e-05 6.7235943e-05 -1.6366142e-09)
(9.3238985e-05 7.1263189e-05 -1.5981959e-09)
(8.8871446e-05 7.5028278e-05 -1.53162e-09)
(8.4522158e-05 7.8582494e-05 -1.4448388e-09)
(8.0092406e-05 8.173007e-05 -1.3451906e-09)
(7.5534916e-05 8.4410561e-05 -1.2389024e-09)
(7.0820148e-05 8.662547e-05 -1.1306815e-09)
(6.5956092e-05 8.8368169e-05 -1.023864e-09)
(6.0949148e-05 8.970136e-05 -9.2059649e-10)
(5.5815179e-05 9.0612754e-05 -8.220698e-10)
(5.0569307e-05 9.1118705e-05 -7.2878167e-10)
(4.5230765e-05 9.1216973e-05 -6.4076183e-10)
(3.9820752e-05 9.0901518e-05 -5.5772608e-10)
(3.4364839e-05 9.0196793e-05 -4.7918912e-10)
(2.8890208e-05 8.912863e-05 -4.0452543e-10)
(2.3426752e-05 8.7662275e-05 -3.3297418e-10)
(1.8006013e-05 8.6241108e-05 -2.6369269e-10)
(1.2666366e-05 8.2311283e-05 -1.9582206e-10)
(7.4668955e-06 8.5104949e-05 -1.2912103e-10)
(2.4262261e-06 7.8904236e-05 -6.2286567e-11)
(0.00011320156 3.8205508e-05 -6.1020446e-10)
(0.00010740294 4.3192484e-05 -6.8778074e-10)
(0.00010212808 4.7532816e-05 -7.4808042e-10)
(9.6968331e-05 5.2044053e-05 -7.8809499e-10)
(9.2276783e-05 5.6522315e-05 -8.0651682e-10)
(8.7960262e-05 6.0518989e-05 -8.0432434e-10)
(8.3898331e-05 6.4310524e-05 -7.8420284e-10)
(7.9968875e-05 6.7989192e-05 -7.4985298e-10)
(7.6077561e-05 7.1450023e-05 -7.0526132e-10)
(7.2147417e-05 7.4661861e-05 -6.5418571e-10)
(6.8120603e-05 7.7557647e-05 -5.9979064e-10)
(6.3967813e-05 8.0061548e-05 -5.445491e-10)
(5.9675281e-05 8.2191563e-05 -4.9019834e-10)
(5.5248395e-05 8.3903685e-05 -4.3787807e-10)
(5.0692394e-05 8.5214444e-05 -3.8824179e-10)
(4.6021445e-05 8.6154092e-05 -3.4158782e-10)
(4.1250597e-05 8.6692984e-05 -2.9796705e-10)
(3.6395433e-05 8.6837794e-05 -2.5726886e-10)
(3.1476418e-05 8.6592844e-05 -2.1926353e-10)
(2.6518649e-05 8.5966176e-05 -1.836362e-10)
(2.1551306e-05 8.4980554e-05 -1.5000773e-10)
(1.6606033e-05 8.3850284e-05 -1.1795966e-10)
(1.1719007e-05 8.0406707e-05 -8.7039929e-11)
(6.926625e-06 8.3662012e-05 -5.7229541e-11)
(2.2509927e-06 7.6886075e-05 -2.7525492e-11)
(0.00010153487 3.4408281e-05 -2.854875e-10)
(9.6414372e-05 3.9125367e-05 -3.2126246e-10)
(9.1481972e-05 4.3412081e-05 -3.4920885e-10)
(8.7006599e-05 4.7556012e-05 -3.6795615e-10)
(8.2753878e-05 5.1622646e-05 -3.7670263e-10)
(7.879443e-05 5.547299e-05 -3.7570578e-10)
(7.5069265e-05 5.9096295e-05 -3.6609844e-10)
(7.1485819e-05 6.2577836e-05 -3.4957574e-10)
(6.7961728e-05 6.589012e-05 -3.2804298e-10)
(6.4426846e-05 6.9053232e-05 -3.0331377e-10)
(6.083004e-05 7.1905566e-05 -2.7695501e-10)
(5.7137632e-05 7.4477986e-05 -2.5020247e-10)
(5.3333014e-05 7.6785989e-05 -2.2393764e-10)
(4.9410986e-05 7.8730733e-05 -1.9873976e-10)
(4.5373102e-05 8.031964e-05 -1.74947e-10)
(4.1230127e-05 8.1485084e-05 -1.5272152e-10)
(3.6990827e-05 8.2282976e-05 -1.3211272e-10)
(3.2670166e-05 8.272654e-05 -1.1307876e-10)
(2.8285238e-05 8.2783054e-05 -9.551883e-11)
(2.3857346e-05 8.2437219e-05 -7.9288189e-11)
(1.9411403e-05 8.1693619e-05 -6.421021e-11)
(1.4977961e-05 8.0783628e-05 -5.0086042e-11)
(1.05861e-05 7.7802301e-05 -3.6671324e-11)
(6.2599096e-06 8.1446637e-05 -2.4094464e-11)
(2.0325125e-06 7.4479256e-05 -1.1396034e-11)
(9.0760756e-05 3.1536185e-05 -1.2465161e-10)
(8.6224366e-05 3.6011757e-05 -1.3966807e-10)
(8.1874869e-05 4.016081e-05 -1.5175604e-10)
(7.7780311e-05 4.3801615e-05 -1.6005337e-10)
(7.3932545e-05 4.7591255e-05 -1.6416435e-10)
(7.0227865e-05 5.1456576e-05 -1.6402741e-10)
(6.677937e-05 5.4930577e-05 -1.5999802e-10)
(6.3484761e-05 5.8207241e-05 -1.5278513e-10)
(6.0266581e-05 6.135803e-05 -1.4321728e-10)
(5.7062665e-05 6.4350082e-05 -1.3211482e-10)
(5.38255e-05 6.7124307e-05 -1.2020527e-10)
(5.052338e-05 6.9676541e-05 -1.0807715e-10)
(4.7139232e-05 7.1960901e-05 -9.6160946e-11)
(4.3660843e-05 7.3936096e-05 -8.474916e-11)
(4.0089892e-05 7.5594096e-05 -7.4013655e-11)
(3.642926e-05 7.6916746e-05 -6.4041364e-11)
(3.2686123e-05 7.7885933e-05 -5.4861641e-11)
(2.8873825e-05 7.8467979e-05 -4.6463875e-11)
(2.5006216e-05 7.8660953e-05 -3.881223e-11)
(2.1099856e-05 7.8468312e-05 -3.1849636e-11)
(1.7175654e-05 7.7904444e-05 -2.5502971e-11)
(1.3257882e-05 7.7138519e-05 -1.9681028e-11)
(9.3689022e-06 7.4460509e-05 -1.4253757e-11)
(5.5355874e-06 7.816777e-05 -9.4328484e-12)
(1.7880636e-06 7.1304772e-05 -4.3220948e-12)
(8.0778631e-05 2.9017661e-05 -4.9481211e-11)
(7.678332e-05 3.3164891e-05 -5.4383882e-11)
(7.2897218e-05 3.7187169e-05 -5.8805273e-11)
(6.9157522e-05 4.0661792e-05 -6.2036429e-11)
(6.5636383e-05 4.4097132e-05 -6.3813113e-11)
(6.2299579e-05 4.7698448e-05 -6.4043241e-11)
(5.9052325e-05 5.108914e-05 -6.27243e-11)
(5.6003522e-05 5.4196688e-05 -6.00517e-11)
(5.3054466e-05 5.7128041e-05 -5.6342253e-11)
(5.0137395e-05 5.9933775e-05 -5.1921323e-11)
(4.7216328e-05 6.2552567e-05 -4.7099377e-11)
(4.4257437e-05 6.4967494e-05 -4.2135085e-11)
(4.1242405e-05 6.7142845e-05 -3.7225991e-11)
(3.8160701e-05 6.9047363e-05 -3.2513661e-11)
(3.5008882e-05 7.0671307e-05 -2.8086817e-11)
(3.1787833e-05 7.1992955e-05 -2.3993283e-11)
(2.8505016e-05 7.2979859e-05 -2.0254189e-11)
(2.5168614e-05 7.3613842e-05 -1.687142e-11)
(2.1789775e-05 7.3898764e-05 -1.3837075e-11)
(1.8381633e-05 7.3819054e-05 -1.1133322e-11)
(1.4961123e-05 7.3359517e-05 -8.7362957e-12)
(1.1545692e-05 7.2701226e-05 -6.6138756e-12)
(8.1535707e-06 7.0153436e-05 -4.6896644e-12)
(4.8131869e-06 7.3642293e-05 -3.2184952e-12)
(1.5492759e-06 6.7210021e-05 -1.3643594e-12)
(7.1535496e-05 2.6697568e-05 -1.7086153e-11)
(6.8070329e-05 3.0482849e-05 -1.6884126e-11)
(6.456718e-05 3.4266906e-05 -1.7443052e-11)
(6.1161911e-05 3.7669449e-05 -1.8237813e-11)
(5.789042e-05 4.0730759e-05 -1.8847465e-11)
(5.4884705e-05 4.382425e-05 -1.9118198e-11)
(5.1974494e-05 4.7031586e-05 -1.8946378e-11)
(4.9081829e-05 5.0056577e-05 -1.8310633e-11)
(4.6381413e-05 5.2806541e-05 -1.7279447e-11)
(4.3715782e-05 5.5374449e-05 -1.5950893e-11)
(4.1078662e-05 5.7791049e-05 -1.4427112e-11)
(3.842635e-05 6.0017733e-05 -1.280129e-11)
(3.5744252e-05 6.2032166e-05 -1.115599e-11)
(3.3019694e-05 6.3809635e-05 -9.5569867e-12)
(3.0247206e-05 6.5327043e-05 -8.0469163e-12)
(2.7427509e-05 6.6561457e-05 -6.6517932e-12)
(2.4565539e-05 6.7492605e-05 -5.3883428e-12)
(2.1666904e-05 6.8119531e-05 -4.2675372e-12)
(1.8740216e-05 6.8417163e-05 -3.2941198e-12)
(1.579685e-05 6.8383885e-05 -2.4676819e-12)
(1.2849015e-05 6.802033e-05 -1.7885977e-12)
(9.9099417e-06 6.7495118e-05 -1.2494733e-12)
(6.9947948e-06 6.5024263e-05 -8.0328799e-13)
(4.127072e-06 6.816166e-05 -7.2037555e-13)
(1.3260717e-06 6.2378854e-05 -1.8885038e-13)
(6.3106991e-05 2.43503e-05 -4.4269403e-12)
(6.0052362e-05 2.7921023e-05 -1.8188265e-12)
(5.6893973e-05 3.1283608e-05 -4.1516487e-13)
(5.3804019e-05 3.4488935e-05 3.4704493e-14)
(5.0832492e-05 3.7355928e-05 2.2411157e-14)
(4.8002098e-05 4.0127102e-05 -1.4939517e-13)
(4.5405208e-05 4.2935348e-05 -3.7549858e-13)
(4.2878939e-05 4.5671041e-05 -5.5087645e-13)
(4.0322932e-05 4.8274524e-05 -6.3727956e-13)
(3.7838938e-05 5.0616089e-05 -6.3363963e-13)
(3.5468128e-05 5.2805278e-05 -5.4286464e-13)
(3.3088495e-05 5.4808443e-05 -3.7731896e-13)
(3.0708446e-05 5.6620104e-05 -1.6405612e-13)
(2.8307842e-05 5.8225151e-05 6.631081e-14)
(2.587981e-05 5.9597281e-05 2.9475052e-13)
(2.3424108e-05 6.0714988e-05 5.0926027e-13)
(2.0944695e-05 6.1560137e-05 6.9717959e-13)
(1.8444823e-05 6.2123335e-05 8.4531532e-13)
(1.5930862e-05 6.2395218e-05 9.427342e-13)
(1.3411658e-05 6.2359965e-05 9.8060223e-13)
(1.0896506e-05 6.2019411e-05 9.4778768e-13)
(8.3967343e-06 6.1575253e-05 8.3940133e-13)
(5.9248138e-06 5.9260468e-05 6.959784e-13)
(3.4953502e-06 6.2259986e-05 2.3992806e-13)
(1.1240051e-06 5.6867801e-05 2.5211763e-13)
(5.5441172e-05 2.2056027e-05 -2.7212682e-13)
(5.269345e-05 2.5366828e-05 3.3899457e-12)
(4.987106e-05 2.8439756e-05 5.6770482e-12)
(4.7081505e-05 3.1358381e-05 6.8212709e-12)
(4.4381923e-05 3.4108683e-05 7.1816346e-12)
(4.1789186e-05 3.6471263e-05 7.1217681e-12)
(3.9331732e-05 3.885481e-05 6.817755e-12)
(3.7088752e-05 4.1278936e-05 6.3753114e-12)
(3.4821438e-05 4.3486436e-05 5.8859935e-12)
(3.2655603e-05 4.5695982e-05 5.3957184e-12)
(3.0446191e-05 4.7727957e-05 4.9323715e-12)
(2.8275901e-05 4.949296e-05 4.5194272e-12)
(2.6173169e-05 5.1083996e-05 4.1589604e-12)
(2.4066374e-05 5.2484779e-05 3.8393637e-12)
(2.1947647e-05 5.3682601e-05 3.5491886e-12)
(1.9818785e-05 5.4659217e-05 3.2827796e-12)
(1.7686302e-05 5.5392397e-05 3.0325986e-12)
(1.5547232e-05 5.5868645e-05 2.7873375e-12)
(1.3405525e-05 5.6079846e-05 2.5347028e-12)
(1.1267582e-05 5.6011348e-05 2.261949e-12)
(9.1416304e-06 5.5657192e-05 1.9546669e-12)
(7.0366272e-06 5.5234574e-05 1.6022091e-12)
(4.9619957e-06 5.3082091e-05 1.2430808e-12)
(2.9269135e-06 5.613616e-05 6.0060809e-13)
(9.4262286e-07 5.0851184e-05 4.1408637e-13)
(4.8446024e-05 1.9900191e-05 4.5062276e-13)
(4.6012229e-05 2.292535e-05 4.5427777e-12)
(4.3500477e-05 2.5671195e-05 7.1916454e-12)
(4.0991222e-05 2.8272608e-05 8.7024473e-12)
(3.8542795e-05 3.0754828e-05 9.3125023e-12)
(3.6186711e-05 3.3060726e-05 9.3502735e-12)
(3.3927331e-05 3.5045067e-05 9.0814675e-12)
(3.1760303e-05 3.6944513e-05 8.6087946e-12)
(2.9788264e-05 3.8963009e-05 8.0246124e-12)
(2.7884988e-05 4.0845419e-05 7.4014663e-12)
(2.5943685e-05 4.2539196e-05 6.7770312e-12)
(2.4080764e-05 4.4180324e-05 6.1772033e-12)
(2.2189425e-05 4.5624896e-05 5.6221021e-12)
(2.0322621e-05 4.6813524e-05 5.1161091e-12)
(1.8470516e-05 4.7813606e-05 4.6514774e-12)
(1.6625241e-05 4.8629702e-05 4.2203164e-12)
(1.4807795e-05 4.9242128e-05 3.8150685e-12)
(1.2991843e-05 4.9625448e-05 3.4290313e-12)
(1.1181225e-05 4.9770339e-05 3.0517236e-12)
(9.3819093e-06 4.9672104e-05 2.6699865e-12)
(7.5993901e-06 4.9321371e-05 2.2692477e-12)
(5.8399441e-06 4.8952001e-05 1.8367194e-12)
(4.1108252e-06 4.6980004e-05 1.4072971e-12)
(2.4240382e-06 4.9956373e-05 7.1636182e-13)
(7.8065967e-07 4.5010041e-05 4.5566677e-13)
(4.2160196e-05 1.7883251e-05 -6.8266046e-14)
(4.0016414e-05 2.0591684e-05 4.110661e-12)
(3.7781144e-05 2.2998753e-05 6.89643e-12)
(3.5529952e-05 2.5313129e-05 8.5680363e-12)
(3.3318218e-05 2.7469259e-05 9.3698997e-12)
(3.1181612e-05 2.9516796e-05 9.5433898e-12)
(2.91364e-05 3.1385625e-05 9.3296277e-12)
(2.7185531e-05 3.3067584e-05 8.8923325e-12)
(2.533708e-05 3.4626933e-05 8.3375134e-12)
(2.3548459e-05 3.6207518e-05 7.7283806e-12)
(2.1896667e-05 3.7759633e-05 7.1011861e-12)
(2.0285588e-05 3.9083411e-05 6.4848938e-12)
(1.864196e-05 4.0249432e-05 5.8997077e-12)
(1.7031628e-05 4.1289653e-05 5.3564932e-12)
(1.5455181e-05 4.2140778e-05 4.8552488e-12)
(1.3900881e-05 4.2833013e-05 4.3898795e-12)
(1.2332857e-05 4.333397e-05 3.953905e-12)
(1.0785145e-05 4.3609826e-05 3.5389031e-12)
(9.2589027e-06 4.3694003e-05 3.1336064e-12)
(7.7536411e-06 4.3574462e-05 2.727893e-12)
(6.2701918e-06 4.322266e-05 2.3091394e-12)
(4.8083079e-06 4.2928465e-05 1.861094e-12)
(3.3681406e-06 4.107167e-05 1.4236439e-12)
(1.990646e-06 4.3853885e-05 7.4200739e-13)
(6.4323797e-07 3.9389479e-05 4.5614703e-13)
(3.657232e-05 1.5862311e-05 -8.7383062e-13)
(3.4682432e-05 1.8284134e-05 3.1836471e-12)
(3.2695029e-05 2.0475616e-05 5.9456784e-12)
(3.0682179e-05 2.2514147e-05 7.6739402e-12)
(2.8693733e-05 2.4380098e-05 8.6048009e-12)
(2.6764217e-05 2.6140139e-05 8.9108394e-12)
(2.491548e-05 2.7799391e-05 8.8016077e-12)
(2.3156493e-05 2.9316449e-05 8.4502105e-12)
(2.1488199e-05 3.0732444e-05 7.9542168e-12)
(1.9896899e-05 3.1951207e-05 7.3949842e-12)
(1.8383806e-05 3.3042932e-05 6.8186389e-12)
(1.690433e-05 3.4175413e-05 6.2459685e-12)
(1.5512144e-05 3.5221127e-05 5.6939585e-12)
(1.4147504e-05 3.6081354e-05 5.175505e-12)
(1.2809708e-05 3.6793961e-05 4.6934961e-12)
(1.1495987e-05 3.7342987e-05 4.2439057e-12)
(1.0173497e-05 3.7722041e-05 3.8217388e-12)
(8.8761652e-06 3.7939457e-05 3.4196752e-12)
(7.6050895e-06 3.7983943e-05 3.027913e-12)
(6.3590475e-06 3.7851625e-05 2.6368259e-12)
(5.1389794e-06 3.7499966e-05 2.2340488e-12)
(3.9477157e-06 3.7243172e-05 1.7985369e-12)
(2.7913001e-06 3.5465915e-05 1.3782897e-12)
(1.6318751e-06 3.7994423e-05 7.2816744e-13)
(5.1157237e-07 3.4089383e-05 4.4200935e-13)
(3.1646978e-05 1.3872852e-05 -1.5992928e-12)
(2.9976589e-05 1.603764e-05 2.2322056e-12)
(2.8213741e-05 1.7999829e-05 4.8916638e-12)
(2.6421183e-05 1.9779359e-05 6.6020238e-12)
(2.4640955e-05 2.1448525e-05 7.5702837e-12)
(2.2906408e-05 2.2980508e-05 7.9746399e-12)
(2.1239986e-05 2.4388064e-05 7.9850529e-12)
(1.9653913e-05 2.5681583e-05 7.7389477e-12)
(1.8152524e-05 2.6866512e-05 7.3333287e-12)
(1.6732352e-05 2.7931853e-05 6.8415083e-12)
(1.538585e-05 2.8914392e-05 6.3176424e-12)
(1.4098192e-05 2.9750963e-05 5.7989082e-12)
(1.2871265e-05 3.0464408e-05 5.3005954e-12)
(1.1684215e-05 3.1125588e-05 4.8291924e-12)
(1.0525178e-05 3.1721441e-05 4.3869438e-12)
(9.3914241e-06 3.2209675e-05 3.9719634e-12)
(8.3056102e-06 3.2505277e-05 3.5817208e-12)
(7.2392074e-06 3.264001e-05 3.2090878e-12)
(6.1935611e-06 3.2650464e-05 2.8450076e-12)
(5.1713772e-06 3.2524892e-05 2.4807664e-12)
(4.1744613e-06 3.2232651e-05 2.103531e-12)
(3.2066807e-06 3.2112462e-05 1.6931705e-12)
(2.2714067e-06 3.0255579e-05 1.3014235e-12)
(1.3307062e-06 3.2370584e-05 6.8921323e-13)
(4.3009655e-07 2.9381715e-05 4.1668776e-13)
(2.7341541e-05 1.1998532e-05 -2.3022129e-12)
(2.5868156e-05 1.3918335e-05 1.3109476e-12)
(2.4309833e-05 1.5627879e-05 3.8650419e-12)
(2.2714753e-05 1.7138769e-05 5.5460232e-12)
(2.1124515e-05 1.8607432e-05 6.533049e-12)
(1.9570253e-05 1.9935566e-05 7.0025165e-12)
(1.8073703e-05 2.1136887e-05 7.0959042e-12)
(1.6648063e-05 2.2238948e-05 6.9375557e-12)
(1.5300059e-05 2.3226082e-05 6.6241542e-12)
(1.4030164e-05 2.4113769e-05 6.2162815e-12)
(1.2834173e-05 2.4917677e-05 5.7630998e-12)
(1.1704449e-05 2.5618211e-05 5.3017654e-12)
(1.0634022e-05 2.6223955e-05 4.8552274e-12)
(9.611198e-06 2.67585e-05 4.4319121e-12)
(8.6270694e-06 2.7157462e-05 4.0330435e-12)
(7.67715e-06 2.7423641e-05 3.658537e-12)
(6.7634579e-06 2.7622303e-05 3.3048915e-12)
(5.8774766e-06 2.7729939e-05 2.9654815e-12)
(5.016466e-06 2.7719426e-05 2.6329386e-12)
(4.1797246e-06 2.759938e-05 2.2987207e-12)
(3.3669414e-06 2.7325082e-05 1.9509211e-12)
(2.5757264e-06 2.7136167e-05 1.5709549e-12)
(1.7999829e-06 2.5580668e-05 1.2079659e-12)
(1.0699448e-06 2.7966577e-05 6.3315806e-13)
(3.5409056e-07 2.4648119e-05 3.8548144e-13)
(2.362009e-05 1.0332929e-05 -3.1705484e-12)
(2.2319225e-05 1.1937519e-05 3.3474178e-13)
(2.0941841e-05 1.3404916e-05 2.8408884e-12)
(1.9523852e-05 1.472986e-05 4.5084075e-12)
(1.8105723e-05 1.5943139e-05 5.5278611e-12)
(1.6715939e-05 1.7051259e-05 6.0546499e-12)
(1.5375536e-05 1.8065227e-05 6.2232238e-12)
(1.4098322e-05 1.8983764e-05 6.1483864e-12)
(1.2891784e-05 1.9813958e-05 5.9130853e-12)
(1.175815e-05 2.0561688e-05 5.5803877e-12)
(1.0695636e-05 2.1218542e-05 5.2004066e-12)
(9.6998808e-06 2.1784623e-05 4.8052493e-12)
(8.7647309e-06 2.2265314e-05 4.4148512e-12)
(7.8817762e-06 2.2667808e-05 4.0384583e-12)
(7.0437176e-06 2.2969916e-05 3.6814741e-12)
(6.2450113e-06 2.3170829e-05 3.345782e-12)
(5.4819132e-06 2.3298415e-05 3.0276761e-12)
(4.7494555e-06 2.3348556e-05 2.7211963e-12)
(4.044026e-06 2.3303884e-05 2.4193732e-12)
(3.3633157e-06 2.3148243e-05 2.1140839e-12)
(2.7059323e-06 2.2841515e-05 1.7949302e-12)
(2.070248e-06 2.2682216e-05 1.4446224e-12)
(1.4551669e-06 2.1354952e-05 1.1109935e-12)
(8.5440863e-07 2.384087e-05 5.7503792e-13)
(2.6436126e-07 2.059922e-05 3.4830067e-13)
(2.0431227e-05 8.8165844e-06 -4.0466927e-12)
(1.9288878e-05 1.0150116e-05 -6.5671126e-13)
(1.8063422e-05 1.1425183e-05 1.7923388e-12)
(1.6806166e-05 1.2546653e-05 3.4706562e-12)
(1.5543475e-05 1.3521885e-05 4.5403464e-12)
(1.4301987e-05 1.44377e-05 5.1344857e-12)
(1.310309e-05 1.5267501e-05 5.3822531e-12)
(1.1960491e-05 1.601702e-05 5.3852204e-12)
(1.0882269e-05 1.6692304e-05 5.2266907e-12)
(9.8717679e-06 1.7294324e-05 4.9705663e-12)
(8.9285784e-06 1.7815274e-05 4.6631229e-12)
(8.0499257e-06 1.826032e-05 4.3327333e-12)
(7.2309608e-06 1.8638186e-05 3.9968721e-12)
(6.4657118e-06 1.8944845e-05 3.6677389e-12)
(5.7481955e-06 1.9172731e-05 3.3524681e-12)
(5.0729306e-06 1.9322993e-05 3.0531627e-12)
(4.4346237e-06 1.9405293e-05 2.767174e-12)
(3.8284013e-06 1.9414315e-05 2.4904604e-12)
(3.250314e-06 1.9339591e-05 2.2171616e-12)
(2.6973444e-06 1.917793e-05 1.9392686e-12)
(2.1667834e-06 1.8910621e-05 1.646884e-12)
(1.6564863e-06 1.8797191e-05 1.3248314e-12)
(1.1647531e-06 1.7590203e-05 1.0190275e-12)
(6.8263206e-07 2.0025978e-05 5.210512e-13)
(2.146437e-07 1.6951386e-05 3.1646797e-13)
(1.77223e-05 7.446928e-06 -4.8618546e-12)
(1.6716272e-05 8.5632964e-06 -1.5912057e-12)
(1.5638345e-05 9.6159325e-06 8.2126845e-13)
(1.4520518e-05 1.0547722e-05 2.512524e-12)
(1.339517e-05 1.1356966e-05 3.6209419e-12)
(1.228459e-05 1.2104962e-05 4.2714997e-12)
(1.1212581e-05 1.2778115e-05 4.5840155e-12)
(1.0190192e-05 1.3378553e-05 4.6586128e-12)
(9.2260075e-06 1.3906063e-05 4.5772196e-12)
(8.3244349e-06 1.4365546e-05 4.3972285e-12)
(7.4863101e-06 1.4764436e-05 4.1567371e-12)
(6.7097621e-06 1.5104455e-05 3.8856227e-12)
(5.9910277e-06 1.5385887e-05 3.603671e-12)
(5.325508e-06 1.5609329e-05 3.321841e-12)
(4.7080194e-06 1.5774801e-05 3.0469011e-12)
(4.133178e-06 1.5880543e-05 2.7822357e-12)
(3.595945e-06 1.5925589e-05 2.5272666e-12)
(3.0915522e-06 1.5908758e-05 2.2786998e-12)
(2.6158211e-06 1.5830459e-05 2.0312639e-12)
(2.1651557e-06 1.5687482e-05 1.7784989e-12)
(1.7363465e-06 1.5457337e-05 1.5119367e-12)
(1.3265744e-06 1.5379732e-05 1.2158083e-12)
(9.3355277e-07 1.4316346e-05 9.3350035e-13)
(5.4726467e-07 1.667568e-05 4.7050549e-13)
(1.72728e-07 1.3845755e-05 2.8598428e-13)
(1.5453312e-05 6.2174038e-06 -5.5968204e-12)
(1.4560783e-05 7.1400823e-06 -2.4099977e-12)
(1.3612666e-05 7.9822719e-06 -2.489863e-14)
(1.2621731e-05 8.7573773e-06 1.6682153e-12)
(1.1618115e-05 9.4299901e-06 2.8033134e-12)
(1.061802e-05 1.0024261e-05 3.4980709e-12)
(9.6606264e-06 1.0561805e-05 3.8662455e-12)
(8.7443356e-06 1.1031276e-05 4.0046433e-12)
(7.8799579e-06 1.1435998e-05 3.9871533e-12)
(7.0729423e-06 1.1783e-05 3.8671993e-12)
(6.3251658e-06 1.2082406e-05 3.6827026e-12)
(5.6357318e-06 1.2332534e-05 3.4636374e-12)
(5.0019092e-06 1.2533609e-05 3.2294949e-12)
(4.4197724e-06 1.2688282e-05 2.9915134e-12)
(3.8846411e-06 1.2795434e-05 2.756888e-12)
(3.3915302e-06 1.2855373e-05 2.5277301e-12)
(2.9357708e-06 1.2870765e-05 2.3031184e-12)
(2.5128144e-06 1.2841175e-05 2.0813126e-12)
(2.1183948e-06 1.2766321e-05 1.8586905e-12)
(1.7486164e-06 1.2642293e-05 1.6299167e-12)
(1.3999948e-06 1.2439843e-05 1.3879517e-12)
(1.069314e-06 1.2404018e-05 1.1158348e-12)
(7.5392099e-07 1.1461424e-05 8.5635097e-13)
(4.4259046e-07 1.3695547e-05 4.2864435e-13)
(1.396001e-07 1.1122827e-05 2.6043997e-13)
(1.3575359e-05 5.1181614e-06 -6.2185085e-12)
(1.2785256e-05 5.8613957e-06 -3.1044686e-12)
(1.1937461e-05 6.5420833e-06 -7.5490428e-13)
(1.1055857e-05 7.1956437e-06 9.3463515e-13)
(1.0159488e-05 7.7250905e-06 2.0895535e-12)
(9.2709769e-06 8.1751371e-06 2.8205356e-12)
(8.407583e-06 8.6074296e-06 3.2343535e-12)
(7.5819387e-06 8.9644065e-06 3.4233254e-12)
(6.8035022e-06 9.2726312e-06 3.4535338e-12)
(6.0773392e-06 9.5311741e-06 3.3806803e-12)
(5.4059698e-06 9.743714e-06 3.2447001e-12)
(4.7893607e-06 9.9182195e-06 3.0711291e-12)
(4.2256127e-06 1.0054677e-05 2.8789986e-12)
(3.711442e-06 1.0153474e-05 2.6804015e-12)
(3.2427561e-06 1.0215662e-05 2.4816525e-12)
(2.8151208e-06 1.0242979e-05 2.2846785e-12)
(2.4240681e-06 1.0236784e-05 2.0892358e-12)
(2.0652338e-06 1.0197373e-05 1.8938826e-12)
(1.7344378e-06 1.0125183e-05 1.6956148e-12)
(1.4277875e-06 1.0017185e-05 1.4899996e-12)
(1.1417697e-06 9.8399117e-06 1.2713647e-12)
(8.730136e-07 9.8257645e-06 1.022939e-12)
(6.1890106e-07 8.9809907e-06 7.8623269e-13)
(3.6378964e-07 1.10921e-05 3.9258235e-13)
(1.1302215e-07 8.747622e-06 2.3918758e-13)
(1.203968e-05 4.1544619e-06 -6.7133879e-12)
(1.1336958e-05 4.7553733e-06 -3.6968797e-12)
(1.0579221e-05 5.3014277e-06 -1.3880478e-12)
(9.7875058e-06 5.8013933e-06 2.9474439e-13)
(8.9838504e-06 6.2296581e-06 1.4582654e-12)
(8.193469e-06 6.58453e-06 2.2172687e-12)
(7.4110676e-06 6.8969727e-06 2.6695904e-12)
(6.6636851e-06 7.1660307e-06 2.8975723e-12)
(5.9583563e-06 7.3947957e-06 2.9685722e-12)
(5.300439e-06 7.5815854e-06 2.9377364e-12)
(4.6928081e-06 7.727156e-06 2.8437898e-12)
(4.1360509e-06 7.8410732e-06 2.7104533e-12)
(3.6289741e-06 7.9252628e-06 2.5554336e-12)
(3.1690015e-06 7.9810449e-06 2.3905131e-12)
(2.75268e-06 8.0101115e-06 2.2223012e-12)
(2.3760748e-06 8.0132943e-06 2.0537792e-12)
(2.0350292e-06 7.9913579e-06 1.8852049e-12)
(1.72543e-06 7.9450977e-06 1.7149633e-12)
(1.4433195e-06 7.8755913e-06 1.5401195e-12)
(1.1850411e-06 7.7830802e-06 1.3567145e-12)
(9.4725565e-07 7.621148e-06 1.160803e-12)
(7.2661722e-07 7.630402e-06 9.3505241e-13)
(5.2022664e-07 6.8573786e-06 7.2150601e-13)
(3.0624103e-07 8.8345308e-06 3.617377e-13)
(9.2224427e-08 6.6982172e-06 2.223087e-13)
(1.0801565e-05 3.3233852e-06 -7.0855678e-12)
(1.0173536e-05 3.8029708e-06 -4.189901e-12)
(9.4945023e-06 4.2308611e-06 -1.946456e-12)
(8.7836126e-06 4.6091296e-06 -2.887044e-13)
(8.0593778e-06 4.9464055e-06 8.7689337e-13)
(7.3389514e-06 5.2193442e-06 1.6572982e-12)
(6.6317953e-06 5.4395462e-06 2.142475e-12)
(5.9523838e-06 5.630368e-06 2.4089802e-12)
(5.3090811e-06 5.7886093e-06 2.5218613e-12)
(4.7081533e-06 5.9138707e-06 2.5323599e-12)
(4.1529034e-06 6.0055642e-06 2.4770751e-12)
(3.6445108e-06 6.0719248e-06 2.379813e-12)
(3.1824231e-06 6.1163119e-06 2.2576737e-12)
(2.7647396e-06 6.1402082e-06 2.1224581e-12)
(2.3886316e-06 6.1441423e-06 1.9813902e-12)
(2.0506297e-06 6.1298558e-06 1.837922e-12)
(1.7470204e-06 6.098392e-06 1.6928163e-12)
(1.4740616e-06 6.0499395e-06 1.544913e-12)
(1.2280616e-06 5.9858412e-06 1.391615e-12)
(1.0057495e-06 5.9096166e-06 1.2291879e-12)
(8.0421601e-07 5.7675043e-06 1.0548297e-12)
(6.2041193e-07 5.7962464e-06 8.5092663e-13)
(4.525542e-07 5.0931559e-06 6.5810752e-13)
(2.6603087e-07 6.9499907e-06 3.2943966e-13)
(7.5297294e-08 5.0347631e-06 2.0244498e-13)
(9.8187708e-06 2.6149217e-06 -7.4029496e-12)
(9.2540809e-06 2.9885905e-06 -4.6241263e-12)
(8.641855e-06 3.3169407e-06 -2.4511178e-12)
(7.9988738e-06 3.6040297e-06 -8.2729814e-13)
(7.3413242e-06 3.8564864e-06 3.3472869e-13)
(6.6838571e-06 4.0582108e-06 1.1310959e-12)
(6.0379903e-06 4.214245e-06 1.6446754e-12)
(5.4150716e-06 4.341727e-06 1.9485544e-12)
(4.8236241e-06 4.4359169e-06 2.1037008e-12)
(4.2696197e-06 4.5050465e-06 2.1546596e-12)
(3.7567499e-06 4.555861e-06 2.1353043e-12)
(3.2867458e-06 4.5865874e-06 2.0712676e-12)
(2.8596229e-06 4.600185e-06 1.9798675e-12)
(2.4740822e-06 4.5989127e-06 1.8727229e-12)
(2.1279533e-06 4.5850258e-06 1.756848e-12)
(1.8181293e-06 4.559546e-06 1.6362249e-12)
(1.5414258e-06 4.5227598e-06 1.5123296e-12)
(1.294629e-06 4.4757924e-06 1.3844903e-12)
(1.0740969e-06 4.4199101e-06 1.2507068e-12)
(8.7713304e-07 4.355757e-06 1.1078846e-12)
(7.0156725e-07 4.24174e-06 9.529375e-13)
(5.4561701e-07 4.2850335e-06 7.7003436e-13)
(4.1206692e-07 3.6365993e-06 5.9692008e-13)
(2.4016811e-07 5.3579006e-06 2.9740549e-13)
(5.7606197e-08 3.6486761e-06 1.8359759e-13)
(9.0522256e-06 2.0192887e-06 -7.7501121e-12)
(8.540829e-06 2.3005365e-06 -5.0541119e-12)
(7.9847736e-06 2.5457497e-06 -2.9334102e-12)
(7.3988187e-06 2.7582163e-06 -1.3338909e-12)
(6.7973241e-06 2.9385998e-06 -1.7224859e-13)
(6.1933867e-06 3.0849922e-06 6.3917849e-13)
(5.5982364e-06 3.1899237e-06 1.1787425e-12)
(5.0222019e-06 3.2614742e-06 1.5165162e-12)
(4.4732095e-06 3.3122152e-06 1.7074775e-12)
(3.9571829e-06 3.3430859e-06 1.7940431e-12)
(3.4780409e-06 3.3584104e-06 1.809083e-12)
(3.0379114e-06 3.3600293e-06 1.7769972e-12)
(2.6373272e-06 3.3505972e-06 1.7149224e-12)
(2.2755342e-06 3.3313599e-06 1.6344395e-12)
(1.9507824e-06 3.3044326e-06 1.5426988e-12)
(1.6605918e-06 3.2710748e-06 1.4439928e-12)
(1.4019858e-06 3.23227e-06 1.3402095e-12)
(1.1729887e-06 3.1886936e-06 1.2312522e-12)
(9.6877935e-07 3.1410267e-06 1.1157563e-12)
(7.8779094e-07 3.088284e-06 9.91251e-13)
(6.2839252e-07 3.0044755e-06 8.5426436e-13)
(4.9062074e-07 3.0601374e-06 6.9208176e-13)
(3.9410379e-07 2.4485326e-06 5.3802078e-13)
(2.2252771e-07 4.0030168e-06 2.6650489e-13)
(3.4495327e-08 2.4904855e-06 1.6669543e-13)
(8.4662703e-06 1.5321726e-06 -8.161222e-12)
(7.9993815e-06 1.7382458e-06 -5.5215947e-12)
(7.4901851e-06 1.9106948e-06 -3.4251384e-12)
(6.9517589e-06 2.0552294e-06 -1.8273876e-12)
(6.3969268e-06 2.1749892e-06 -6.5558909e-13)
(5.8376081e-06 2.2824754e-06 1.7438294e-13)
(5.2844462e-06 2.345022e-06 7.4009838e-13)
(4.7467268e-06 2.3696929e-06 1.1076279e-12)
(4.2320714e-06 2.3912186e-06 1.3289733e-12)
(3.7463158e-06 2.3955576e-06 1.4468067e-12)
(3.2935255e-06 2.3863118e-06 1.4931069e-12)
(2.8761302e-06 2.3668786e-06 1.4908319e-12)
(2.4951015e-06 2.3400105e-06 1.4565002e-12)
(2.1501733e-06 2.3082134e-06 1.4014054e-12)
(1.8399817e-06 2.2727305e-06 1.3329699e-12)
(1.5626952e-06 2.2343245e-06 1.2556964e-12)
(1.3157145e-06 2.1954982e-06 1.1716947e-12)
(1.0962415e-06 2.1552749e-06 1.081307e-12)
(9.0139097e-07 2.1143285e-06 9.83652e-13)
(7.2836711e-07 2.0734513e-06 8.7678826e-13)
(5.7486954e-07 2.0157961e-06 7.5743566e-13)
(4.3662493e-07 2.0967056e-06 6.1559456e-13)
(3.6365598e-07 1.5131758e-06 4.7971829e-13)
(1.934151e-07 2.8703916e-06 2.3538529e-13)
(3.1259395e-08 1.606729e-06 1.4797255e-13)
(8.0287435e-06 1.1334363e-06 -8.5833773e-12)
(7.5987394e-06 1.278983e-06 -5.9938975e-12)
(7.1283411e-06 1.3985578e-06 -3.9207174e-12)
(6.6292256e-06 1.4945222e-06 -2.3221925e-12)
(6.1129096e-06 1.5667906e-06 -1.1327689e-12)
(5.5903139e-06 1.6206397e-06 -2.7735583e-13)
(5.0714455e-06 1.6515472e-06 3.1561597e-13)
(4.5646903e-06 1.6582801e-06 7.1085615e-13)
(4.0774628e-06 1.653265e-06 9.61185e-13)
(3.6154698e-06 1.6370399e-06 1.1083935e-12)
(3.1828628e-06 1.6107695e-06 1.1835294e-12)
(2.7823207e-06 1.5778516e-06 1.2087772e-12)
(2.4151693e-06 1.540493e-06 1.2003425e-12)
(2.0815574e-06 1.5002594e-06 1.1695331e-12)
(1.7806437e-06 1.4588308e-06 1.1237133e-12)
(1.5108889e-06 1.4180963e-06 1.0673311e-12)
(1.2701886e-06 1.3792831e-06 1.0027549e-12)
(1.0548645e-06 1.3423225e-06 9.3076986e-13)
(8.6391183e-07 1.3078282e-06 8.5091676e-13)
(6.9331692e-07 1.2760808e-06 7.6164872e-13)
(5.399952e-07 1.2304379e-06 6.6028921e-13)
(4.0147871e-07 1.3402602e-06 5.3861459e-13)
(2.7356728e-07 7.9070176e-07 4.2126111e-13)
(1.5876153e-07 1.9682944e-06 2.0470694e-13)
(5.297422e-08 9.1458763e-07 1.3003856e-13)
(7.7111336e-06 8.1100598e-07 -8.9920263e-12)
(7.3114289e-06 9.0905097e-07 -6.451007e-12)
(6.872882e-06 9.8823883e-07 -4.4019759e-12)
(6.4059973e-06 1.0470349e-06 -2.8057188e-12)
(5.9212151e-06 1.0856846e-06 -1.6040269e-12)
(5.4285495e-06 1.1068601e-06 -7.2821062e-13)
(4.93719e-06 1.11229e-06 -1.0892875e-13)
(4.4552119e-06 1.0999198e-06 3.1522711e-13)
(3.9896025e-06 1.0760602e-06 5.9549902e-13)
(3.5459674e-06 1.0456141e-06 7.7213848e-13)
(3.1284924e-06 1.0082541e-06 8.7511853e-13)
(2.7400619e-06 9.667811e-07 9.2678555e-13)
(2.3823115e-06 9.2287145e-07 9.4332015e-13)
(2.0557434e-06 8.7845902e-07 9.3582103e-13)
(1.7599066e-06 8.3505068e-07 9.1169171e-13)
(1.493559e-06 7.9397049e-07 8.7558388e-13)
(1.2547806e-06 7.560358e-07 8.3014121e-13)
(1.0409856e-06 7.2194381e-07 7.7650401e-13)
(8.4975427e-07 6.92576e-07 7.145732e-13)
(6.7772885e-07 6.6928196e-07 6.430964e-13)
(5.2098238e-07 6.379065e-07 5.6020396e-13)
(3.7791791e-07 7.195301e-07 4.5860959e-13)
(1.9087985e-07 2.4215715e-07 3.6060922e-13)
(1.3403754e-07 1.3159712e-06 1.7283127e-13)
(8.0786606e-08 3.5433856e-07 1.1093169e-13)
(7.4886262e-06 5.578087e-07 -9.3952434e-12)
(7.1135603e-06 6.2106946e-07 -6.8978431e-12)
(6.7008879e-06 6.6921352e-07 -4.86932e-12)
(6.2601355e-06 6.9992972e-07 -3.2768588e-12)
(5.8008446e-06 7.1545641e-07 -2.0681242e-12)
(5.3322321e-06 7.1644801e-07 -1.1764209e-12)
(4.8628672e-06 7.0713062e-07 -5.3446621e-13)
(4.4004319e-06 6.8165634e-07 -8.3086592e-14)
(3.9515764e-06 6.4256464e-07 2.2657969e-13)
(3.5218185e-06 6.0199271e-07 4.3186389e-13)
(3.1153901e-06 5.5894188e-07 5.6206009e-13)
(2.7353358e-06 5.1338442e-07 6.3979038e-13)
(2.3835416e-06 4.6674007e-07 6.8091491e-13)
(2.0608317e-06 4.2137884e-07 6.9625342e-13)
(1.7670584e-06 3.7845589e-07 6.9337484e-13)
(1.5013099e-06 3.3889887e-07 6.7728229e-13)
(1.2619653e-06 3.034479e-07 6.5092455e-13)
(1.0468138e-06 2.7257866e-07 6.1572957e-13)
(8.5322118e-07 2.4652093e-07 5.7195064e-13)
(6.7781409e-07 2.2710356e-07 5.1867017e-13)
(5.1614516e-07 1.9647214e-07 4.5475218e-13)
(3.6179314e-07 2.5473274e-07 3.7337955e-13)
(1.8944805e-07 -1.3642545e-07 2.9550974e-13)
(1.2518898e-07 8.5975368e-07 1.3787299e-13)
(8.7309521e-08 -2.0615368e-08 9.0566315e-14)
(7.3398045e-06 3.8089169e-07 -9.8151568e-12)
(6.9845417e-06 4.1793518e-07 -7.3452716e-12)
(6.5926289e-06 4.3964661e-07 -5.3280133e-12)
(6.1727877e-06 4.4820254e-07 -3.7380996e-12)
(5.7338195e-06 4.4864405e-07 -2.5248993e-12)
(5.2842837e-06 4.3700167e-07 -1.6195149e-12)
(4.8322349e-06 4.1504802e-07 -9.5776518e-13)
(4.3849827e-06 3.8339949e-07 -4.8310374e-13)
(3.948912e-06 3.4172728e-07 -1.4781489e-13)
(3.5294208e-06 2.9695938e-07 8.4168657e-14)
(3.1308057e-06 2.5027658e-07 2.4124336e-13)
(2.7562485e-06 2.0280673e-07 3.4476883e-13)
(2.4078447e-06 1.5684242e-07 4.1000697e-13)
(2.0866914e-06 1.1326349e-07 4.4793806e-13)
(1.7929274e-06 7.2623027e-08 4.6634498e-13)
(1.5259364e-06 3.5762069e-08 4.7045565e-13)
(1.2843975e-06 3.204237e-09 4.6345724e-13)
(1.0664027e-06 -2.4653005e-08 4.4692341e-13)
(8.6953018e-07 -4.7455515e-08 4.2138216e-13)
(6.9080688e-07 -6.4650654e-08 3.8656496e-13)
(5.2666465e-07 -9.5241651e-08 3.4195718e-13)
(3.7310628e-07 -4.5444533e-08 2.8124171e-13)
(2.2296701e-07 -3.6646504e-07 2.2415377e-13)
(1.350348e-07 5.2547405e-07 9.8023874e-14)
(7.2110894e-08 -2.4329023e-07 6.7005652e-14)
(7.2457687e-06 2.6415142e-07 -1.0190018e-11)
(6.9061872e-06 2.8558867e-07 -7.7469423e-12)
(6.5306756e-06 2.9490843e-07 -5.7511535e-12)
(6.1273064e-06 2.9289524e-07 -4.1724868e-12)
(5.7042739e-06 2.7980197e-07 -2.9585084e-12)
(5.2696107e-06 2.5825764e-07 -2.0454939e-12)
(4.8309424e-06 2.3338141e-07 -1.3715023e-12)
(4.3952541e-06 2.0227101e-07 -8.7887327e-13)
(3.968739e-06 1.6195965e-07 -5.2160378e-13)
(3.5566895e-06 1.170878e-07 -2.6540356e-13)
(3.1634164e-06 7.1134236e-08 -8.3357981e-14)
(2.7922158e-06 2.542879e-08 4.4630936e-14)
(2.4453783e-06 -1.8158194e-08 1.3328011e-13)
(2.1242187e-06 -5.8818595e-08 1.9345824e-13)
(1.8291518e-06 -9.5956779e-08 2.3296309e-13)
(1.5598207e-06 -1.2912623e-07 2.5707596e-13)
(1.3151965e-06 -1.5827619e-07 2.6915135e-13)
(1.0936756e-06 -1.8312254e-07 2.7103477e-13)
(8.9318772e-07 -2.031856e-07 2.6361279e-13)
(7.1129977e-07 -2.1975797e-07 2.4725079e-13)
(5.4538161e-07 -2.4584859e-07 2.2181474e-13)
(3.9308783e-07 -2.0325796e-07 1.8221019e-13)
(2.5180688e-07 -4.6663302e-07 1.4641362e-13)
(1.4954108e-07 3.0270106e-07 5.297051e-14)
(6.5339749e-08 -3.5065833e-07 4.0707286e-14)
(7.1885805e-06 1.8577872e-07 -1.038316e-11)
(6.8611765e-06 1.9928628e-07 -7.9888537e-12)
(6.4983742e-06 2.0530784e-07 -6.0425805e-12)
(6.1077307e-06 2.0359982e-07 -4.5039865e-12)
(5.6969584e-06 1.9363474e-07 -3.3165545e-12)
(5.2736714e-06 1.7702874e-07 -2.4166993e-12)
(4.8451446e-06 1.5264745e-07 -1.74223e-12)
(4.4181108e-06 1.2314499e-07 -1.240362e-12)
(3.9985941e-06 8.8698308e-08 -8.6924062e-13)
(3.5917946e-06 4.9172397e-08 -5.9565942e-13)
(3.2020222e-06 8.7372056e-09 -3.9418266e-13)
(2.8326589e-06 -3.1913153e-08 -2.4568925e-13)
(2.4861597e-06 -7.0576525e-08 -1.3633916e-13)
(2.1640537e-06 -1.060646e-07 -5.5874059e-14)
(1.8669765e-06 -1.3863058e-07 3.2472903e-15)
(1.5948448e-06 -1.6840407e-07 4.6087736e-14)
(1.3469095e-06 -1.9488281e-07 7.5979131e-14)
(1.12185e-06 -2.1743616e-07 9.5115422e-14)
(9.1791781e-07 -2.3572218e-07 1.0483579e-13)
(7.3310656e-07 -2.5096829e-07 1.0595711e-13)
(5.6535629e-07 -2.713976e-07 9.8796095e-14)
(4.1296572e-07 -2.3882466e-07 7.9807488e-14)
(2.7408284e-07 -4.4917349e-07 6.4666006e-14)
(1.6233063e-07 1.8929654e-07 3.669012e-15)
(6.363755e-08 -3.4507677e-07 1.0957714e-14)
(7.1525404e-06 1.4736812e-07 -1.0251497e-11)
(6.8343625e-06 1.5846705e-07 -7.9473425e-12)
(6.4811669e-06 1.6332722e-07 -6.0909715e-12)
(6.1001139e-06 1.6266385e-07 -4.6294903e-12)
(5.6985499e-06 1.5644871e-07 -3.5011221e-12)
(5.283764e-06 1.4622214e-07 -2.6419193e-12)
(4.8627676e-06 1.3179884e-07 -1.9927334e-12)
(4.4420896e-06 1.1266433e-07 -1.5040074e-12)
(4.0276076e-06 8.9048589e-08 -1.1366812e-12)
(3.6244387e-06 6.3084357e-08 -8.6062656e-13)
(3.2368731e-06 3.668963e-08 -6.521975e-13)
(2.8683385e-06 8.0586873e-09 -4.9295673e-13)
(2.5214181e-06 -2.1517504e-08 -3.7014146e-13)
(2.1978849e-06 -5.0174299e-08 -2.7490062e-13)
(1.8986908e-06 -7.7681997e-08 -2.0065217e-13)
(1.6239979e-06 -1.0339911e-07 -1.4288805e-13)
(1.3732508e-06 -1.2780925e-07 -9.8435406e-14)
(1.145322e-06 -1.4964811e-07 -6.4902019e-14)
(9.3867418e-07 -1.6710427e-07 -4.0676511e-14)
(7.5153675e-07 -1.8082895e-07 -2.4618893e-14)
(5.8210677e-07 -1.9593988e-07 -1.6018747e-14)
(4.2887226e-07 -1.7279777e-07 -1.6742614e-14)
(2.9030635e-07 -3.3476799e-07 -1.366947e-14)
(1.7202132e-07 1.6559632e-07 -4.4651342e-14)
(6.3293655e-08 -2.5292131e-07 -1.9104931e-14)
(7.110984e-06 1.3379582e-07 -9.5219553e-12)
(6.7998498e-06 1.4647377e-07 -7.4048209e-12)
(6.4540288e-06 1.5368894e-07 -5.7236211e-12)
(6.0803826e-06 1.5681541e-07 -4.4102622e-12)
(5.6859811e-06 1.5503896e-07 -3.398293e-12)
(5.2778794e-06 1.5118892e-07 -2.6261314e-12)
(4.8628956e-06 1.4640486e-07 -2.0398097e-12)
(4.4474077e-06 1.3936497e-07 -1.5948901e-12)
(4.0371844e-06 1.3134379e-07 -1.256321e-12)
(3.6372716e-06 1.2112755e-07 -9.9735437e-13)
(3.2519279e-06 1.090645e-07 -7.9801459e-13)
(2.8845828e-06 9.6757905e-08 -6.4292163e-13)
(2.5378937e-06 8.1661239e-08 -5.201815e-13)
(2.2138669e-06 6.1451103e-08 -4.2169963e-13)
(1.913905e-06 3.9623729e-08 -3.4215919e-13)
(1.6382894e-06 2.0519364e-08 -2.7765352e-13)
(1.3864694e-06 5.4163999e-10 -2.2536561e-13)
(1.1573979e-06 -1.8613518e-08 -1.8323584e-13)
(9.4962809e-07 -3.3263779e-08 -1.498223e-13)
(7.6148244e-07 -4.4250684e-08 -1.2386684e-13)
(5.9118051e-07 -5.3774767e-08 -1.0436385e-13)
(4.3717519e-07 -3.7933741e-08 -9.1694191e-14)
(2.9945662e-07 -1.5694951e-07 -7.5763349e-14)
(1.7761316e-07 1.9816972e-07 -8.2523755e-14)
(6.1965494e-08 -1.0362743e-07 -4.4178156e-14)
(7.0712228e-06 1.1825639e-07 -7.8377568e-12)
(6.7649016e-06 1.3542227e-07 -6.0889923e-12)
(6.4241608e-06 1.5334412e-07 -4.730068e-12)
(6.0556862e-06 1.677338e-07 -3.6798606e-12)
(5.6663655e-06 1.7901864e-07 -2.8740407e-12)
(5.2630949e-06 1.8474093e-07 -2.2580383e-12)
(4.8525564e-06 1.8493822e-07 -1.7876838e-12)
(4.4410466e-06 1.8375424e-07 -1.4283905e-12)
(4.034296e-06 1.8216375e-07 -1.152724e-12)
(3.6373389e-06 1.7939639e-07 -9.3933774e-13)
(3.2544715e-06 1.7546979e-07 -7.7203272e-13)
(2.8891292e-06 1.7157964e-07 -6.3978751e-13)
(2.5439693e-06 1.6638253e-07 -5.3359419e-13)
(2.2208958e-06 1.537499e-07 -4.4708439e-13)
(1.9215343e-06 1.3641806e-07 -3.7610365e-13)
(1.6460883e-06 1.2388306e-07 -3.1726381e-13)
(1.3940486e-06 1.2089212e-07 -2.6829099e-13)
(1.1644738e-06 1.2056468e-07 -2.2752329e-13)
(9.5603844e-07 1.1806728e-07 -1.937953e-13)
(7.6708162e-07 1.1359865e-07 -1.6601516e-13)
(5.9566164e-07 1.0507925e-07 -1.4316473e-13)
(4.3965557e-07 1.1359718e-07 -1.2495897e-13)
(2.953381e-07 3.450538e-08 -1.0447798e-13)
(1.755762e-07 2.3531609e-07 -9.6390562e-14)
(6.8319825e-08 5.6915721e-08 -5.6552561e-14)
(6.9304436e-06 1.0449082e-07 -4.8674495e-12)
(6.6295467e-06 1.2138535e-07 -3.7615823e-12)
(6.2948465e-06 1.3560203e-07 -2.9232621e-12)
(5.9329109e-06 1.4866361e-07 -2.2852687e-12)
(5.5505142e-06 1.6043726e-07 -1.7991337e-12)
(5.1544182e-06 1.6964637e-07 -1.4280434e-12)
(4.7512007e-06 1.7610774e-07 -1.1440705e-12)
(4.347088e-06 1.8109769e-07 -9.2607028e-13)
(3.9478238e-06 1.8508302e-07 -7.5788137e-13)
(3.5585358e-06 1.8783974e-07 -6.2670909e-13)
(3.1835783e-06 1.8822496e-07 -5.2153346e-13)
(2.8265147e-06 1.8640048e-07 -4.3779615e-13)
(2.4899052e-06 1.8446476e-07 -3.7004663e-13)
(2.1752339e-06 1.8766177e-07 -3.132272e-13)
(1.8825734e-06 1.9797083e-07 -2.6741337e-13)
(1.6123621e-06 2.0134038e-07 -2.2902537e-13)
(1.3646984e-06 2.0064471e-07 -1.969731e-13)
(1.1390027e-06 1.9988646e-07 -1.6996934e-13)
(9.3414858e-07 1.9901437e-07 -1.4707504e-13)
(7.4851231e-07 1.965549e-07 -1.2759836e-13)
(5.8008906e-07 1.915005e-07 -1.1102248e-13)
(4.2639153e-07 1.9248059e-07 -9.6904379e-14)
(2.8135847e-07 1.5946013e-07 -8.1870819e-14)
(1.6720792e-07 2.3185665e-07 -7.1286735e-14)
(7.024552e-08 1.6518512e-07 -4.5211442e-14)
)
;

boundaryField
{
    Walls
    {
        type            noSlip;
    }
    Inlet
    {
        type            pressureInletVelocity;
        value           nonuniform List<vector> 3((1.4305535 -0 -0) (1.5704535 -0 -0) (1.5763212 -0 -0));
    }
    Outlet
    {
        type            pressureInletOutletVelocity;
        value           nonuniform List<vector> 
86
(
(7.7202666e-06 9.3452679e-09 -2.7874582e-11)
(7.6870254e-06 2.790663e-08 -1.7901963e-11)
(7.5724194e-06 4.6496942e-08 -1.1881418e-11)
(7.4069172e-06 6.6069102e-08 -8.4936221e-12)
(7.1913998e-06 8.5194362e-08 -6.3571322e-12)
(6.9304436e-06 1.0449082e-07 -4.8674495e-12)
(6.6295467e-06 1.2138535e-07 -3.7615823e-12)
(6.2948465e-06 1.3560203e-07 -2.9232621e-12)
(5.9329109e-06 1.4866361e-07 -2.2852687e-12)
(5.5505142e-06 1.6043726e-07 -1.7991337e-12)
(5.1544182e-06 1.6964637e-07 -1.4280434e-12)
(4.7512007e-06 1.7610774e-07 -1.1440705e-12)
(4.347088e-06 1.8109769e-07 -9.2607028e-13)
(3.9478238e-06 1.8508302e-07 -7.5788137e-13)
(3.5585358e-06 1.8783974e-07 -6.2670909e-13)
(3.1835783e-06 1.8822496e-07 -5.2153346e-13)
(2.8265147e-06 1.8640048e-07 -4.3779615e-13)
(2.4899052e-06 1.8446476e-07 -3.7004663e-13)
(2.1752339e-06 1.8766177e-07 -3.132272e-13)
(1.8825734e-06 1.9797083e-07 -2.6741337e-13)
(1.6123621e-06 2.0134038e-07 -2.2902537e-13)
(1.3646984e-06 2.0064471e-07 -1.969731e-13)
(1.1390027e-06 1.9988646e-07 -1.6996934e-13)
(9.3414858e-07 1.9901437e-07 -1.4707504e-13)
(7.4851231e-07 1.965549e-07 -1.2759836e-13)
(5.8008906e-07 1.915005e-07 -1.1102248e-13)
(4.2639153e-07 1.9248059e-07 -9.6904379e-14)
(2.8135847e-07 1.5946013e-07 -8.1870819e-14)
(1.6720792e-07 2.3185665e-07 -7.1286735e-14)
(7.024552e-08 1.6518512e-07 -4.5211442e-14)
(-1.9649078e-06 0.10069107 -2.4355063e-07)
(9.4325148e-05 0.070555031 -2.2578686e-07)
(3.04552e-05 0.022203238 -1.7604948e-07)
(0 -0.005928402 0)
(0 -0.011206932 0)
(0 -0.0061505021 0)
(0 -0.0016284293 0)
(-1.0332483e-06 7.8628848e-05 -2.6293121e-08)
(-9.2992439e-07 0.00027807059 -2.3044972e-08)
(-5.4799567e-07 6.3372538e-05 -1.5818206e-08)
(0 -9.6785631e-05 0)
(0 -0.00011142536 0)
(0 -5.9631312e-05 0)
(1.9827172e-06 2.2258369e-06 -1.0375884e-09)
(2.4493155e-06 4.6969275e-05 -5.4769207e-10)
(2.7595781e-06 6.9388127e-05 -2.7955607e-10)
(2.5864447e-06 7.7501186e-05 -1.3493835e-10)
(2.4262261e-06 7.8904236e-05 -6.2286567e-11)
(2.2509927e-06 7.6886075e-05 -2.7525492e-11)
(2.0325125e-06 7.4479256e-05 -1.1396034e-11)
(1.7880636e-06 7.1304772e-05 -4.3220948e-12)
(1.5492759e-06 6.7210021e-05 -1.3643594e-12)
(1.3260717e-06 6.2378854e-05 -1.8885038e-13)
(1.1240051e-06 5.6867801e-05 2.5211763e-13)
(9.4262286e-07 5.0851184e-05 4.1408637e-13)
(7.8065967e-07 4.5010041e-05 4.5566677e-13)
(6.4323797e-07 3.9389479e-05 4.5614703e-13)
(5.1157237e-07 3.4089383e-05 4.4200935e-13)
(4.3009655e-07 2.9381715e-05 4.1668776e-13)
(3.5409056e-07 2.4648119e-05 3.8548144e-13)
(2.6436126e-07 2.059922e-05 3.4830067e-13)
(2.146437e-07 1.6951386e-05 3.1646797e-13)
(1.72728e-07 1.3845755e-05 2.8598428e-13)
(1.396001e-07 1.1122827e-05 2.6043997e-13)
(1.1302215e-07 8.747622e-06 2.3918758e-13)
(9.2224427e-08 6.6982172e-06 2.223087e-13)
(7.5297294e-08 5.0347631e-06 2.0244498e-13)
(5.7606197e-08 3.6486761e-06 1.8359759e-13)
(3.4495327e-08 2.4904855e-06 1.6669543e-13)
(3.1259395e-08 1.606729e-06 1.4797255e-13)
(5.297422e-08 9.1458763e-07 1.3003856e-13)
(8.0786606e-08 3.5433856e-07 1.1093169e-13)
(8.7309521e-08 -2.0615368e-08 9.0566315e-14)
(0 -2.4329023e-07 0)
(0 -3.5065833e-07 0)
(0 -3.4507677e-07 0)
(0 -2.5292131e-07 0)
(0 -1.0362743e-07 0)
(6.8319825e-08 5.6915721e-08 -5.6552561e-14)
(7.024552e-08 1.6518512e-07 -4.5211442e-14)
(0 -0.00096675692 0)
(0 -0.0047785921 0)
(0 -0.010143164 0)
(0 -0.0065015288 0)
(-2.1480597e-05 0.01917761 -1.7861142e-07)
(-9.1894072e-05 0.067245536 -2.2744622e-07)
)
;
    }
    Front
    {
        type            wedge;
    }
    Back
    {
        type            wedge;
    }
    defaultFaces
    {
        type            empty;
    }
}


// ************************************************************************* //
