/*--------------------------------*- C++ -*----------------------------------*\
| =========                 |                                                 |
| \\      /  F ield         | OpenFOAM: The Open Source CFD Toolbox           |
|  \\    /   O peration     | Version:  4.0                                   |
|   \\  /    A nd           | Web:      www.OpenFOAM.org                      |
|    \\/     M anipulation  |                                                 |
\*---------------------------------------------------------------------------*/
FoamFile
{
    version     2.0;
    format      ascii;
    class       volVectorField;
    location    "0.41";
    object      U;
}
// * * * * * * * * * * * * * * * * * * * * * * * * * * * * * * * * * * * * * //

dimensions      [0 1 -1 0 0 0 0];

internalField   nonuniform List<vector> 
1740
(
(1.5624151 -0.0066768772 4.2555861e-06)
(1.4843588 -0.0097722756 6.3732173e-07)
(1.5990153 -0.0040622771 4.9236217e-08)
(1.6271451 -0.014200115 7.8576023e-06)
(1.4975003 -0.02903685 1.7146897e-06)
(1.6061676 -0.018771483 3.2113123e-07)
(1.6252018 -0.0098517608 1.0822021e-05)
(1.5312055 -0.019212933 2.3631883e-06)
(1.4876448 -0.0088032196 4.4945079e-07)
(1.6521282 -0.0018848913 1.3638639e-05)
(1.5334497 0.015414228 3.5570455e-06)
(1.5867303 0.0051610367 5.6920098e-07)
(1.5840021 0.010214471 1.4968268e-05)
(1.491039 -0.0013088806 4.3426821e-06)
(1.5991318 -0.0070551737 8.0662597e-07)
(1.609043 0.01462561 1.5967734e-05)
(1.6080445 -0.011922086 5.312616e-06)
(1.5205268 -0.013888057 9.8512705e-07)
(1.5748203 0.018941462 1.7038765e-05)
(1.6130644 0.017868736 6.0209588e-06)
(1.5227776 -0.00062460288 1.1802087e-06)
(1.4813692 0.0059593411 1.8277032e-05)
(1.5850389 0.018133642 6.9964436e-06)
(1.5786785 0.008423117 1.3943542e-06)
(1.4782139 -0.026746471 1.9199615e-05)
(1.5788798 -0.013217682 7.6939628e-06)
(1.5739546 -0.00019616487 1.5602269e-06)
(1.6070309 -0.014957643 1.9307929e-05)
(1.5175473 -0.018690491 8.0716077e-06)
(1.5168203 -0.0088668182 1.7744263e-06)
(1.6288042 0.015547439 1.9679111e-05)
(1.5730372 0.0017217744 8.7717037e-06)
(1.53858 -0.007734629 1.969136e-06)
(1.5223009 0.00028522326 2.0114087e-05)
(1.5676127 0.0020330696 9.237617e-06)
(1.5386293 0.00078477826 2.1458648e-06)
(1.5958284 -0.014129849 2.0369324e-05)
(1.5186123 0.0032606715 9.6668177e-06)
(1.5183668 0.0050646024 2.3704702e-06)
(1.6713989 -0.0018953863 2.0542433e-05)
(1.5751298 0.012166765 1.0041889e-05)
(1.5802834 0.0067550812 2.4911711e-06)
(1.5483953 0.02502961 2.064718e-05)
(1.5518893 0.02091894 1.0573466e-05)
(1.5619991 0.0040331956 2.744941e-06)
(1.4612203 0.018971798 2.0496647e-05)
(1.5691092 0.0095561043 1.0878118e-05)
(1.5628749 -0.0052135563 2.8532652e-06)
(1.4955269 0.0038953482 2.0587233e-05)
(1.5883756 -0.0018448922 1.1309997e-05)
(1.5691441 -0.0040315887 3.0845759e-06)
(1.491792 -0.0023167909 2.103926e-05)
(1.575111 0.00031168729 1.1738956e-05)
(1.571314 0.0015071708 3.2516286e-06)
(1.4750443 -0.016041968 2.1436584e-05)
(1.5833445 -0.0092251578 1.2182926e-05)
(1.5923713 -0.005569462 3.4337184e-06)
(1.5628067 -0.015590682 2.1723443e-05)
(1.5196859 -0.018622279 1.255957e-05)
(1.5108257 -0.0068551693 3.620495e-06)
(1.5677941 -0.0068294702 2.1974003e-05)
(1.5393456 -0.014795269 1.2975319e-05)
(1.530281 -0.0055979051 3.821545e-06)
(1.5901924 0.0026424394 2.2292046e-05)
(1.6018514 0.0066851879 1.3273882e-05)
(1.5059317 0.0028532121 3.9618033e-06)
(1.5625461 0.013350339 2.2348198e-05)
(1.6432863 0.021463201 1.3687302e-05)
(1.5604763 0.01520913 4.1582667e-06)
(1.4540875 -0.0086918628 2.2113901e-05)
(1.5836575 -0.0048369067 1.402824e-05)
(1.57272 0.0014501133 4.2750437e-06)
(1.5882317 -0.016711148 2.2112503e-05)
(1.5424743 -0.026398194 1.4310331e-05)
(1.5031198 -0.014061143 4.4170308e-06)
(1.5909683 0.0090444152 2.2782067e-05)
(1.5751216 -0.016519178 1.4624279e-05)
(1.5010761 -0.014180317 4.5715771e-06)
(1.5406319 0.015646012 2.2861559e-05)
(1.6496922 0.014855943 1.4868237e-05)
(1.4819187 0.0038759014 4.7170786e-06)
(1.5039132 0.010881644 2.3213562e-05)
(1.5219354 0.032918757 1.5169075e-05)
(1.5177596 0.017637969 4.8804899e-06)
(1.3559477 0.0077552885 2.265467e-05)
(1.4168105 0.0063283918 1.5269294e-05)
(1.554627 0.0013923813 4.8820461e-06)
(1.2369612 0.030585301 2.3489741e-05)
(1.2988454 0.080794726 1.5803052e-05)
(1.3799714 0.054246293 5.6186841e-06)
(0.80403923 0.35974718 1.177782e-05)
(0.79157749 0.92914073 9.9803241e-06)
(0.73660832 1.2527728 5.4499236e-06)
(0.20386633 0.10647454 1.4517527e-06)
(0.1790744 0.36061165 3.1057893e-06)
(0.089476046 0.49596336 7.1542703e-07)
(-0.037922496 -0.015643059 1.2210488e-06)
(-0.032331346 -0.031269158 1.6767521e-06)
(-0.019519532 -0.035119744 5.782467e-07)
(-0.010739964 -0.0039092826 4.5044733e-07)
(-0.0092324225 -0.0094822741 7.3277183e-07)
(-0.0065983981 -0.012041503 3.3408573e-07)
(-0.0036021107 -0.0006884675 1.213263e-07)
(-0.0030647783 -0.0016899287 2.445477e-07)
(-0.002062864 -0.0022534951 1.0966363e-07)
(-0.0020390574 -0.00028230149 2.5775539e-08)
(-0.0017251602 -0.0005840235 5.5715393e-08)
(-0.0011672667 -0.00076490866 -4.8545624e-09)
(-0.0012659567 -0.00014737406 -3.7745105e-09)
(-0.0010836693 -0.00027830575 -1.1251594e-08)
(-0.00074434751 -0.00034082511 -4.9658037e-08)
(-0.00088783557 -7.6060237e-05 -1.2772672e-08)
(-0.0007837796 -0.00013036027 -3.1859261e-08)
(-0.00058401759 -0.00014236007 -6.0763906e-08)
(-0.00069234245 -5.0861524e-05 -1.3122917e-08)
(-0.00063017009 -9.5767725e-05 -3.319207e-08)
(-0.00050609835 -0.00011117659 -5.5955737e-08)
(-0.00056580054 -4.2966091e-05 -1.0291213e-08)
(-0.00052612574 -8.7318996e-05 -2.7365724e-08)
(-0.00044383059 -0.0001215967 -4.517736e-08)
(-0.00046176336 -3.9303033e-05 -7.2002893e-09)
(-0.00043524365 -8.4901574e-05 -2.0285091e-08)
(-0.00037888874 -0.00012520592 -3.3830775e-08)
(-0.00037203343 -3.1939706e-05 -4.9455444e-09)
(-0.00035382673 -7.0089164e-05 -1.438995e-08)
(-0.00031437756 -0.00010432155 -2.4273144e-08)
(-0.00029903586 -2.2297592e-05 -3.481801e-09)
(-0.00028623212 -5.0172533e-05 -1.0056709e-08)
(-0.00025797799 -7.739709e-05 -1.6969855e-08)
(-0.00024342104 -1.5847171e-05 -2.4894687e-09)
(-0.00023418648 -3.5170827e-05 -6.9765453e-09)
(-0.00021347875 -5.4183045e-05 -1.1636379e-08)
(-0.00020264957 -1.1187895e-05 -1.7786044e-09)
(-0.00019583963 -2.4421812e-05 -4.7727639e-09)
(-0.00018033212 -3.7402236e-05 -7.8082477e-09)
(-0.00017257269 -8.3552367e-06 -1.2314479e-09)
(-0.00016747653 -1.7981167e-05 -3.1719009e-09)
(-0.00015566847 -2.7670881e-05 -5.0876943e-09)
(-0.00014960641 -6.7134497e-06 -8.0377562e-10)
(-0.00014574562 -1.4462777e-05 -2.0217506e-09)
(-0.00013663004 -2.2146072e-05 -3.1970171e-09)
(-0.00013148585 -5.5026972e-06 -5.0443219e-10)
(-0.00012852726 -1.1924245e-05 -1.2357742e-09)
(-0.00012140116 -1.8477604e-05 -1.9303683e-09)
(-0.00011693338 -4.523724e-06 -3.0730361e-10)
(-0.00011464299 -9.8835624e-06 -7.2741726e-10)
(-0.00010900456 -1.54862e-05 -1.1216365e-09)
(-0.00010517339 -3.6976871e-06 -1.8761491e-10)
(-0.00010338478 -8.1309675e-06 -4.2037778e-10)
(-9.8873513e-05 -1.2761558e-05 -6.330375e-10)
(-9.5649579e-05 -3.0300329e-06 -1.1940597e-10)
(-9.4242942e-05 -6.6053021e-06 -2.4588216e-10)
(-9.0595604e-05 -1.0369347e-05 -3.5260926e-10)
(-8.791465e-05 -2.4623179e-06 -8.3131933e-11)
(-8.6802087e-05 -5.3442598e-06 -1.5135286e-10)
(-8.3823837e-05 -8.4280871e-06 -1.9813848e-10)
(-8.1600139e-05 -1.9889453e-06 -6.4551779e-11)
(-8.0715816e-05 -4.2846881e-06 -1.0199791e-10)
(-7.8260727e-05 -6.8441676e-06 -1.1599593e-10)
(-7.6404448e-05 -1.6534757e-06 -5.0823302e-11)
(-7.569857e-05 -3.4924828e-06 -7.4499417e-11)
(-7.3655517e-05 -5.5634375e-06 -7.3049527e-11)
(-7.2080468e-05 -1.3935175e-06 -4.1870289e-11)
(-7.15158e-05 -2.9473027e-06 -5.7961131e-11)
(-6.9800139e-05 -4.6169246e-06 -5.0293651e-11)
(-6.8426623e-05 -1.1842193e-06 -3.6206982e-11)
(-6.7974828e-05 -2.5037229e-06 -4.7966227e-11)
(-6.6521783e-05 -3.9515201e-06 -3.7616976e-11)
(-6.5279137e-05 -1.0299825e-06 -3.1878342e-11)
(-6.4917684e-05 -2.1756203e-06 -4.1170602e-11)
(-6.3676665e-05 -3.4643373e-06 -3.0245566e-11)
(-6.250605e-05 -9.1891394e-07 -2.8721283e-11)
(-6.2216976e-05 -1.9416822e-06 -3.6622322e-11)
(-6.1148485e-05 -3.099011e-06 -2.6223805e-11)
(-6.0005794e-05 -8.4042638e-07 -2.7069219e-11)
(-5.9774434e-05 -1.7796899e-06 -3.419627e-11)
(-5.8845943e-05 -2.828672e-06 -2.4354356e-11)
(-5.7703206e-05 -7.8187309e-07 -2.6395041e-11)
(-5.7517785e-05 -1.6737672e-06 -3.3019575e-11)
(-5.6701201e-05 -2.599085e-06 -2.3681758e-11)
(-5.5541538e-05 -7.0154155e-07 -2.6974398e-11)
(-5.5393146e-05 -1.5099227e-06 -3.2810198e-11)
(-5.4669014e-05 -2.5679559e-06 -2.3617693e-11)
(-5.3478888e-05 -7.1530039e-07 -2.5999904e-11)
(-5.3360377e-05 -1.5393337e-06 -3.1515466e-11)
(-5.2714568e-05 -2.5130881e-06 -2.3375218e-11)
(-5.1486668e-05 -6.9819369e-07 -2.5753411e-11)
(-5.1391956e-05 -1.5107736e-06 -3.0646959e-11)
(-5.0810512e-05 -2.4409395e-06 -2.3122971e-11)
(-4.9547778e-05 -6.7107396e-07 -2.5861094e-11)
(-4.9472195e-05 -1.4583056e-06 -3.0108232e-11)
(-4.8944719e-05 -2.3627099e-06 -2.3040033e-11)
(-4.7656617e-05 -6.5080896e-07 -2.5564496e-11)
(-4.7596612e-05 -1.4179092e-06 -2.936426e-11)
(-4.7115721e-05 -2.297183e-06 -2.2877275e-11)
(-4.5816285e-05 -6.3125484e-07 -2.5476907e-11)
(-4.5768812e-05 -1.3826454e-06 -2.8624944e-11)
(-4.5327766e-05 -2.2443634e-06 -2.2581675e-11)
(-4.4033505e-05 -6.0932391e-07 -2.5520621e-11)
(-4.3996047e-05 -1.3424319e-06 -2.8016173e-11)
(-4.358905e-05 -2.1834753e-06 -2.2329478e-11)
(-4.2315337e-05 -5.8576538e-07 -2.5555495e-11)
(-4.2285881e-05 -1.2953371e-06 -2.7483811e-11)
(-4.1908249e-05 -2.1077891e-06 -2.2131481e-11)
(-4.0669522e-05 -5.591947e-07 -2.5536075e-11)
(-4.0646466e-05 -1.2407443e-06 -2.6981043e-11)
(-4.0294391e-05 -2.0192346e-06 -2.1956007e-11)
(-3.9106432e-05 -5.2708005e-07 -2.5573107e-11)
(-3.9088516e-05 -1.1729037e-06 -2.6558053e-11)
(-3.87588e-05 -1.908582e-06 -2.1825165e-11)
(-3.7638539e-05 -4.9150072e-07 -2.5606257e-11)
(-3.7624769e-05 -1.0970526e-06 -2.6195574e-11)
(-3.731465e-05 -1.7854696e-06 -2.1728654e-11)
(-3.6278416e-05 -4.5172871e-07 -2.5669554e-11)
(-3.6267988e-05 -1.0111661e-06 -2.5924636e-11)
(-3.5975006e-05 -1.6448156e-06 -2.1700541e-11)
(-3.5037584e-05 -4.0667087e-07 -2.5765078e-11)
(-3.502982e-05 -9.1222323e-07 -2.5757275e-11)
(-3.4751686e-05 -1.4885839e-06 -2.17456e-11)
(-3.3926081e-05 -3.5963072e-07 -2.5920626e-11)
(-3.3920425e-05 -8.0756377e-07 -2.5746447e-11)
(-3.3655027e-05 -1.3161427e-06 -2.1897528e-11)
(-3.2953192e-05 -3.0896303e-07 -2.6111161e-11)
(-3.2949198e-05 -6.9386021e-07 -2.5839928e-11)
(-3.2694597e-05 -1.1295592e-06 -2.2101962e-11)
(-3.2129188e-05 -2.5466021e-07 -2.6345907e-11)
(-3.2126487e-05 -5.7115951e-07 -2.6001756e-11)
(-3.188081e-05 -9.2871355e-07 -2.2270385e-11)
(-3.146715e-05 -1.97102e-07 -2.6578436e-11)
(-3.1465423e-05 -4.4021723e-07 -2.6060695e-11)
(-3.1226803e-05 -7.1474243e-07 -2.2152173e-11)
(-3.0978544e-05 -1.3658798e-07 -2.6614184e-11)
(-3.0977482e-05 -3.0303161e-07 -2.5527771e-11)
(-3.0744031e-05 -4.9270089e-07 -2.119616e-11)
(-3.0704853e-05 -7.417609e-08 -2.5889933e-11)
(-3.0704286e-05 -1.6472982e-07 -2.322903e-11)
(-3.0473923e-05 -2.719531e-07 -1.8366899e-11)
(-3.0633228e-05 -1.7656998e-08 -2.2715725e-11)
(-3.0633048e-05 -3.8101919e-08 -1.6740896e-11)
(-3.0403834e-05 -6.3279445e-08 -1.206402e-11)
(-0.04568357 1.9562316 -3.3769836e-07)
(-0.032534086 1.6993527 -3.4324634e-06)
(-0.060472672 0.34176796 -2.4577037e-07)
(-0.042250907 0.15267417 -1.0096903e-06)
(-0.014553506 -0.041657193 -2.0453244e-07)
(-0.011086232 -0.043419988 -6.2442431e-07)
(-0.0053230816 -0.014021822 -1.0300943e-07)
(-0.0046606143 -0.015159667 -3.9741208e-07)
(-0.0015053433 -0.002834274 -1.023759e-07)
(-0.0011916344 -0.0035148227 -2.8252952e-07)
(-0.0006973862 -0.00085570836 -1.1253253e-07)
(-0.0003599051 -0.00092540871 -2.1906618e-07)
(-0.00041927154 -0.00032529997 -1.1101456e-07)
(-0.00017129098 -0.00025212571 -1.7584958e-07)
(-0.0003693342 -9.9409612e-05 -9.9595657e-08)
(-0.00018122633 -2.9495446e-05 -1.4097365e-07)
(-0.00036116365 -8.3242775e-05 -8.2606024e-08)
(-0.00022502659 -3.3172568e-05 -1.1031932e-07)
(-0.00034320262 -0.00012791517 -6.4304846e-08)
(-0.00024357953 -0.00011313287 -8.3563872e-08)
(-0.00030789031 -0.0001484117 -4.7723886e-08)
(-0.00023419645 -0.00015224008 -6.1353282e-08)
(-0.0002634286 -0.00012855902 -3.4208777e-08)
(-0.00020879007 -0.00014097873 -4.3806633e-08)
(-0.00022075303 -9.8561316e-05 -2.3876555e-08)
(-0.00017980163 -0.00011136209 -3.049857e-08)
(-0.00018576216 -6.8396686e-05 -1.6274183e-08)
(-0.00015462995 -7.6772466e-05 -2.0707315e-08)
(-0.00015930114 -4.67882e-05 -1.0812421e-08)
(-0.00013524827 -5.2243856e-05 -1.3679607e-08)
(-0.00013945944 -3.4499674e-05 -6.9708542e-09)
(-0.00012061613 -3.8169637e-05 -8.7632601e-09)
(-0.00012397818 -2.7618228e-05 -4.3416866e-09)
(-0.00010905355 -3.1010407e-05 -5.4255205e-09)
(-0.00011141279 -2.3306571e-05 -2.6040862e-09)
(-9.9478235e-05 -2.6618636e-05 -3.2394408e-09)
(-0.0001010354 -1.9760072e-05 -1.5047327e-09)
(-9.1405053e-05 -2.2800513e-05 -1.8657023e-09)
(-9.2450564e-05 -1.6418084e-05 -8.4134839e-10)
(-8.4611397e-05 -1.9079704e-05 -1.0386505e-09)
(-8.5368327e-05 -1.3424147e-05 -4.5872547e-10)
(-7.8933549e-05 -1.5671545e-05 -5.6082238e-10)
(-7.9530482e-05 -1.094238e-05 -2.4652312e-10)
(-7.4205405e-05 -1.2788341e-05 -2.9507301e-10)
(-7.4702907e-05 -8.962193e-06 -1.3281154e-10)
(-7.0260645e-05 -1.0506132e-05 -1.5222153e-10)
(-7.0680908e-05 -7.3645732e-06 -7.3687476e-11)
(-6.6945157e-05 -8.7081467e-06 -7.7818756e-11)
(-6.7290963e-05 -6.0777899e-06 -4.3699448e-11)
(-6.4123408e-05 -7.2626133e-06 -4.027076e-11)
(-6.4386928e-05 -5.1576419e-06 -2.8351969e-11)
(-6.167862e-05 -6.1465035e-06 -2.1824953e-11)
(-6.1845165e-05 -4.5535023e-06 -2.0215196e-11)
(-5.9509939e-05 -5.4038604e-06 -1.2794641e-11)
(-5.9562581e-05 -4.0916485e-06 -1.6365193e-11)
(-5.7532361e-05 -4.875009e-06 -8.7861238e-12)
(-5.7459885e-05 -3.7313793e-06 -1.4876758e-11)
(-5.5679973e-05 -4.542044e-06 -7.4486279e-12)
(-5.548164e-05 -3.5309715e-06 -1.4599184e-11)
(-5.390521e-05 -4.4208958e-06 -7.4280403e-12)
(-5.3584981e-05 -3.5265431e-06 -1.489308e-11)
(-5.2175872e-05 -4.3130088e-06 -8.0196876e-12)
(-5.1739078e-05 -3.3890799e-06 -1.5357614e-11)
(-5.0471765e-05 -4.1672298e-06 -8.8488525e-12)
(-4.9928083e-05 -3.3029942e-06 -1.5593624e-11)
(-4.8780183e-05 -4.0771619e-06 -9.5148322e-12)
(-4.8143326e-05 -3.2208323e-06 -1.5915778e-11)
(-4.7095777e-05 -4.0125009e-06 -1.0110303e-11)
(-4.6382921e-05 -3.1377382e-06 -1.6187732e-11)
(-4.5421549e-05 -3.9279709e-06 -1.0674803e-11)
(-4.4653285e-05 -3.0746273e-06 -1.6305805e-11)
(-4.3766573e-05 -3.8631261e-06 -1.1088385e-11)
(-4.2964783e-05 -2.9983631e-06 -1.6414189e-11)
(-4.2142634e-05 -3.7766581e-06 -1.1467469e-11)
(-4.1327603e-05 -2.8982646e-06 -1.6543811e-11)
(-4.0561572e-05 -3.6574801e-06 -1.1836235e-11)
(-3.9751887e-05 -2.7809479e-06 -1.6669165e-11)
(-3.9035097e-05 -3.5155697e-06 -1.2184006e-11)
(-3.8249798e-05 -2.6319364e-06 -1.6805418e-11)
(-3.7576403e-05 -3.3303585e-06 -1.2520938e-11)
(-3.6835112e-05 -2.4569442e-06 -1.6961766e-11)
(-3.6199961e-05 -3.1110782e-06 -1.2855394e-11)
(-3.5521298e-05 -2.2648553e-06 -1.7146595e-11)
(-3.4919737e-05 -2.868912e-06 -1.3192576e-11)
(-3.4320459e-05 -2.0539748e-06 -1.7374565e-11)
(-3.3748213e-05 -2.6000653e-06 -1.3551668e-11)
(-3.3243168e-05 -1.8164367e-06 -1.7651405e-11)
(-3.2696231e-05 -2.3012556e-06 -1.3913117e-11)
(-3.2299175e-05 -1.5586798e-06 -1.7924157e-11)
(-3.1773763e-05 -1.9763506e-06 -1.4226263e-11)
(-3.1499004e-05 -1.2813089e-06 -1.8079653e-11)
(-3.0991444e-05 -1.6252479e-06 -1.4386022e-11)
(-3.0855768e-05 -9.8588235e-07 -1.7863898e-11)
(-3.036234e-05 -1.2507408e-06 -1.4164778e-11)
(-3.0380898e-05 -6.8011343e-07 -1.679047e-11)
(-2.9897839e-05 -8.6333611e-07 -1.3167155e-11)
(-3.0115486e-05 -3.7678e-07 -1.4089286e-11)
(-2.9638575e-05 -4.7851844e-07 -1.0839908e-11)
(-3.0047035e-05 -8.6168589e-08 -8.8222935e-12)
(-2.9572218e-05 -1.0768616e-07 -6.6148367e-12)
(0.0012908676 -1.7322525e-05 -1.0220939e-07)
(0.0012111188 -9.2487211e-05 -2.4191755e-07)
(0.001067227 -0.00010010108 -3.4137113e-07)
(0.00090511003 -0.00013134722 -4.0330833e-07)
(0.00075060779 -0.00013953621 -4.3577173e-07)
(0.00061400356 -0.00016051269 -4.4786504e-07)
(0.00049867106 -0.00018789109 -4.4653835e-07)
(0.00040681956 -0.00022977927 -4.3672033e-07)
(0.00033731261 -0.00028543118 -4.2183441e-07)
(0.00028663293 -0.00035001674 -4.0424066e-07)
(0.00025068644 -0.0004201771 -3.8556e-07)
(0.00022481149 -0.00049196403 -3.6675258e-07)
(0.00020538482 -0.00056168364 -3.4825794e-07)
(0.00018977535 -0.00062699411 -3.3012539e-07)
(0.0001760468 -0.00068646109 -3.1220124e-07)
(0.00016283162 -0.00073917896 -2.9420792e-07)
(0.00014917559 -0.00078595152 -2.7577026e-07)
(0.00013446049 -0.00082615803 -2.5636329e-07)
(0.00011869761 -0.00085748103 -2.354048e-07)
(0.00010190687 -0.00088003882 -2.1222155e-07)
(8.4256032e-05 -0.00089367334 -1.860779e-07)
(6.6128898e-05 -0.00089827799 -1.5589294e-07)
(4.7749052e-05 -0.00089232621 -1.2072838e-07)
(2.9061293e-05 -0.00088382681 -8.0029148e-08)
(9.5661483e-06 -0.00084088156 -3.3368006e-08)
(0.00025747997 -0.00012959368 -1.1840865e-07)
(0.00023809039 -0.00053100903 -2.7634917e-07)
(0.00022949894 -0.00074703874 -3.8260869e-07)
(0.00023901276 -0.0010534522 -4.4276663e-07)
(0.0002642524 -0.0012975029 -4.6974596e-07)
(0.00030030175 -0.00157195 -4.7612844e-07)
(0.00034114757 -0.0018484204 -4.6996544e-07)
(0.00037778911 -0.0021482038 -4.5642487e-07)
(0.00040134445 -0.0024668975 -4.3871789e-07)
(0.00041144693 -0.0027794485 -4.1894071e-07)
(0.0004102237 -0.0030822105 -3.9868027e-07)
(0.0003996768 -0.0033717673 -3.7876875e-07)
(0.00038219927 -0.0036438227 -3.5953091e-07)
(0.00035987452 -0.0038963418 -3.4087031e-07)
(0.00033385739 -0.0041278296 -3.2254438e-07)
(0.0003050259 -0.0043394492 -3.0425161e-07)
(0.00027414022 -0.0045424264 -2.8566345e-07)
(0.00024189245 -0.0047300124 -2.6613444e-07)
(0.00020851139 -0.0048780581 -2.4512318e-07)
(0.00017430143 -0.004978462 -2.2189712e-07)
(0.00013990573 -0.0050286583 -1.9598244e-07)
(0.00010599531 -0.0050310849 -1.6568733e-07)
(7.2868998e-05 -0.0049890225 -1.297619e-07)
(4.0929962e-05 -0.0048881869 -8.6639359e-08)
(1.1215788e-05 -0.0046669363 -3.755226e-08)
(0.001042298 -0.00032729008 -1.5716788e-07)
(0.0010395084 -0.0015369001 -3.5336287e-07)
(0.001073143 -0.0020512884 -4.6939985e-07)
(0.0011442461 -0.0029254567 -5.2102663e-07)
(0.0012193451 -0.0036486886 -5.3499578e-07)
(0.001276171 -0.0044154624 -5.2951465e-07)
(0.0013014558 -0.0051785969 -5.1373894e-07)
(0.0012949688 -0.0060914849 -4.9320362e-07)
(0.0012642401 -0.0071279303 -4.7032202e-07)
(0.0012146548 -0.0080885909 -4.4637129e-07)
(0.0011513583 -0.0089298547 -4.231848e-07)
(0.0010785509 -0.0096469145 -4.0126392e-07)
(0.00099975222 -0.010237327 -3.8077403e-07)
(0.00091646234 -0.010708698 -3.6124872e-07)
(0.00083045213 -0.011067017 -3.4228421e-07)
(0.00074317697 -0.0113136 -3.2352324e-07)
(0.00065594852 -0.011439894 -3.0501226e-07)
(0.00056963848 -0.011463627 -2.8548796e-07)
(0.00048458345 -0.011413974 -2.6480238e-07)
(0.00040125084 -0.011306545 -2.4225167e-07)
(0.00032058251 -0.011151206 -2.1697638e-07)
(0.00024308077 -0.010956835 -1.8758551e-07)
(0.00016827811 -0.010730173 -1.5215272e-07)
(9.6605488e-05 -0.010441861 -1.0738173e-07)
(2.9684082e-05 -0.010045838 -5.2928372e-08)
(0.0035119545 -0.0010413699 -2.401337e-07)
(0.0035260379 -0.0046761297 -4.9587736e-07)
(0.0035057648 -0.0059571912 -6.1211441e-07)
(0.0033788307 -0.0091310813 -6.3961003e-07)
(0.0032092034 -0.011973654 -6.2985176e-07)
(0.0029885046 -0.014513648 -6.0568683e-07)
(0.0027368205 -0.016323696 -5.7562642e-07)
(0.0024731537 -0.017290502 -5.4635557e-07)
(0.0022164032 -0.017582712 -5.1764781e-07)
(0.0019695307 -0.017454365 -4.8777086e-07)
(0.0017424296 -0.017013327 -4.6073897e-07)
(0.0015327346 -0.016379598 -4.3605057e-07)
(0.0013393914 -0.015571418 -4.1413263e-07)
(0.0011513517 -0.014640496 -3.9356252e-07)
(0.00098179418 -0.013639364 -3.7378146e-07)
(0.00083108567 -0.012613123 -3.5453498e-07)
(0.00069800584 -0.011599881 -3.3550572e-07)
(0.00058083049 -0.010633037 -3.162679e-07)
(0.0004780062 -0.0097359812 -2.9633954e-07)
(0.00038752943 -0.0089294104 -2.7510577e-07)
(0.0003065013 -0.0082263818 -2.5177317e-07)
(0.00023221284 -0.0076316972 -2.2517825e-07)
(0.00016363531 -0.0071457879 -1.9355945e-07)
(9.8998855e-05 -0.0067269874 -1.5394176e-07)
(3.6577959e-05 -0.0064247037 -9.7016552e-08)
(0.011414771 -0.0086361768 -4.284591e-07)
(0.0091397814 -0.025501503 -7.3717343e-07)
(0.0079229444 -0.027904235 -8.1835187e-07)
(0.0062073997 -0.032142341 -8.0458034e-07)
(0.0048012799 -0.029571453 -7.6412321e-07)
(0.0035722468 -0.025803109 -7.1560515e-07)
(0.002551746 -0.021146087 -6.6784563e-07)
(0.0017402071 -0.016225242 -6.2342529e-07)
(0.001106681 -0.011301188 -5.8411443e-07)
(0.00062022862 -0.0067496703 -5.4810021e-07)
(0.00024660541 -0.0026331933 -5.1575402e-07)
(-2.9166499e-05 0.00090159234 -4.8576612e-07)
(-0.00022603617 0.0041796709 -4.6190364e-07)
(-0.00035263609 0.0073165995 -4.3936469e-07)
(-0.00043222787 0.010207282 -4.176537e-07)
(-0.00047212109 0.012717942 -3.9696798e-07)
(-0.00048044109 0.014815523 -3.7700654e-07)
(-0.00046376767 0.016517041 -3.5739963e-07)
(-0.00042735422 0.017850705 -3.377277e-07)
(-0.00037568655 0.018845848 -3.1751313e-07)
(-0.00031345186 0.019527751 -2.961546e-07)
(-0.00024473268 0.019922195 -2.7279537e-07)
(-0.00017141023 0.020027107 -2.4603723e-07)
(-9.6720024e-05 0.019899733 -2.1997645e-07)
(-2.2098753e-05 0.019200126 -1.9402784e-07)
(0.014178689 0.023752264 -7.9242523e-07)
(0.0033806083 -0.00079384617 -1.1196e-06)
(0.0007611604 0.048641575 -1.1212783e-06)
(-0.0010809269 0.051456463 -1.0477189e-06)
(-0.0026844832 0.065601097 -9.7092125e-07)
(-0.0038787474 0.075842749 -8.8474233e-07)
(-0.0045348476 0.082950164 -8.0745808e-07)
(-0.0047327595 0.088876364 -7.4009925e-07)
(-0.0046493213 0.093231792 -6.812665e-07)
(-0.0044229914 0.095935052 -6.307281e-07)
(-0.0041328478 0.097470169 -5.8798865e-07)
(-0.0037852914 0.097933417 -5.4356733e-07)
(-0.0034338088 0.097657272 -5.1836299e-07)
(-0.0030903667 0.096359424 -4.9118459e-07)
(-0.0027440193 0.094200349 -4.6428276e-07)
(-0.0024066421 0.091774579 -4.4016629e-07)
(-0.0020877595 0.089147808 -4.1777234e-07)
(-0.0017882029 0.086403039 -3.965032e-07)
(-0.0015073471 0.08361693 -3.7590346e-07)
(-0.001243541 0.080847283 -3.5554755e-07)
(-0.00099407486 0.078130907 -3.3497411e-07)
(-0.00075639139 0.075510104 -3.1360844e-07)
(-0.00052868725 0.072956955 -2.9084547e-07)
(-0.00030917545 0.07065889 -2.6748965e-07)
(-9.2587705e-05 0.067179394 -2.446919e-07)
(-0.0015594985 1.1764446 -2.5078742e-06)
(-0.00079670325 0.9622719 -1.9939273e-06)
(-0.0010224212 0.86617993 -1.617662e-06)
(-0.00072069787 0.77344819 -1.3297352e-06)
(-0.00063129473 0.67716386 -1.1141087e-06)
(-0.0005510357 0.5857578 -9.5660265e-07)
(-0.0004737809 0.50742845 -8.4128607e-07)
(-0.0004042566 0.44378584 -7.5621707e-07)
(-0.00034335526 0.39131054 -6.8681219e-07)
(-0.00028956608 0.34653362 -6.3275741e-07)
(-0.00023602224 0.30788644 -5.9018563e-07)
(-0.00019091544 0.27462419 -5.5273364e-07)
(-0.00015312608 0.24617844 -5.2168033e-07)
(-0.0001297412 0.22182375 -4.9466615e-07)
(-0.00010842437 0.20090268 -4.7022069e-07)
(-9.0891067e-05 0.18293748 -4.4764515e-07)
(-7.6054141e-05 0.16749956 -4.2633805e-07)
(-6.3249661e-05 0.15422717 -4.0588683e-07)
(-5.2165263e-05 0.14281872 -3.8599557e-07)
(-4.2491152e-05 0.13302558 -3.6639209e-07)
(-3.3729276e-05 0.12463219 -3.4676477e-07)
(-2.5382417e-05 0.11749705 -3.2666313e-07)
(-1.7443528e-05 0.11137873 -3.0582026e-07)
(-9.9444062e-06 0.10656016 -2.8401736e-07)
(-2.7931725e-06 0.10055011 -2.6061375e-07)
(-0.012511268 0.091332022 -1.2272455e-06)
(-0.0022838783 0.099250525 -1.2677449e-06)
(5.2036274e-06 0.10482477 -1.2215476e-06)
(0.0016716704 0.10641056 -1.1304483e-06)
(0.0031293304 0.10835416 -1.0276372e-06)
(0.004206354 0.10991777 -9.2777979e-07)
(0.0047833555 0.11147582 -8.3844309e-07)
(0.0049230013 0.11290745 -7.6140555e-07)
(0.0047889686 0.11363026 -6.7907643e-07)
(0.004513876 0.1136402 -6.3525051e-07)
(0.0042096675 0.11289138 -5.9344992e-07)
(0.0038697129 0.11119193 -5.4992069e-07)
(0.0034988114 0.10865871 -5.1349627e-07)
(0.003128981 0.10563058 -4.8225986e-07)
(0.0027707146 0.1023524 -4.547862e-07)
(0.002428128 0.098948421 -4.3008289e-07)
(0.002104249 0.095501759 -4.0742624e-07)
(0.0018002522 0.092079561 -3.8624868e-07)
(0.0015153334 0.088732423 -3.6606897e-07)
(0.001247957 0.085497986 -3.4642908e-07)
(0.00099611475 0.082397854 -3.2681424e-07)
(0.00075760117 0.079461815 -3.0653893e-07)
(0.00052974003 0.076652441 -2.8593638e-07)
(0.00031033621 0.074161621 -2.638574e-07)
(9.3585599e-05 0.070467981 -2.4179637e-07)
(-0.0089673205 -0.04091147 -8.466172e-07)
(-0.0076449144 -0.038636073 -9.1080582e-07)
(-0.0063092499 -0.03685517 -8.9715389e-07)
(-0.0049602414 -0.033346232 -8.5077426e-07)
(-0.0036897034 -0.028366024 -7.9231877e-07)
(-0.0025919119 -0.022758906 -7.3090648e-07)
(-0.001692702 -0.017022794 -6.7394145e-07)
(-0.00098944246 -0.01143769 -6.2192211e-07)
(-0.0004528515 -0.0064551469 -5.7346984e-07)
(-5.3972881e-05 -0.0020437648 -5.3726209e-07)
(0.00023578767 0.0017488158 -5.0402369e-07)
(0.00043828031 0.0054493401 -4.7304899e-07)
(0.00057058769 0.0089882741 -4.4521137e-07)
(0.00064888922 0.012153777 -4.2017057e-07)
(0.00068442029 0.014877916 -3.9735579e-07)
(0.00068712112 0.017160252 -3.7626315e-07)
(0.0006633314 0.019037179 -3.5650002e-07)
(0.00061826982 0.020547706 -3.376215e-07)
(0.00055677793 0.021711785 -3.1917538e-07)
(0.00048268902 0.022551064 -3.0064496e-07)
(0.0003992824 0.023086859 -2.8130405e-07)
(0.00030942532 0.023339996 -2.5984176e-07)
(0.00021604949 0.023320249 -2.3905419e-07)
(0.0001222983 0.023071845 -2.1405547e-07)
(2.9689825e-05 0.022220822 -1.8965304e-07)
(-0.0043955315 -0.01633912 -5.6892884e-07)
(-0.0042470454 -0.018566757 -6.4321757e-07)
(-0.0040593348 -0.021150638 -6.5725626e-07)
(-0.0037970934 -0.02303272 -6.4011349e-07)
(-0.0034583445 -0.024212127 -6.1034291e-07)
(-0.0030978395 -0.024584637 -5.7814249e-07)
(-0.0027557607 -0.024312444 -5.3889234e-07)
(-0.0024335763 -0.023607785 -5.0225625e-07)
(-0.0021366572 -0.022640234 -4.6901529e-07)
(-0.00186619 -0.021475842 -4.4070295e-07)
(-0.001627147 -0.020198989 -4.1504764e-07)
(-0.0013999713 -0.01879277 -3.9144812e-07)
(-0.0011950699 -0.017322941 -3.6984877e-07)
(-0.001014379 -0.015842894 -3.5006103e-07)
(-0.00085584666 -0.014387059 -3.3158329e-07)
(-0.00071635212 -0.012988273 -3.1400901e-07)
(-0.00059479601 -0.011685132 -2.9726405e-07)
(-0.00048966498 -0.010506609 -2.8080431e-07)
(-0.00039870297 -0.009457518 -2.6414126e-07)
(-0.00031985184 -0.0085400121 -2.4669203e-07)
(-0.00025105001 -0.0077549213 -2.2765284e-07)
(-0.00019016667 -0.0071019828 -2.0591713e-07)
(-0.00013510633 -0.0065779247 -1.8034441e-07)
(-8.3520925e-05 -0.0061423084 -1.4580988e-07)
(-3.2733973e-05 -0.0058471259 -9.375631e-08)
(-0.0011686548 -0.00424748 -4.0539473e-07)
(-0.0012829403 -0.0050153215 -4.731051e-07)
(-0.001416488 -0.0058839893 -4.9909129e-07)
(-0.001526313 -0.0067561321 -4.9911481e-07)
(-0.0016072804 -0.0076404276 -4.8479245e-07)
(-0.0016293402 -0.0086853183 -4.632357e-07)
(-0.0016028945 -0.0098189413 -4.3703381e-07)
(-0.0015431828 -0.010805878 -4.1064113e-07)
(-0.0014622201 -0.01163816 -3.8588726e-07)
(-0.0013688913 -0.012314161 -3.63462e-07)
(-0.0012705587 -0.012852883 -3.4290869e-07)
(-0.0011678637 -0.01325634 -3.2391198e-07)
(-0.0010641912 -0.01353128 -3.0628691e-07)
(-0.00096158057 -0.013657632 -2.902124e-07)
(-0.00086142146 -0.013659735 -2.7480539e-07)
(-0.00076477684 -0.013579133 -2.6016634e-07)
(-0.00067167587 -0.013440165 -2.4562419e-07)
(-0.0005815588 -0.013256614 -2.3092269e-07)
(-0.00049436796 -0.013037247 -2.1560832e-07)
(-0.00040991602 -0.012789002 -1.9909905e-07)
(-0.00032806972 -0.012517475 -1.8051319e-07)
(-0.00024879596 -0.012228102 -1.5856042e-07)
(-0.00017224351 -0.011924245 -1.313238e-07)
(-9.886086e-05 -0.011568049 -9.4799412e-08)
(-3.0518115e-05 -0.011119013 -4.8164097e-08)
(-0.00015735135 -0.0010843169 -3.0172783e-07)
(-9.7351502e-05 -0.001321892 -3.5487161e-07)
(-0.00012571593 -0.0016257314 -3.8178186e-07)
(-0.00020332834 -0.0020010406 -3.8953515e-07)
(-0.00030840854 -0.0024032967 -3.8476738e-07)
(-0.00040895014 -0.0028296425 -3.7240278e-07)
(-0.00048011558 -0.0032843459 -3.556249e-07)
(-0.00052098262 -0.0037169191 -3.3722586e-07)
(-0.0005394017 -0.0041191227 -3.188868e-07)
(-0.00054077023 -0.0044827982 -3.0142008e-07)
(-0.00053052251 -0.0048072997 -2.8498728e-07)
(-0.00051194637 -0.0050990072 -2.6956462e-07)
(-0.00048658813 -0.0053727754 -2.5508602e-07)
(-0.00045573355 -0.0056547978 -2.4148995e-07)
(-0.00042090284 -0.0059368221 -2.2846647e-07)
(-0.00038315878 -0.0061809624 -2.1580896e-07)
(-0.00034321798 -0.0063782001 -2.0314501e-07)
(-0.00030180049 -0.0065259042 -1.9013257e-07)
(-0.00025945628 -0.0066234327 -1.7633105e-07)
(-0.00021661894 -0.006670198 -1.6133441e-07)
(-0.00017371774 -0.006667207 -1.4436008e-07)
(-0.0001312525 -0.0066173619 -1.2417016e-07)
(-8.9831234e-05 -0.0065252371 -9.9551007e-08)
(-5.0125202e-05 -0.0063729509 -6.8421373e-08)
(-1.3710919e-05 -0.0060875806 -3.1331571e-08)
(-6.4644056e-06 -0.00016616275 -2.3063035e-07)
(9.0458978e-05 -0.00011226793 -2.6981403e-07)
(0.0001267613 -9.3722488e-05 -2.9310835e-07)
(0.00012778014 -0.00012572343 -3.0318386e-07)
(0.00011997024 -0.00021368305 -3.0352242e-07)
(8.7159442e-05 -0.0003333255 -2.9725155e-07)
(4.2851808e-05 -0.00047054163 -2.8684379e-07)
(2.265552e-06 -0.00061917325 -2.7429656e-07)
(-3.0460039e-05 -0.0007711139 -2.6098322e-07)
(-5.4353191e-05 -0.00091862139 -2.4770734e-07)
(-7.0873324e-05 -0.0010568802 -2.3483968e-07)
(-8.4199418e-05 -0.0011817987 -2.2252176e-07)
(-9.2291505e-05 -0.0012930342 -2.1077737e-07)
(-9.5331916e-05 -0.0013933779 -1.9955134e-07)
(-9.3988921e-05 -0.0014825005 -1.8868215e-07)
(-8.9476037e-05 -0.0015576382 -1.779724e-07)
(-8.2737232e-05 -0.0016192352 -1.6715855e-07)
(-7.4410361e-05 -0.0016673562 -1.5594564e-07)
(-6.5029453e-05 -0.0017019643 -1.4398495e-07)
(-5.501939e-05 -0.0017227676 -1.3088855e-07)
(-4.4698418e-05 -0.0017295731 -1.1617893e-07)
(-3.4324992e-05 -0.0017227148 -9.9194471e-08)
(-2.4033791e-05 -0.0017045834 -7.920778e-08)
(-1.3808189e-05 -0.0016742583 -5.5518329e-08)
(-3.6665685e-06 -0.0015906675 -2.7163563e-08)
(-3.8606905e-05 7.0745879e-05 -1.7767583e-07)
(5.762777e-05 0.00018579282 -2.0574058e-07)
(0.00011235636 0.000282552 -2.242525e-07)
(0.00013512429 0.00035500986 -2.3400091e-07)
(0.00013678094 0.00040557423 -2.3662324e-07)
(0.00012991107 0.00043085978 -2.3398457e-07)
(0.00011385752 0.00042889556 -2.2777542e-07)
(9.228415e-05 0.00040688914 -2.1941146e-07)
(7.0748375e-05 0.00037614278 -2.0995005e-07)
(5.160355e-05 0.00034106293 -2.0008931e-07)
(3.5813625e-05 0.00030382215 -1.9023314e-07)
(2.3100676e-05 0.00026772147 -1.8058862e-07)
(1.3369625e-05 0.00023577518 -1.7123468e-07)
(6.2964716e-06 0.00020888104 -1.6215635e-07)
(1.5227305e-06 0.00018669764 -1.5325957e-07)
(-1.3411035e-06 0.00016895472 -1.4439712e-07)
(-3.108605e-06 0.00015490982 -1.3537481e-07)
(-3.9513383e-06 0.00014405163 -1.2596519e-07)
(-4.1626255e-06 0.00013539307 -1.1591275e-07)
(-4.0143099e-06 0.00012826171 -1.0494553e-07)
(-3.6844927e-06 0.00012226481 -9.2792475e-08)
(-3.2775546e-06 0.00011697913 -7.9226972e-08)
(-2.7746216e-06 0.00011214229 -6.4280244e-08)
(-2.0659821e-06 0.00010605018 -4.8773661e-08)
(-7.3245828e-07 0.00010347204 -3.584453e-08)
(-0.00011140035 3.4947958e-05 -1.3550108e-07)
(-2.6035227e-05 0.00011121442 -1.5571895e-07)
(3.2463434e-05 0.00019280212 -1.6995272e-07)
(6.806074e-05 0.00026917817 -1.7832986e-07)
(8.6255269e-05 0.00033116302 -1.8164768e-07)
(9.3632858e-05 0.00038043717 -1.8098221e-07)
(9.2202206e-05 0.00041685198 -1.7742304e-07)
(8.3126174e-05 0.00044062437 -1.7194435e-07)
(6.9439304e-05 0.00045158076 -1.6532347e-07)
(5.3936247e-05 0.00045138406 -1.5812544e-07)
(3.8966106e-05 0.0004425732 -1.5071824e-07)
(2.71229e-05 0.00043000542 -1.4331378e-07)
(1.7329482e-05 0.00041865573 -1.3600956e-07)
(9.3606657e-06 0.00040798488 -1.2881928e-07)
(2.9944092e-06 0.00039786602 -1.2169009e-07)
(-1.852351e-06 0.00038771283 -1.1451983e-07)
(-4.6411992e-06 0.00037783667 -1.0716888e-07)
(-6.3006951e-06 0.00036888387 -9.9472945e-08)
(-6.9946884e-06 0.00036061742 -9.1256512e-08)
(-6.895247e-06 0.00035273579 -8.2354661e-08)
(-6.1996832e-06 0.00034489789 -7.2650519e-08)
(-5.0555271e-06 0.00033690109 -6.2151274e-08)
(-3.7137732e-06 0.00032858504 -5.1191943e-08)
(-2.3058959e-06 0.00031888369 -4.0814904e-08)
(-7.8823742e-07 0.00030363411 -3.3473422e-08)
(-0.00015536479 -8.2774457e-05 -1.0116994e-07)
(-8.4241488e-05 -3.8550266e-05 -1.1570935e-07)
(-3.1049391e-05 1.1699684e-05 -1.2645566e-07)
(6.6374827e-06 5.7337999e-05 -1.3329636e-07)
(3.1464659e-05 9.7841912e-05 -1.3660039e-07)
(4.6220859e-05 0.00013433934 -1.3696282e-07)
(5.2820219e-05 0.00016486018 -1.3506886e-07)
(5.2545737e-05 0.00018738713 -1.3157419e-07)
(4.7567984e-05 0.00019980896 -1.2703753e-07)
(4.0069762e-05 0.0002039162 -1.2189074e-07)
(3.1797855e-05 0.00020164398 -1.1643666e-07)
(2.3832892e-05 0.00019456667 -1.1086612e-07)
(1.6336506e-05 0.00018447341 -1.0527927e-07)
(9.461938e-06 0.00017291603 -9.9705614e-08)
(3.3214823e-06 0.00016137416 -9.4119504e-08)
(-1.9782129e-06 0.0001506564 -8.845396e-08)
(-5.7794937e-06 0.00014045547 -8.26127e-08)
(-7.9081446e-06 0.00013061569 -7.648293e-08)
(-8.7989775e-06 0.00012190341 -6.995049e-08)
(-8.7468068e-06 0.00011428291 -6.292086e-08)
(-7.9681577e-06 0.0001078184 -5.5353013e-08)
(-6.6235808e-06 0.00010238931 -4.7317404e-08)
(-4.922861e-06 9.7713359e-05 -3.9102557e-08)
(-3.014669e-06 9.4833671e-05 -3.1391458e-08)
(-1.0549847e-06 9.0195315e-05 -2.5289425e-08)
(-0.0001664218 -0.00014504745 -7.3817164e-08)
(-0.00010904963 -0.00012915898 -8.4299319e-08)
(-6.3757931e-05 -0.0001062445 -9.2301708e-08)
(-2.9085152e-05 -8.2011228e-05 -9.7665268e-08)
(-3.1421543e-06 -5.8733836e-05 -1.0054562e-07)
(1.4977207e-05 -3.9018118e-05 -1.012979e-07)
(2.6346575e-05 -2.2575532e-05 -1.0035994e-07)
(3.1942664e-05 -9.930166e-06 -9.8161299e-08)
(3.3155265e-05 -1.486408e-06 -9.5091556e-08)
(3.1412944e-05 2.9073198e-06 -9.1465895e-08)
(2.785168e-05 3.2384392e-06 -8.7519433e-08)
(2.3438596e-05 -3.4916594e-07 -8.3408468e-08)
(1.8742531e-05 -6.9664178e-06 -7.9222531e-08)
(1.4055766e-05 -1.5598638e-05 -7.4996387e-08)
(9.6940878e-06 -2.5551792e-05 -7.0721365e-08)
(5.9019015e-06 -3.5652958e-05 -6.6356215e-08)
(2.3055211e-06 -4.4532773e-05 -6.183753e-08)
(-2.3315156e-07 -5.2135824e-05 -5.7090851e-08)
(-1.8827699e-06 -5.9057623e-05 -5.2043335e-08)
(-2.8126984e-06 -6.4970873e-05 -4.6638896e-08)
(-3.1484587e-06 -6.9668282e-05 -4.0856363e-08)
(-3.0177021e-06 -7.3057169e-05 -3.472635e-08)
(-2.4539543e-06 -7.5991002e-05 -2.8326288e-08)
(-1.5949907e-06 -7.1631472e-05 -2.1656406e-08)
(-6.1645235e-07 -7.5303524e-05 -1.3829837e-08)
(-0.00015657272 -0.00014680609 -5.2576896e-08)
(-0.00011051585 -0.00014441937 -6.0030302e-08)
(-7.2274676e-05 -0.00013325058 -6.5837976e-08)
(-4.1668514e-05 -0.00011942358 -6.9880994e-08)
(-1.7559533e-05 -0.00010516774 -7.222599e-08)
(7.2095277e-07 -9.2484642e-05 -7.3062476e-08)
(1.3828363e-05 -8.270503e-05 -7.2649973e-08)
(2.2454202e-05 -7.5358071e-05 -7.1280428e-08)
(2.7332701e-05 -6.9367859e-05 -6.9220498e-08)
(2.9158212e-05 -6.5377143e-05 -6.6696873e-08)
(2.8607078e-05 -6.4077081e-05 -6.3883008e-08)
(2.6613804e-05 -6.5118042e-05 -6.0901437e-08)
(2.3850443e-05 -6.8015284e-05 -5.7826078e-08)
(2.073055e-05 -7.2437314e-05 -5.4690909e-08)
(1.755019e-05 -7.7876133e-05 -5.1497165e-08)
(1.4550645e-05 -8.3693555e-05 -4.822139e-08)
(1.1831026e-05 -8.9486359e-05 -4.4823749e-08)
(9.161401e-06 -9.4998353e-05 -4.1256938e-08)
(6.8220363e-06 -9.9934859e-05 -3.7474396e-08)
(4.8918501e-06 -0.0001040109 -3.3439459e-08)
(3.3790233e-06 -0.00010689466 -2.9130825e-08)
(2.2523007e-06 -0.00010837413 -2.45358e-08)
(1.4705817e-06 -0.00010913645 -1.9609604e-08)
(8.6591716e-07 -0.00010335095 -1.4130912e-08)
(2.2935229e-07 -0.00010272976 -7.3434981e-09)
(-0.00013948214 -0.00011423436 -3.65455e-08)
(-0.00010267488 -0.00011332456 -4.1720364e-08)
(-7.0663556e-05 -0.00010937301 -4.5810454e-08)
(-4.3936259e-05 -9.9619332e-05 -4.8729097e-08)
(-2.2548583e-05 -8.9287652e-05 -5.0498397e-08)
(-5.6069778e-06 -8.054899e-05 -5.1226222e-08)
(7.4280919e-06 -7.1554689e-05 -5.1072572e-08)
(1.6981471e-05 -6.3130801e-05 -5.0220635e-08)
(2.348258e-05 -5.6741805e-05 -4.8848803e-08)
(2.7288844e-05 -5.2168758e-05 -4.7113438e-08)
(2.8898601e-05 -4.9165306e-05 -4.5139622e-08)
(2.8863057e-05 -4.778988e-05 -4.3018385e-08)
(2.7631031e-05 -4.7833178e-05 -4.0808125e-08)
(2.5613473e-05 -4.9004703e-05 -3.8538701e-08)
(2.3151556e-05 -5.1099131e-05 -3.6216168e-08)
(2.04726e-05 -5.3901101e-05 -3.3829096e-08)
(1.7735513e-05 -5.7046056e-05 -3.1354509e-08)
(1.4967901e-05 -6.0292896e-05 -2.8762845e-08)
(1.2306987e-05 -6.3211448e-05 -2.6024813e-08)
(9.8544701e-06 -6.5595567e-05 -2.3115178e-08)
(7.649276e-06 -6.7442919e-05 -2.0012962e-08)
(5.697095e-06 -6.8462165e-05 -1.6692021e-08)
(4.0284393e-06 -6.9549385e-05 -1.3093564e-08)
(2.3984071e-06 -6.4391693e-05 -9.0670874e-09)
(4.1972605e-07 -6.5883722e-05 -4.3092365e-09)
(-0.00012318646 -7.9332787e-05 -2.4753523e-08)
(-9.3644254e-05 -7.7841829e-05 -2.8232941e-08)
(-6.7186962e-05 -7.3679726e-05 -3.1011763e-08)
(-4.4386768e-05 -6.6711234e-05 -3.3028179e-08)
(-2.5544766e-05 -5.7832807e-05 -3.4284612e-08)
(-1.0160749e-05 -4.8775686e-05 -3.4839529e-08)
(2.124402e-06 -4.0045318e-05 -3.4789131e-08)
(1.1613075e-05 -3.1880233e-05 -3.4249067e-08)
(1.86278e-05 -2.4594586e-05 -3.3335873e-08)
(2.3442662e-05 -1.8532691e-05 -3.2154144e-08)
(2.6383899e-05 -1.3671112e-05 -3.0790967e-08)
(2.775656e-05 -1.007043e-05 -2.9311448e-08)
(2.7832295e-05 -7.7291157e-06 -2.7759549e-08)
(2.692886e-05 -6.2967665e-06 -2.6159386e-08)
(2.5337483e-05 -5.9807526e-06 -2.4519131e-08)
(2.3250676e-05 -6.6440895e-06 -2.2834927e-08)
(2.0838777e-05 -7.8232303e-06 -2.1093741e-08)
(1.8214359e-05 -9.3654593e-06 -1.9278688e-08)
(1.5511441e-05 -1.1058052e-05 -1.7371673e-08)
(1.2833559e-05 -1.2699026e-05 -1.5355617e-08)
(1.0236908e-05 -1.4192695e-05 -1.3213838e-08)
(7.7459332e-06 -1.5161453e-05 -1.0924931e-08)
(5.3565396e-06 -1.7083422e-05 -8.4537978e-09)
(3.0497626e-06 -1.3022839e-05 -5.7466751e-09)
(8.996107e-07 -1.6694876e-05 -2.7567254e-09)
(-0.00011042855 -5.3271282e-05 -1.629619e-08)
(-8.6533474e-05 -5.1676631e-05 -1.8552374e-08)
(-6.4649702e-05 -4.7609942e-05 -2.0366448e-08)
(-4.5350355e-05 -4.1771384e-05 -2.1695293e-08)
(-2.8761984e-05 -3.4193119e-05 -2.253519e-08)
(-1.4843887e-05 -2.5693077e-05 -2.2916257e-08)
(-3.4230678e-06 -1.7543178e-05 -2.2896523e-08)
(5.7294416e-06 -9.2657682e-06 -2.2546363e-08)
(1.2827637e-05 -1.8289437e-06 -2.1939939e-08)
(1.8098348e-05 4.8647219e-06 -2.1146428e-08)
(2.1757242e-05 1.0743833e-05 -2.0223423e-08)
(2.4010924e-05 1.5555593e-05 -1.9215867e-08)
(2.5056865e-05 1.9434866e-05 -1.815535e-08)
(2.5115044e-05 2.2052498e-05 -1.7060495e-08)
(2.4376451e-05 2.373297e-05 -1.5939623e-08)
(2.3002121e-05 2.4804642e-05 -1.4792303e-08)
(2.1143954e-05 2.5282502e-05 -1.3612493e-08)
(1.8934681e-05 2.5136228e-05 -1.2390829e-08)
(1.6488966e-05 2.4496639e-05 -1.1116697e-08)
(1.3905165e-05 2.3616018e-05 -9.7792607e-09)
(1.1258386e-05 2.2529094e-05 -8.3672679e-09)
(8.5865739e-06 2.1647525e-05 -6.8678321e-09)
(5.8521722e-06 1.9265898e-05 -5.2663519e-09)
(3.2537315e-06 2.333158e-05 -3.5562406e-09)
(1.252029e-06 1.813107e-05 -1.7576047e-09)
(-0.0001008011 -3.9064944e-05 -1.0396933e-08)
(-8.1346877e-05 -3.7600451e-05 -1.1807672e-08)
(-6.3168883e-05 -3.3887872e-05 -1.2946377e-08)
(-4.6739089e-05 -2.9305212e-05 -1.3783779e-08)
(-3.216289e-05 -2.3247114e-05 -1.4315444e-08)
(-1.9660979e-05 -1.59571e-05 -1.455744e-08)
(-9.1318732e-06 -8.4652708e-06 -1.4542151e-08)
(-4.3839588e-07 -9.4917175e-07 -1.4312184e-08)
(6.5482044e-06 6.129296e-06 -1.3913432e-08)
(1.2014027e-05 1.2726893e-05 -1.3389811e-08)
(1.60995e-05 1.8598602e-05 -1.2779284e-08)
(1.8935897e-05 2.3898478e-05 -1.2111626e-08)
(2.0677559e-05 2.8405571e-05 -1.1408468e-08)
(2.147365e-05 3.1962563e-05 -1.0683524e-08)
(2.1453471e-05 3.4779319e-05 -9.9437076e-09)
(2.0758348e-05 3.6921025e-05 -9.190454e-09)
(1.950584e-05 3.8293686e-05 -8.4214431e-09)
(1.7813569e-05 3.9013922e-05 -7.6318854e-09)
(1.5782231e-05 3.9326217e-05 -6.8158204e-09)
(1.3503131e-05 3.9231321e-05 -5.9668311e-09)
(1.1061677e-05 3.8767113e-05 -5.0782292e-09)
(8.5246409e-06 3.84163e-05 -4.143304e-09)
(5.9502183e-06 3.6011406e-05 -3.1575927e-09)
(3.4660244e-06 3.9526312e-05 -2.1272152e-09)
(1.1686593e-06 3.43432e-05 -1.0820231e-09)
(-9.3092658e-05 -3.2154781e-05 -6.4123997e-09)
(-7.7137987e-05 -3.080603e-05 -7.2650299e-09)
(-6.1931397e-05 -2.8313828e-05 -7.9536109e-09)
(-4.7890714e-05 -2.4855438e-05 -8.4601687e-09)
(-3.5184825e-05 -2.008802e-05 -8.780433e-09)
(-2.4048366e-05 -1.4425037e-05 -8.9231714e-09)
(-1.4440898e-05 -8.0244629e-06 -8.9068549e-09)
(-6.3135965e-06 -1.4494652e-06 -8.7564493e-09)
(4.2395505e-07 5.0502919e-06 -8.4995658e-09)
(5.8863778e-06 1.1217375e-05 -8.1631987e-09)
(1.0170548e-05 1.6805319e-05 -7.7711199e-09)
(1.3366335e-05 2.1940014e-05 -7.3426898e-09)
(1.5590201e-05 2.6551763e-05 -6.8921397e-09)
(1.6938689e-05 3.0546539e-05 -6.4289886e-09)
(1.7509349e-05 3.3945495e-05 -5.9584709e-09)
(1.7407762e-05 3.6682143e-05 -5.4824826e-09)
(1.6731245e-05 3.8756723e-05 -5.0005251e-09)
(1.5567838e-05 4.023691e-05 -4.5103799e-09)
(1.4011451e-05 4.1225926e-05 -4.0089071e-09)
(1.2150685e-05 4.1685962e-05 -3.4925102e-09)
(1.006292e-05 4.1657431e-05 -2.9574649e-09)
(7.8250459e-06 4.1603573e-05 -2.4005329e-09)
(5.517177e-06 3.9576868e-05 -1.8206525e-09)
(3.2717939e-06 4.3601545e-05 -1.2232879e-09)
(1.1439037e-06 3.7865087e-05 -6.2264212e-10)
(-8.6519417e-05 -2.8043528e-05 -3.8177604e-09)
(-7.3337775e-05 -2.7429319e-05 -4.3174745e-09)
(-6.0540844e-05 -2.5823777e-05 -4.7203172e-09)
(-4.8528676e-05 -2.3130065e-05 -5.0159514e-09)
(-3.7540048e-05 -1.9420676e-05 -5.2013746e-09)
(-2.7671959e-05 -1.4867934e-05 -5.2809962e-09)
(-1.8996887e-05 -9.633212e-06 -5.2653537e-09)
(-1.1506039e-05 -4.1834643e-06 -5.1688745e-09)
(-5.1414109e-06 1.4477058e-06 -5.0077842e-09)
(1.5760667e-07 6.8980708e-06 -4.7982314e-09)
(4.4644626e-06 1.2181378e-05 -4.5546995e-09)
(7.8425416e-06 1.7207461e-05 -4.2891491e-09)
(1.0367825e-05 2.1603811e-05 -4.0106603e-09)
(1.2104899e-05 2.5568631e-05 -3.7254394e-09)
(1.313084e-05 2.916499e-05 -3.4372733e-09)
(1.3520704e-05 3.2156858e-05 -3.147809e-09)
(1.3351448e-05 3.4578744e-05 -2.8571863e-09)
(1.2694839e-05 3.6481846e-05 -2.5645236e-09)
(1.1629217e-05 3.787005e-05 -2.2682475e-09)
(1.0233604e-05 3.8797862e-05 -1.9664176e-09)
(8.5809659e-06 3.9251863e-05 -1.6570679e-09)
(6.7463776e-06 3.9527272e-05 -1.3386289e-09)
(4.8101301e-06 3.7854545e-05 -1.0108243e-09)
(2.8655145e-06 4.2223307e-05 -6.7671635e-10)
(9.5823276e-07 3.6523024e-05 -3.418111e-10)
(-8.0803115e-05 -2.4398911e-05 -2.1943957e-09)
(-6.985021e-05 -2.4449994e-05 -2.4786221e-09)
(-5.9046041e-05 -2.3233618e-05 -2.7074101e-09)
(-4.8755823e-05 -2.1132596e-05 -2.8745719e-09)
(-3.9224484e-05 -1.8328874e-05 -2.9783139e-09)
(-3.0520873e-05 -1.4537383e-05 -3.0210008e-09)
(-2.2772078e-05 -1.0191236e-05 -3.0083513e-09)
(-1.5950586e-05 -5.7222686e-06 -2.9485069e-09)
(-1.003899e-05 -1.0348788e-06 -2.8508207e-09)
(-5.0029356e-06 3.7416788e-06 -2.7246639e-09)
(-7.9731351e-07 8.4550501e-06 -2.5785904e-09)
(2.6266647e-06 1.2943594e-05 -2.4197658e-09)
(5.3142502e-06 1.726206e-05 -2.2537414e-09)
(7.3114018e-06 2.1214617e-05 -2.0844257e-09)
(8.6750485e-06 2.4683608e-05 -1.9142886e-09)
(9.4607455e-06 2.7668106e-05 -1.7445958e-09)
(9.7226596e-06 3.0193126e-05 -1.5756795e-09)
(9.5247619e-06 3.2351902e-05 -1.4072215e-09)
(8.929944e-06 3.3999282e-05 -1.2384464e-09)
(8.0039143e-06 3.514476e-05 -1.0683747e-09)
(6.8154562e-06 3.5779092e-05 -8.9597789e-10)
(5.4298026e-06 3.63267e-05 -7.2047092e-10)
(3.9150042e-06 3.4917256e-05 -5.4168155e-10)
(2.3332505e-06 3.9249702e-05 -3.6102943e-10)
(7.387879e-07 3.3938975e-05 -1.7949832e-10)
(-7.5876609e-05 -2.0610174e-05 -1.2191541e-09)
(-6.6731644e-05 -2.0953454e-05 -1.3756355e-09)
(-5.7585562e-05 -2.0129117e-05 -1.5015225e-09)
(-4.8752931e-05 -1.8419336e-05 -1.5932702e-09)
(-4.045364e-05 -1.606794e-05 -1.649625e-09)
(-3.2806065e-05 -1.3231044e-05 -1.6717673e-09)
(-2.5901124e-05 -9.629901e-06 -1.6628269e-09)
(-1.9737292e-05 -5.6576847e-06 -1.6272107e-09)
(-1.4298292e-05 -1.7497392e-06 -1.570115e-09)
(-9.5757492e-06 2.3396312e-06 -1.4968634e-09)
(-5.5423165e-06 6.4585272e-06 -1.4123435e-09)
(-2.1658317e-06 1.0503016e-05 -1.3207117e-09)
(5.8431586e-07 1.4404686e-05 -1.2252339e-09)
(2.7454148e-06 1.8026972e-05 -1.128271e-09)
(4.3529029e-06 2.1289975e-05 -1.0313508e-09)
(5.4481238e-06 2.4323173e-05 -9.3533701e-10)
(6.072152e-06 2.6973023e-05 -8.4053907e-10)
(6.2768958e-06 2.9113834e-05 -7.468725e-10)
(6.1139208e-06 3.0853753e-05 -6.5398817e-10)
(5.6376322e-06 3.2117918e-05 -5.613873e-10)
(4.9042675e-06 3.2884047e-05 -4.6854094e-10)
(3.9718919e-06 3.360191e-05 -3.7504738e-10)
(2.8953645e-06 3.2296161e-05 -2.807407e-10)
(1.7257009e-06 3.6373316e-05 -1.8633599e-10)
(5.2407968e-07 3.1582773e-05 -9.1701393e-11)
(-7.1688856e-05 -1.7018474e-05 -6.55577e-10)
(-6.4015965e-05 -1.7453699e-05 -7.3837926e-10)
(-5.6247811e-05 -1.6768104e-05 -8.0520125e-10)
(-4.8651283e-05 -1.5467881e-05 -8.5390646e-10)
(-4.1422604e-05 -1.3715155e-05 -8.8358809e-10)
(-3.4695355e-05 -1.1263929e-05 -8.9477567e-10)
(-2.8513334e-05 -8.3568588e-06 -8.8906378e-10)
(-2.29506e-05 -4.9498161e-06 -8.6878985e-10)
(-1.7979509e-05 -1.4204079e-06 -8.3674019e-10)
(-1.3588097e-05 2.0646794e-06 -7.9580154e-10)
(-9.7625914e-06 5.6638254e-06 -7.4868964e-10)
(-6.4857643e-06 9.2214034e-06 -6.9772617e-10)
(-3.7336315e-06 1.2673119e-05 -6.4477253e-10)
(-1.4811361e-06 1.5967141e-05 -5.9120127e-10)
(2.9728594e-07 1.9045341e-05 -5.3792303e-10)
(1.6311624e-06 2.1882333e-05 -4.8546974e-10)
(2.556105e-06 2.4386642e-05 -4.3406882e-10)
(3.108072e-06 2.6485802e-05 -3.8372541e-10)
(3.3292653e-06 2.8199243e-05 -3.3429049e-10)
(3.2646835e-06 2.9587449e-05 -2.8552249e-10)
(2.9603617e-06 3.0502736e-05 -2.3715168e-10)
(2.4666488e-06 3.1457261e-05 -1.8897602e-10)
(1.8329085e-06 3.0071204e-05 -1.4083388e-10)
(1.1079352e-06 3.3471884e-05 -9.3158459e-11)
(3.4708629e-07 2.9679046e-05 -4.5459135e-11)
(-6.8155555e-05 -1.3934426e-05 -3.4152603e-10)
(-6.1682339e-05 -1.4319922e-05 -3.8295723e-10)
(-5.5056161e-05 -1.3888064e-05 -4.1678637e-10)
(-4.8502149e-05 -1.2880976e-05 -4.4155923e-10)
(-4.2195326e-05 -1.1352625e-05 -4.5662796e-10)
(-3.6252646e-05 -9.304759e-06 -4.6212337e-10)
(-3.0718833e-05 -6.9290128e-06 -4.5878642e-10)
(-2.56676e-05 -4.1168272e-06 -4.4779968e-10)
(-2.1128279e-05 -1.0085625e-06 -4.3058086e-10)
(-1.7066071e-05 2.1125221e-06 -4.0863427e-10)
(-1.3468255e-05 5.2532253e-06 -3.8340702e-10)
(-1.0314705e-05 8.3748845e-06 -3.5615695e-10)
(-7.5978177e-06 1.1418816e-05 -3.2789879e-10)
(-5.3017484e-06 1.4351507e-05 -2.9939862e-10)
(-3.4046723e-06 1.7130143e-05 -2.7117619e-10)
(-1.8843286e-06 1.9692324e-05 -2.4354213e-10)
(-7.1444524e-07 2.1990092e-05 -2.1664801e-10)
(1.3316204e-07 2.3977554e-05 -1.9052333e-10)
(6.911671e-07 2.5630319e-05 -1.6511129e-10)
(9.9545387e-07 2.6951632e-05 -1.4029892e-10)
(1.0863953e-06 2.7808424e-05 -1.1595477e-10)
(1.0055489e-06 2.8664763e-05 -9.1982487e-11)
(7.9608767e-07 2.7516791e-05 -6.8244875e-11)
(5.0489254e-07 3.0980047e-05 -4.5062604e-11)
(1.7307802e-07 2.7092039e-05 -2.1882809e-11)
(-6.5172885e-05 -1.1475002e-05 -1.7236103e-10)
(-5.9678917e-05 -1.1834531e-05 -1.9120367e-10)
(-5.3998992e-05 -1.1555986e-05 -2.0707474e-10)
(-4.8323107e-05 -1.0712168e-05 -2.1890631e-10)
(-4.2804411e-05 -9.4411491e-06 -2.2617411e-10)
(-3.753633e-05 -7.6724715e-06 -2.2878223e-10)
(-3.2590408e-05 -5.5402288e-06 -2.2699111e-10)
(-2.7995162e-05 -3.3577144e-06 -2.2135861e-10)
(-2.3808442e-05 -8.7752513e-07 -2.1257643e-10)
(-2.0035318e-05 1.8625494e-06 -2.0137837e-10)
(-1.6655147e-05 4.6754998e-06 -1.8849746e-10)
(-1.3642294e-05 7.4471295e-06 -1.7458454e-10)
(-1.0989948e-05 1.0100087e-05 -1.6016886e-10)
(-8.6779804e-06 1.2691341e-05 -1.4565712e-10)
(-6.6981253e-06 1.5130902e-05 -1.3132974e-10)
(-5.0338042e-06 1.7383946e-05 -1.1736201e-10)
(-3.6648795e-06 1.9422048e-05 -1.0384873e-10)
(-2.5676627e-06 2.123241e-05 -9.0825117e-11)
(-1.716941e-06 2.2757447e-05 -7.8273796e-11)
(-1.0843041e-06 2.3949572e-05 -6.6143828e-11)
(-6.373736e-07 2.4749981e-05 -5.4378281e-11)
(-3.4186651e-07 2.5548046e-05 -4.293551e-11)
(-1.6312798e-07 2.4545226e-05 -3.1706288e-11)
(-6.7252622e-08 2.7947563e-05 -2.0968705e-11)
(-1.9140862e-08 2.409436e-05 -1.0151455e-11)
(-6.2635797e-05 -9.5534823e-06 -8.4116637e-11)
(-5.794414e-05 -9.8972178e-06 -9.1049467e-11)
(-5.305024e-05 -9.7339011e-06 -9.7420438e-11)
(-4.811261e-05 -8.9741712e-06 -1.0244545e-10)
(-4.3255733e-05 -7.9240597e-06 -1.0563504e-10)
(-3.8571503e-05 -6.5506455e-06 -1.0676154e-10)
(-3.4135301e-05 -4.7112641e-06 -1.0589183e-10)
(-2.9971484e-05 -2.7847626e-06 -1.0322338e-10)
(-2.6098194e-05 -8.3281039e-07 -9.9047436e-11)
(-2.2556623e-05 1.3035302e-06 -9.3713508e-11)
(-1.9344998e-05 3.7217879e-06 -8.7552068e-11)
(-1.6466479e-05 6.1587584e-06 -8.087652e-11)
(-1.3886523e-05 8.4903451e-06 -7.3951328e-11)
(-1.158279e-05 1.0756494e-05 -6.6979351e-11)
(-9.5526626e-06 1.2878234e-05 -6.0106382e-11)
(-7.781884e-06 1.4851971e-05 -5.342776e-11)
(-6.2508082e-06 1.6646127e-05 -4.6998054e-11)
(-4.944602e-06 1.822457e-05 -4.0842618e-11)
(-3.84392e-06 1.9552041e-05 -3.4963716e-11)
(-2.9262436e-06 2.0607993e-05 -2.9346855e-11)
(-2.1673771e-06 2.132081e-05 -2.3971832e-11)
(-1.5415419e-06 2.2047091e-05 -1.8828019e-11)
(-1.0224504e-06 2.1162067e-05 -1.3826236e-11)
(-5.8493597e-07 2.4683607e-05 -9.2196595e-12)
(-1.9543848e-07 2.0738682e-05 -4.3910178e-12)
(-6.0446337e-05 -8.0268715e-06 -3.9596781e-11)
(-5.6413098e-05 -8.3404575e-06 -4.0519297e-11)
(-5.2170318e-05 -8.2293982e-06 -4.2018467e-11)
(-4.7846587e-05 -7.6301759e-06 -4.3508743e-11)
(-4.354577e-05 -6.7265154e-06 -4.4583439e-11)
(-3.9364089e-05 -5.7019246e-06 -4.4963928e-11)
(-3.5361348e-05 -4.4242441e-06 -4.4574839e-11)
(-3.1574052e-05 -2.8455235e-06 -4.3474025e-11)
(-2.8013261e-05 -1.1023893e-06 -4.1731063e-11)
(-2.4692925e-05 7.2417741e-07 -3.9462169e-11)
(-2.1631197e-05 2.6004508e-06 -3.6819189e-11)
(-1.8840626e-05 4.5426219e-06 -3.3931524e-11)
(-1.6303892e-05 6.592642e-06 -3.0913409e-11)
(-1.4018976e-05 8.5495086e-06 -2.7862291e-11)
(-1.1957962e-05 1.0366627e-05 -2.4853233e-11)
(-1.0105816e-05 1.2089423e-05 -2.1935051e-11)
(-8.4469604e-06 1.3655106e-05 -1.9139085e-11)
(-6.9722896e-06 1.5016318e-05 -1.6478542e-11)
(-5.6664513e-06 1.6153658e-05 -1.3960981e-11)
(-4.5109749e-06 1.7068273e-05 -1.1591168e-11)
(-3.4871309e-06 1.7688743e-05 -9.3677665e-12)
(-2.5787817e-06 1.8416622e-05 -7.2997824e-12)
(-1.7691731e-06 1.7534465e-05 -5.3071412e-12)
(-1.0380337e-06 2.084856e-05 -3.6361295e-12)
(-3.6095684e-07 1.7270557e-05 -1.675795e-12)
(-5.8516223e-05 -6.8366428e-06 -1.7978945e-11)
(-5.5022525e-05 -7.1330477e-06 -1.6007621e-11)
(-5.1316356e-05 -7.0723388e-06 -1.5118528e-11)
(-4.7504006e-05 -6.7859374e-06 -1.4825369e-11)
(-4.368051e-05 -6.1893971e-06 -1.4794177e-11)
(-3.9925593e-05 -5.3188113e-06 -1.4788423e-11)
(-3.629278e-05 -4.2852629e-06 -1.4637562e-11)
(-3.2821532e-05 -3.023406e-06 -1.4300219e-11)
(-2.9535401e-05 -1.5749154e-06 -1.3768545e-11)
(-2.643888e-05 -2.8310243e-08 -1.3046571e-11)
(-2.3541093e-05 1.4981792e-06 -1.2164466e-11)
(-2.0833827e-05 3.0514924e-06 -1.1168547e-11)
(-1.8334577e-05 4.6043478e-06 -1.0108533e-11)
(-1.6047165e-05 6.1480029e-06 -9.0238517e-12)
(-1.3945879e-05 7.7386984e-06 -7.9447076e-12)
(-1.2018314e-05 9.2337613e-06 -6.8933487e-12)
(-1.0258532e-05 1.0545259e-05 -5.8891491e-12)
(-8.6489575e-06 1.1684015e-05 -4.9462557e-12)
(-7.1762839e-06 1.2672375e-05 -4.0727889e-12)
(-5.8268513e-06 1.3484085e-05 -3.2737895e-12)
(-4.5869164e-06 1.4059706e-05 -2.5572387e-12)
(-3.4457129e-06 1.4737566e-05 -1.9400555e-12)
(-2.3910326e-06 1.3804101e-05 -1.3578614e-12)
(-1.4080402e-06 1.6751705e-05 -1.0516484e-12)
(-4.7723943e-07 1.3812473e-05 -4.2064015e-13)
(-5.6767341e-05 -5.9632074e-06 -7.9043502e-12)
(-5.3716447e-05 -6.3191965e-06 -4.7296166e-12)
(-5.0454358e-05 -6.4715527e-06 -2.7253079e-12)
(-4.7072611e-05 -6.3363711e-06 -1.5917906e-12)
(-4.3653382e-05 -5.8690074e-06 -1.0121588e-12)
(-4.0260272e-05 -5.2054281e-06 -7.7386677e-13)
(-3.6944644e-05 -4.3813979e-06 -7.1302899e-13)
(-3.3744604e-05 -3.3730491e-06 -7.1513342e-13)
(-3.0684379e-05 -2.2477154e-06 -7.3101502e-13)
(-2.7778064e-05 -1.0236355e-06 -7.3008921e-13)
(-2.5029201e-05 2.3865817e-07 -6.8818138e-13)
(-2.243445e-05 1.5168865e-06 -5.9893378e-13)
(-1.9998192e-05 2.7904773e-06 -4.7105112e-13)
(-1.7709844e-05 4.0648432e-06 -3.1916653e-13)
(-1.5574405e-05 5.2746383e-06 -1.5503206e-13)
(-1.3584668e-05 6.3819994e-06 1.0596631e-14)
(-1.1734693e-05 7.4358608e-06 1.6644783e-13)
(-1.0007735e-05 8.403718e-06 3.0088338e-13)
(-8.3932116e-06 9.2445922e-06 4.0631487e-13)
(-6.8842051e-06 9.9439684e-06 4.7667108e-13)
(-5.472955e-06 1.0449003e-05 4.9996566e-13)
(-4.1462585e-06 1.1017963e-05 4.5583354e-13)
(-2.891449e-06 1.0186917e-05 4.0493338e-13)
(-1.7009615e-06 1.3299917e-05 1.0540601e-13)
(-5.5654935e-07 1.020827e-05 1.4037693e-13)
(-5.5133824e-05 -5.471806e-06 -3.5446606e-12)
(-5.2448144e-05 -5.9160254e-06 4.1088886e-14)
(-4.9556354e-05 -6.1370273e-06 2.4635442e-12)
(-4.6536302e-05 -6.0911553e-06 3.964188e-12)
(-4.3455695e-05 -5.7882287e-06 4.8067278e-12)
(-4.0370852e-05 -5.315521e-06 5.1912224e-12)
(-3.7327555e-05 -4.6946105e-06 5.2626839e-12)
(-3.4360753e-05 -3.9122542e-06 5.1364091e-12)
(-3.1495e-05 -3.035579e-06 4.8992852e-12)
(-2.8745307e-05 -2.0863518e-06 4.6041156e-12)
(-2.6119409e-05 -1.0847363e-06 4.2897829e-12)
(-2.3623294e-05 -5.312534e-08 3.983515e-12)
(-2.1250062e-05 9.7709826e-07 3.6994821e-12)
(-1.8991865e-05 1.980917e-06 3.4380502e-12)
(-1.6853159e-05 2.9410016e-06 3.1943221e-12)
(-1.4829084e-05 3.8417666e-06 2.9653935e-12)
(-1.2909325e-05 4.686539e-06 2.7453623e-12)
(-1.1090712e-05 5.4616205e-06 2.5251455e-12)
(-9.3667359e-06 6.1315947e-06 2.2966783e-12)
(-7.7324097e-06 6.6666621e-06 2.052179e-12)
(-6.1819757e-06 7.0210239e-06 1.7794312e-12)
(-4.7045675e-06 7.4988643e-06 1.4555194e-12)
(-3.291267e-06 6.8087076e-06 1.1376752e-12)
(-1.9397915e-06 1.0078286e-05 5.8981675e-13)
(-6.3768954e-07 6.8879908e-06 3.7151825e-13)
(-5.3564668e-05 -5.2344807e-06 -2.1431228e-12)
(-5.1181722e-05 -5.7165738e-06 1.5635336e-12)
(-4.859944e-05 -5.9579026e-06 4.1212591e-12)
(-4.5882285e-05 -6.0051702e-06 5.7842122e-12)
(-4.3087912e-05 -5.8679976e-06 6.7739312e-12)
(-4.0265642e-05 -5.5441537e-06 7.258618e-12)
(-3.7456434e-05 -5.1104634e-06 7.3824849e-12)
(-3.4692262e-05 -4.5664522e-06 7.253318e-12)
(-3.1996615e-05 -3.9008848e-06 6.9602767e-12)
(-2.9385441e-05 -3.1610864e-06 6.5732934e-12)
(-2.6867998e-05 -2.3844138e-06 6.1407189e-12)
(-2.444924e-05 -1.5869148e-06 5.6949164e-12)
(-2.2128613e-05 -7.8525936e-07 5.2583265e-12)
(-1.9906243e-05 8.2197175e-10 4.8400916e-12)
(-1.7777093e-05 7.627117e-07 4.4398255e-12)
(-1.5737447e-05 1.4870252e-06 4.0563276e-12)
(-1.3780987e-05 2.15958e-06 3.6882415e-12)
(-1.1906858e-05 2.7638531e-06 3.3312251e-12)
(-1.0111052e-05 3.2868943e-06 2.9762256e-12)
(-8.3872402e-06 3.71163e-06 2.6136554e-12)
(-6.7293895e-06 4.0002594e-06 2.230626e-12)
(-5.1348071e-06 4.4493538e-06 1.8035296e-12)
(-3.6007019e-06 3.8178928e-06 1.3919524e-12)
(-2.1255364e-06 7.0139287e-06 7.6489188e-13)
(-7.0108237e-07 3.9574004e-06 4.4792798e-13)
(-5.2023939e-05 -5.0936614e-06 -2.2122724e-12)
(-4.9893534e-05 -5.5847477e-06 1.4873768e-12)
(-4.757049e-05 -5.900213e-06 4.1019412e-12)
(-4.5108578e-05 -6.0382057e-06 5.8459281e-12)
(-4.2557283e-05 -6.030035e-06 6.9244904e-12)
(-3.9959922e-05 -5.8348803e-06 7.5015027e-12)
(-3.7352974e-05 -5.5668891e-06 7.6977602e-12)
(-3.476585e-05 -5.2402335e-06 7.6208906e-12)
(-3.2220746e-05 -4.7692954e-06 7.359019e-12)
(-2.9733502e-05 -4.2314242e-06 6.9836778e-12)
(-2.7314306e-05 -3.6477891e-06 6.5452216e-12)
(-2.4969131e-05 -3.0402097e-06 6.0796973e-12)
(-2.2700329e-05 -2.4269571e-06 5.6119548e-12)
(-2.0508808e-05 -1.8205082e-06 5.1566272e-12)
(-1.8391863e-05 -1.2331434e-06 4.7190091e-12)
(-1.6347189e-05 -6.7109452e-07 4.2976138e-12)
(-1.4372804e-05 -1.4650004e-07 3.8913335e-12)
(-1.2465216e-05 3.2517225e-07 3.4981707e-12)
(-1.0621437e-05 7.386236e-07 3.1105705e-12)
(-8.8372151e-06 1.0853298e-06 2.718757e-12)
(-7.1090632e-06 1.3268306e-06 2.3104602e-12)
(-5.4366913e-06 1.7478034e-06 1.8616698e-12)
(-3.8194108e-06 1.164267e-06 1.4317012e-12)
(-2.2557329e-06 4.2177831e-06 7.993496e-13)
(-7.4186209e-07 1.3909016e-06 4.5712324e-13)
(-5.0489449e-05 -4.9811124e-06 -2.9295852e-12)
(-4.8570541e-05 -5.5013082e-06 7.1962314e-13)
(-4.6465566e-05 -5.8817792e-06 3.3399694e-12)
(-4.4220068e-05 -6.119609e-06 5.1393088e-12)
(-4.1876626e-05 -6.2224334e-06 6.287107e-12)
(-3.9473171e-05 -6.1919368e-06 6.9393013e-12)
(-3.7042354e-05 -6.0692148e-06 7.2154217e-12)
(-3.4611027e-05 -5.8733799e-06 7.2156796e-12)
(-3.220018e-05 -5.5849903e-06 7.0236684e-12)
(-2.9825314e-05 -5.2304211e-06 6.7074175e-12)
(-2.7497276e-05 -4.8233841e-06 6.315588e-12)
(-2.5223054e-05 -4.3854224e-06 5.8861435e-12)
(-2.3006755e-05 -3.9358631e-06 5.4450179e-12)
(-2.0850225e-05 -3.483127e-06 5.0075906e-12)
(-1.8753064e-05 -3.0379489e-06 4.5831103e-12)
(-1.6714314e-05 -2.611017e-06 4.1739721e-12)
(-1.4732985e-05 -2.2087926e-06 3.7779939e-12)
(-1.2806956e-05 -1.835919e-06 3.3918534e-12)
(-1.0934443e-05 -1.5014452e-06 3.0111389e-12)
(-9.114133e-06 -1.2164458e-06 2.6281144e-12)
(-7.3451074e-06 -1.0127488e-06 2.2306482e-12)
(-5.6264243e-06 -6.2572868e-07 1.7958636e-12)
(-3.9574786e-06 -1.1666208e-06 1.3783626e-12)
(-2.3374644e-06 1.7268412e-06 7.6962284e-13)
(-7.6626893e-07 -8.4094328e-07 4.3786107e-13)
(-4.894857e-05 -4.8631564e-06 -3.9019742e-12)
(-4.7207264e-05 -5.4416726e-06 -2.8456248e-13)
(-4.528687e-05 -5.8923907e-06 2.3280458e-12)
(-4.3226119e-05 -6.2190697e-06 4.1553471e-12)
(-4.1061707e-05 -6.4327088e-06 5.3607382e-12)
(-3.8826882e-05 -6.5316825e-06 6.076779e-12)
(-3.6550787e-05 -6.5323475e-06 6.4270653e-12)
(-3.425801e-05 -6.4627914e-06 6.5078796e-12)
(-3.1968274e-05 -6.3221531e-06 6.3945797e-12)
(-2.9696772e-05 -6.1172772e-06 6.1522209e-12)
(-2.7454724e-05 -5.8702749e-06 5.8307493e-12)
(-2.5249972e-05 -5.5884059e-06 5.4626478e-12)
(-2.3087752e-05 -5.2737387e-06 5.0703742e-12)
(-2.0971098e-05 -4.9485075e-06 4.6747598e-12)
(-1.8901298e-05 -4.628501e-06 4.2872156e-12)
(-1.6878807e-05 -4.3123844e-06 3.9094293e-12)
(-1.4903708e-05 -4.0061251e-06 3.5415371e-12)
(-1.2975474e-05 -3.7162598e-06 3.181414e-12)
(-1.1093722e-05 -3.4452278e-06 2.8237497e-12)
(-9.2584664e-06 -3.2006834e-06 2.4624071e-12)
(-7.4697783e-06 -3.017798e-06 2.0883351e-12)
(-5.7274221e-06 -2.6653104e-06 1.681159e-12)
(-4.0313271e-06 -3.1650118e-06 1.2867786e-12)
(-2.3805318e-06 -4.5297146e-07 7.1215916e-13)
(-7.78304e-07 -2.7597156e-06 4.0458846e-13)
(-4.739469e-05 -4.7599832e-06 -4.8685353e-12)
(-4.5803936e-05 -5.3763027e-06 -1.3390991e-12)
(-4.4041108e-05 -5.8971765e-06 1.2633705e-12)
(-4.2139383e-05 -6.3106233e-06 3.1172405e-12)
(-4.0130469e-05 -6.6235438e-06 4.3740537e-12)
(-3.8043601e-05 -6.8272051e-06 5.1486539e-12)
(-3.5904878e-05 -6.9351935e-06 5.5652293e-12)
(-3.3736714e-05 -6.9773195e-06 5.7182206e-12)
(-3.1557711e-05 -6.9584221e-06 5.6799411e-12)
(-2.9382659e-05 -6.8762903e-06 5.5109196e-12)
(-2.7222965e-05 -6.7501034e-06 5.2578936e-12)
(-2.50871e-05 -6.5882271e-06 4.9532956e-12)
(-2.2981126e-05 -6.3993386e-06 4.6216708e-12)
(-2.0909166e-05 -6.1918586e-06 4.2794985e-12)
(-1.8873886e-05 -5.9699283e-06 3.9362925e-12)
(-1.6877044e-05 -5.7407783e-06 3.5974632e-12)
(-1.4919843e-05 -5.5138364e-06 3.2650358e-12)
(-1.3003089e-05 -5.2925218e-06 2.9373385e-12)
(-1.1127585e-05 -5.0765115e-06 2.6097644e-12)
(-9.2942669e-06 -4.8729705e-06 2.2769701e-12)
(-7.5039954e-06 -4.7135743e-06 1.930339e-12)
(-5.7573194e-06 -4.364676e-06 1.5518639e-12)
(-4.0543706e-06 -4.8351085e-06 1.1845743e-12)
(-2.3936646e-06 -2.3116727e-06 6.4710388e-13)
(-7.8120457e-07 -4.3432708e-06 3.6657973e-13)
(-4.5827675e-05 -4.7217953e-06 -5.6484136e-12)
(-4.4365945e-05 -5.3488934e-06 -2.2703573e-12)
(-4.2738966e-05 -5.8950628e-06 2.595269e-13)
(-4.097535e-05 -6.3723207e-06 2.1163411e-12)
(-3.9102712e-05 -6.7644456e-06 3.4106993e-12)
(-3.7146878e-05 -7.056285e-06 4.2417382e-12)
(-3.5131258e-05 -7.2604865e-06 4.7210222e-12)
(-3.3076394e-05 -7.392278e-06 4.9393519e-12)
(-3.0999759e-05 -7.4682888e-06 4.9687729e-12)
(-2.8915713e-05 -7.4912886e-06 4.86709e-12)
(-2.6835714e-05 -7.4629231e-06 4.6777899e-12)
(-2.4768654e-05 -7.3945327e-06 4.4328927e-12)
(-2.2721271e-05 -7.297261e-06 4.1572019e-12)
(-2.0698608e-05 -7.1768499e-06 3.8663206e-12)
(-1.8704441e-05 -7.0367482e-06 3.5699236e-12)
(-1.6741607e-05 -6.8842325e-06 3.274165e-12)
(-1.4812304e-05 -6.7218018e-06 2.9801898e-12)
(-1.2918359e-05 -6.5515863e-06 2.6867669e-12)
(-1.1061529e-05 -6.377298e-06 2.391179e-12)
(-9.2436138e-06 -6.2034876e-06 2.0886953e-12)
(-7.4664103e-06 -6.0763198e-06 1.7717935e-12)
(-5.7313936e-06 -5.7359955e-06 1.4229233e-12)
(-4.0384125e-06 -6.1856712e-06 1.0845792e-12)
(-2.3842712e-06 -3.8728001e-06 5.8618237e-13)
(-7.767011e-07 -5.6069312e-06 3.301725e-13)
(-4.4254232e-05 -4.6629172e-06 -6.368693e-12)
(-4.2903966e-05 -5.3312763e-06 -3.0753077e-12)
(-4.1395143e-05 -5.9089535e-06 -6.1255615e-13)
(-3.9752485e-05 -6.4040995e-06 1.1981798e-12)
(-3.800026e-05 -6.8415605e-06 2.502418e-12)
(-3.6161467e-05 -7.2078782e-06 3.3838416e-12)
(-3.425715e-05 -7.4907252e-06 3.9218355e-12)
(-3.2306144e-05 -7.6889785e-06 4.2015687e-12)
(-3.0324865e-05 -7.842879e-06 4.294087e-12)
(-2.8327199e-05 -7.95515e-06 4.2536856e-12)
(-2.6324579e-05 -8.0044832e-06 4.1223558e-12)
(-2.4326264e-05 -8.0097881e-06 3.9322696e-12)
(-2.2339636e-05 -7.9796419e-06 3.7074916e-12)
(-2.0370468e-05 -7.92367e-06 3.4638642e-12)
(-1.8423287e-05 -7.8470728e-06 3.2114137e-12)
(-1.6501692e-05 -7.7521932e-06 2.9559123e-12)
(-1.4608642e-05 -7.6387014e-06 2.6989265e-12)
(-1.2746707e-05 -7.507746e-06 2.4397369e-12)
(-1.0918335e-05 -7.3634541e-06 2.1761925e-12)
(-9.1260877e-06 -7.2116684e-06 1.9043167e-12)
(-7.3726746e-06 -7.0907704e-06 1.6177024e-12)
(-5.6607226e-06 -6.764258e-06 1.2998308e-12)
(-3.9906093e-06 -7.2436654e-06 9.9163927e-13)
(-2.3561718e-06 -5.1854348e-06 5.3274611e-13)
(-7.6653029e-07 -6.5758553e-06 3.0031041e-13)
(-4.2686513e-05 -4.5991197e-06 -6.9901756e-12)
(-4.1433315e-05 -5.2702948e-06 -3.8311879e-12)
(-4.0027999e-05 -5.8732141e-06 -1.4230497e-12)
(-3.8492133e-05 -6.4081181e-06 3.760198e-13)
(-3.6847183e-05 -6.8733669e-06 1.6807263e-12)
(-3.5113738e-05 -7.2719398e-06 2.5864279e-12)
(-3.3310799e-05 -7.6051068e-06 3.1721006e-12)
(-3.1455701e-05 -7.8752995e-06 3.510731e-12)
(-2.9563851e-05 -8.0877671e-06 3.6630976e-12)
(-2.7648602e-05 -8.2531945e-06 3.6791321e-12)
(-2.572134e-05 -8.3718842e-06 3.601474e-12)
(-2.3791629e-05 -8.4366224e-06 3.4619224e-12)
(-2.1867316e-05 -8.4585729e-06 3.2841349e-12)
(-1.995473e-05 -8.4535098e-06 3.0840162e-12)
(-1.8058939e-05 -8.4252056e-06 2.8716099e-12)
(-1.618406e-05 -8.3715056e-06 2.652754e-12)
(-1.4333583e-05 -8.2932552e-06 2.4300326e-12)
(-1.2510597e-05 -8.1949036e-06 2.2035811e-12)
(-1.0717995e-05 -8.0765185e-06 1.9711377e-12)
(-8.9587458e-06 -7.938187e-06 1.7290907e-12)
(-7.2360347e-06 -7.8237617e-06 1.4719531e-12)
(-5.5530015e-06 -7.4602108e-06 1.1836618e-12)
(-3.9122857e-06 -7.9962872e-06 9.0496126e-13)
(-2.3100502e-06 -6.2399221e-06 4.8448067e-13)
(-7.5440411e-07 -7.1868639e-06 2.7303325e-13)
(-4.1138801e-05 -4.5073618e-06 -7.5553448e-12)
(-3.9970751e-05 -5.1839222e-06 -4.5068763e-12)
(-3.8656841e-05 -5.8019828e-06 -2.1528762e-12)
(-3.721607e-05 -6.355356e-06 -3.7253228e-13)
(-3.5667483e-05 -6.8401241e-06 9.3473441e-13)
(-3.4029507e-05 -7.2571175e-06 1.8571589e-12)
(-3.2319532e-05 -7.6189695e-06 2.478068e-12)
(-3.0553583e-05 -7.9338521e-06 2.8652501e-12)
(-2.8746138e-05 -8.1784878e-06 3.0699039e-12)
(-2.6910032e-05 -8.384271e-06 3.1392876e-12)
(-2.5056418e-05 -8.5537739e-06 3.1127308e-12)
(-2.319491e-05 -8.6694098e-06 3.0205185e-12)
(-2.1333588e-05 -8.7511893e-06 2.8864213e-12)
(-1.9479187e-05 -8.792275e-06 2.7266958e-12)
(-1.7637268e-05 -8.7956586e-06 2.5517301e-12)
(-1.5812456e-05 -8.7685749e-06 2.3674689e-12)
(-1.4008687e-05 -8.7158524e-06 2.1770358e-12)
(-1.2229421e-05 -8.6402117e-06 1.9809789e-12)
(-1.0477795e-05 -8.5406395e-06 1.7774395e-12)
(-8.7567945e-06 -8.4200918e-06 1.5633246e-12)
(-7.0696767e-06 -8.3134317e-06 1.3339335e-12)
(-5.4196008e-06 -8.016276e-06 1.0749314e-12)
(-3.8126276e-06 -8.4277493e-06 8.2379281e-13)
(-2.2530712e-06 -6.6922477e-06 4.3958277e-13)
(-7.4249099e-07 -7.6896993e-06 2.491338e-13)
(-3.9624522e-05 -4.3775026e-06 -8.0775996e-12)
(-3.8531579e-05 -5.0514763e-06 -5.1242232e-12)
(-3.7298912e-05 -5.6705988e-06 -2.8253952e-12)
(-3.5943333e-05 -6.2279065e-06 -1.0660748e-12)
(-3.4481777e-05 -6.7238915e-06 2.4674809e-13)
(-3.2930832e-05 -7.1625688e-06 1.1935367e-12)
(-3.1306508e-05 -7.5456327e-06 1.8465149e-12)
(-2.9623673e-05 -7.8712054e-06 2.2672179e-12)
(-2.7895982e-05 -8.1435601e-06 2.5121546e-12)
(-2.6135724e-05 -8.3796332e-06 2.6281326e-12)
(-2.4353754e-05 -8.5761101e-06 2.6487641e-12)
(-2.2559464e-05 -8.7258487e-06 2.6014408e-12)
(-2.0760991e-05 -8.8353714e-06 2.5089779e-12)
(-1.8965353e-05 -8.9056801e-06 2.3876818e-12)
(-1.717857e-05 -8.9387326e-06 2.2481626e-12)
(-1.5405796e-05 -8.9387723e-06 2.0968559e-12)
(-1.3651411e-05 -8.9090096e-06 1.9369368e-12)
(-1.1919209e-05 -8.851047e-06 1.7691507e-12)
(-1.0212509e-05 -8.7659674e-06 1.5925627e-12)
(-8.5342583e-06 -8.6569275e-06 1.4048277e-12)
(-6.8873143e-06 -8.5594311e-06 1.2020972e-12)
(-5.2757831e-06 -8.2856913e-06 9.7118522e-13)
(-3.70568e-06 -8.6205588e-06 7.4604231e-13)
(-2.1942288e-06 -6.9323341e-06 3.9737102e-13)
(-7.2960496e-07 -7.9583421e-06 2.2564875e-13)
(-3.8156795e-05 -4.2096642e-06 -8.5689205e-12)
(-3.7130341e-05 -4.8584333e-06 -5.7017598e-12)
(-3.5970047e-05 -5.4643892e-06 -3.4507576e-12)
(-3.4690862e-05 -6.0164987e-06 -1.7092368e-12)
(-3.3307994e-05 -6.5149165e-06 -3.9140251e-13)
(-3.1836538e-05 -6.9651169e-06 5.7494818e-13)
(-3.0291139e-05 -7.3607746e-06 1.2560513e-12)
(-2.8685647e-05 -7.701857e-06 1.7114518e-12)
(-2.7032913e-05 -7.9921985e-06 1.9937353e-12)
(-2.5344676e-05 -8.2340158e-06 2.1480543e-12)
(-2.3631488e-05 -8.4408742e-06 2.2092843e-12)
(-2.1902594e-05 -8.6117228e-06 2.2027726e-12)
(-2.0166127e-05 -8.7389008e-06 2.1490735e-12)
(-1.8429275e-05 -8.8287596e-06 2.0638314e-12)
(-1.6698396e-05 -8.881791e-06 1.9573715e-12)
(-1.4978994e-05 -8.9002017e-06 1.8365117e-12)
(-1.3275839e-05 -8.886548e-06 1.7049452e-12)
(-1.1593074e-05 -8.841919e-06 1.5638745e-12)
(-9.9343366e-06 -8.7671847e-06 1.4129197e-12)
(-8.3028127e-06 -8.6607994e-06 1.2502288e-12)
(-6.7010004e-06 -8.5688083e-06 1.0731433e-12)
(-5.1338428e-06 -8.2848537e-06 8.6855741e-13)
(-3.604097e-06 -8.5989027e-06 6.6846917e-13)
(-2.1364137e-06 -7.0701715e-06 3.5539085e-13)
(-7.1294185e-07 -7.9506136e-06 2.0169789e-13)
(-3.6750033e-05 -3.9930977e-06 -9.0378897e-12)
(-3.5782569e-05 -4.6177017e-06 -6.2468921e-12)
(-3.4686783e-05 -5.2012605e-06 -4.0328907e-12)
(-3.3476107e-05 -5.7398706e-06 -2.3043763e-12)
(-3.216432e-05 -6.2300119e-06 -9.8576064e-13)
(-3.0765224e-05 -6.672311e-06 -5.7794011e-15)
(-2.9292277e-05 -7.067532e-06 7.0097585e-13)
(-2.7758381e-05 -7.4145241e-06 1.1897106e-12)
(-2.6175638e-05 -7.7134182e-06 1.5085931e-12)
(-2.4555248e-05 -7.9658025e-06 1.6995973e-12)
(-2.2907414e-05 -8.1762005e-06 1.795983e-12)
(-2.1241348e-05 -8.3487617e-06 1.8242773e-12)
(-1.9565257e-05 -8.4854005e-06 1.8051906e-12)
(-1.7886436e-05 -8.5848817e-06 1.752509e-12)
(-1.6211343e-05 -8.6473338e-06 1.6762722e-12)
(-1.4545676e-05 -8.6771598e-06 1.5838772e-12)
(-1.2894485e-05 -8.6743397e-06 1.4790231e-12)
(-1.1262256e-05 -8.6386723e-06 1.3632594e-12)
(-9.6530039e-06 -8.5717368e-06 1.2367833e-12)
(-8.0704175e-06 -8.4673075e-06 1.0982519e-12)
(-6.5179958e-06 -8.3840975e-06 9.4574525e-13)
(-4.9993211e-06 -8.0714619e-06 7.6613174e-13)
(-3.5179778e-06 -8.3903162e-06 5.91614e-13)
(-2.0794816e-06 -7.0644949e-06 3.1406535e-13)
(-6.8237618e-07 -7.7384533e-06 1.7806947e-13)
(-3.541949e-05 -3.7381588e-06 -9.4853219e-12)
(-3.4504371e-05 -4.3287963e-06 -6.7630621e-12)
(-3.3466083e-05 -4.8827433e-06 -4.5853169e-12)
(-3.2316797e-05 -5.3965086e-06 -2.8698443e-12)
(-3.1069068e-05 -5.8685308e-06 -1.5463183e-12)
(-2.9735566e-05 -6.296418e-06 -5.499622e-13)
(-2.8328771e-05 -6.6798075e-06 1.7988221e-13)
(-2.6860735e-05 -7.0200062e-06 6.9779878e-13)
(-2.5342899e-05 -7.3168461e-06 1.0495904e-12)
(-2.3785961e-05 -7.5706969e-06 1.2739747e-12)
(-2.2199819e-05 -7.782269e-06 1.4034143e-12)
(-2.0593545e-05 -7.9557939e-06 1.4639952e-12)
(-1.8975351e-05 -8.0927774e-06 1.4753434e-12)
(-1.7352585e-05 -8.1929259e-06 1.4517027e-12)
(-1.5731758e-05 -8.2595496e-06 1.403487e-12)
(-1.4118717e-05 -8.2954339e-06 1.3377183e-12)
(-1.2518723e-05 -8.2991558e-06 1.2581139e-12)
(-1.0936502e-05 -8.2698748e-06 1.1665781e-12)
(-9.3763857e-06 -8.2091666e-06 1.0637749e-12)
(-7.842481e-06 -8.1163424e-06 9.4874161e-13)
(-6.3391794e-06 -8.0319697e-06 8.1964547e-13)
(-4.8684578e-06 -7.7568295e-06 6.6509444e-13)
(-3.434527e-06 -8.0335287e-06 5.1656961e-13)
(-2.0208641e-06 -6.8076443e-06 2.7386829e-13)
(-6.4371557e-07 -7.4464427e-06 1.5514489e-13)
(-3.4179711e-05 -3.4474757e-06 -9.9245968e-12)
(-3.3310873e-05 -3.995545e-06 -7.2634046e-12)
(-3.2323637e-05 -4.5129975e-06 -5.1153726e-12)
(-3.1229102e-05 -4.9941782e-06 -3.4092631e-12)
(-3.0038796e-05 -5.4381561e-06 -2.0803356e-12)
(-2.8764422e-05 -5.8428736e-06 -1.0681157e-12)
(-2.7417605e-05 -6.2058292e-06 -3.1677766e-13)
(-2.6009672e-05 -6.5299869e-06 2.2745676e-13)
(-2.4551483e-05 -6.8153563e-06 6.0870327e-13)
(-2.3053299e-05 -7.0606809e-06 8.6336658e-13)
(-2.1524701e-05 -7.2674001e-06 1.0234293e-12)
(-1.9974548e-05 -7.4376936e-06 1.1141186e-12)
(-1.8410944e-05 -7.5724641e-06 1.154468e-12)
(-1.6841208e-05 -7.6728686e-06 1.1587031e-12)
(-1.5271939e-05 -7.7409062e-06 1.1369529e-12)
(-1.3709088e-05 -7.7770627e-06 1.0959514e-12)
(-1.2158038e-05 -7.782555e-06 1.0401134e-12)
(-1.0623642e-05 -7.7592697e-06 9.7199028e-13)
(-9.1103714e-06 -7.7073733e-06 8.9226451e-13)
(-7.6223271e-06 -7.628176e-06 8.0027681e-13)
(-6.1631233e-06 -7.5502136e-06 6.943478e-13)
(-4.7346934e-06 -7.3230377e-06 5.6517567e-13)
(-3.3372431e-06 -7.5310767e-06 4.4185605e-13)
(-1.9614926e-06 -6.3683287e-06 2.3329694e-13)
(-6.2025234e-07 -6.9985333e-06 1.3311011e-13)
(-3.3043568e-05 -3.1245508e-06 -1.0363436e-11)
(-3.2215335e-05 -3.6245491e-06 -7.7456474e-12)
(-3.1273061e-05 -4.0967216e-06 -5.6218661e-12)
(-3.022695e-05 -4.5372304e-06 -3.9255288e-12)
(-2.9087663e-05 -4.9448091e-06 -2.5938518e-12)
(-2.7866081e-05 -5.3175057e-06 -1.5689631e-12)
(-2.6573092e-05 -5.6535451e-06 -7.9767199e-13)
(-2.5219397e-05 -5.9542881e-06 -2.2990454e-13)
(-2.3815331e-05 -6.2198188e-06 1.7733354e-13)
(-2.2370749e-05 -6.4494949e-06 4.6003327e-13)
(-2.0894922e-05 -6.6446375e-06 6.4878587e-13)
(-1.9396484e-05 -6.806249e-06 7.6800057e-13)
(-1.788338e-05 -6.9353311e-06 8.3629355e-13)
(-1.6362871e-05 -7.0328137e-06 8.6736412e-13)
(-1.4841569e-05 -7.0992599e-06 8.7105083e-13)
(-1.3325456e-05 -7.1357124e-06 8.5430263e-13)
(-1.1819927e-05 -7.1439768e-06 8.2184726e-13)
(-1.0329856e-05 -7.125717e-06 7.7642183e-13)
(-8.8596017e-06 -7.0805658e-06 7.1895934e-13)
(-7.4129331e-06 -7.0114382e-06 6.4944426e-13)
(-5.9926233e-06 -6.9413405e-06 5.6680879e-13)
(-4.6006527e-06 -6.7457643e-06 4.631886e-13)
(-3.2363487e-06 -6.9007378e-06 3.6446272e-13)
(-1.9048619e-06 -5.8418381e-06 1.900214e-13)
(-6.0937615e-07 -6.4209063e-06 1.1002273e-13)
(-3.2022196e-05 -2.768237e-06 -1.0777379e-11)
(-3.1229206e-05 -3.2140582e-06 -8.1945075e-12)
(-3.032608e-05 -3.6345799e-06 -6.0949397e-12)
(-2.9322282e-05 -4.0270324e-06 -4.4114265e-12)
(-2.8227741e-05 -4.3911597e-06 -3.0818988e-12)
(-2.7052655e-05 -4.7252902e-06 -2.0499915e-12)
(-2.5807281e-05 -5.0277902e-06 -1.2641811e-12)
(-2.4501771e-05 -5.2989223e-06 -6.772507e-13)
(-2.3146006e-05 -5.5390311e-06 -2.4724158e-13)
(-2.1749453e-05 -5.7475126e-06 6.091756e-14)
(-2.0321089e-05 -5.9251554e-06 2.7611895e-13)
(-1.8869329e-05 -6.0733247e-06 4.2199975e-13)
(-1.7401966e-05 -6.1926822e-06 5.1674739e-13)
(-1.5926163e-05 -6.2832853e-06 5.734259e-13)
(-1.4448477e-05 -6.3450643e-06 6.0157079e-13)
(-1.2974848e-05 -6.3797834e-06 6.0835647e-13)
(-1.1510625e-05 -6.388703e-06 5.9857983e-13)
(-1.0060608e-05 -6.3729484e-06 5.7512621e-13)
(-8.6290024e-06 -6.3336255e-06 5.3954807e-13)
(-7.2193383e-06 -6.2730778e-06 4.923197e-13)
(-5.8343614e-06 -6.2101462e-06 4.3293687e-13)
(-4.4762621e-06 -6.0388899e-06 3.5494507e-13)
(-3.1471398e-06 -6.1577515e-06 2.8100151e-13)
(-1.8539044e-06 -5.2276625e-06 1.4149974e-13)
(-5.9720588e-07 -5.7296116e-06 8.397932e-14)
(-3.1125818e-05 -2.379143e-06 -1.1124956e-11)
(-3.0362927e-05 -2.7632102e-06 -8.5750524e-12)
(-2.9493319e-05 -3.1260426e-06 -6.5026158e-12)
(-2.8525845e-05 -3.4656449e-06 -4.8385043e-12)
(-2.7469835e-05 -3.7803183e-06 -3.5202284e-12)
(-2.6334912e-05 -4.0697433e-06 -2.4912485e-12)
(-2.5130809e-05 -4.3331799e-06 -1.7007655e-12)
(-2.3867218e-05 -4.5693084e-06 -1.1027762e-12)
(-2.2553616e-05 -4.779445e-06 -6.5606725e-13)
(-2.1199132e-05 -4.9628051e-06 -3.2731692e-13)
(-1.9812468e-05 -5.1178604e-06 -8.9778951e-14)
(-1.8401816e-05 -5.24634e-06 7.9200405e-14)
(-1.697482e-05 -5.3503025e-06 1.9736074e-13)
(-1.5538546e-05 -5.4294214e-06 2.7730439e-13)
(-1.4099448e-05 -5.4833083e-06 3.2832258e-13)
(-1.2663393e-05 -5.5138226e-06 3.5753597e-13)
(-1.1235677e-05 -5.5221513e-06 3.6968991e-13)
(-9.8210161e-06 -5.5077017e-06 3.6752906e-13)
(-8.423563e-06 -5.4724874e-06 3.5317464e-13)
(-7.0468848e-06 -5.4200233e-06 3.2786457e-13)
(-5.6940424e-06 -5.3651326e-06 2.9156042e-13)
(-4.3679244e-06 -5.2182325e-06 2.3910722e-13)
(-3.0721944e-06 -5.3114784e-06 1.9017762e-13)
(-1.8102809e-06 -4.5201777e-06 8.650245e-14)
(-5.8359071e-07 -4.9425507e-06 5.3460956e-14)
(-3.0365168e-05 -1.9570899e-06 -1.1311338e-11)
(-2.9627312e-05 -2.2737248e-06 -8.8001246e-12)
(-2.8785624e-05 -2.5734083e-06 -6.7698703e-12)
(-2.7848473e-05 -2.8544379e-06 -5.1444943e-12)
(-2.6824706e-05 -3.1162596e-06 -3.8564597e-12)
(-2.5723487e-05 -3.3575772e-06 -2.8482675e-12)
(-2.4554123e-05 -3.5762016e-06 -2.0697539e-12)
(-2.3325902e-05 -3.7713222e-06 -1.4752169e-12)
(-2.2047961e-05 -3.9450549e-06 -1.0241137e-12)
(-2.0729154e-05 -4.0970373e-06 -6.8459426e-13)
(-1.9377929e-05 -4.2249955e-06 -4.3196767e-13)
(-1.8002272e-05 -4.3297551e-06 -2.4560081e-13)
(-1.6609674e-05 -4.4122197e-06 -1.0926117e-13)
(-1.5207093e-05 -4.4747915e-06 -1.0111936e-14)
(-1.3800895e-05 -4.5191462e-06 6.1188855e-14)
(-1.2396886e-05 -4.5449482e-06 1.1085936e-13)
(-1.1000315e-05 -4.5527444e-06 1.4334986e-13)
(-9.6158751e-06 -4.5423598e-06 1.6156905e-13)
(-8.2477212e-06 -4.5141822e-06 1.675868e-13)
(-6.8995934e-06 -4.4708669e-06 1.6295651e-13)
(-5.5748867e-06 -4.4238697e-06 1.4834181e-13)
(-4.2769655e-06 -4.3036789e-06 1.2030979e-13)
(-3.0099097e-06 -4.3775764e-06 9.5553605e-14)
(-1.7738457e-06 -3.7287389e-06 2.7530793e-14)
(-5.7130089e-07 -4.0709681e-06 1.993005e-14)
(-2.9753239e-05 -1.5072701e-06 -1.1140624e-11)
(-2.9035256e-05 -1.7530991e-06 -8.7064816e-12)
(-2.8215777e-05 -1.9857188e-06 -6.7628021e-12)
(-2.7302789e-05 -2.2037169e-06 -5.2196786e-12)
(-2.630476e-05 -2.4068077e-06 -4.0018586e-12)
(-2.5230513e-05 -2.5936106e-06 -3.0486515e-12)
(-2.4089008e-05 -2.762422e-06 -2.3092917e-12)
(-2.2889199e-05 -2.9117399e-06 -1.7401441e-12)
(-2.163993e-05 -3.0407765e-06 -1.3043519e-12)
(-2.0349814e-05 -3.1523057e-06 -9.7080899e-13)
(-1.9027114e-05 -3.2491786e-06 -7.152175e-13)
(-1.7679655e-05 -3.3305081e-06 -5.2006688e-13)
(-1.6314795e-05 -3.394931e-06 -3.717428e-13)
(-1.4939372e-05 -3.4438753e-06 -2.5881196e-13)
(-1.3559698e-05 -3.4785943e-06 -1.727069e-13)
(-1.2181536e-05 -3.4989482e-06 -1.0755715e-13)
(-1.0810105e-05 -3.5055497e-06 -5.9061798e-14)
(-9.4501116e-06 -3.4994585e-06 -2.4123482e-14)
(-8.1057766e-06 -3.4793071e-06 -9.5457434e-16)
(-6.7809675e-06 -3.4461863e-06 1.2017928e-14)
(-5.4792978e-06 -3.4085679e-06 1.6050372e-14)
(-4.2043156e-06 -3.3173126e-06 9.4924902e-15)
(-2.9601768e-06 -3.37628e-06 5.9422756e-15)
(-1.7446726e-06 -2.8737355e-06 -2.9037949e-14)
(-5.6134576e-07 -3.143404e-06 -1.2914666e-14)
(-2.9301351e-05 -1.0418886e-06 -1.0303992e-11)
(-2.8598e-05 -1.2133034e-06 -8.057069e-12)
(-2.7794909e-05 -1.3750249e-06 -6.2956879e-12)
(-2.689978e-05 -1.5260628e-06 -4.9140926e-12)
(-2.59208e-05 -1.6622824e-06 -3.8346748e-12)
(-2.4866493e-05 -1.7838067e-06 -2.9929589e-12)
(-2.3745561e-05 -1.8952396e-06 -2.3352901e-12)
(-2.2566735e-05 -1.9969907e-06 -1.8222194e-12)
(-2.1338651e-05 -2.087504e-06 -1.4237414e-12)
(-2.0069733e-05 -2.1659643e-06 -1.1146576e-12)
(-1.8768099e-05 -2.2335356e-06 -8.7405784e-13)
(-1.7441467e-05 -2.2906359e-06 -6.8638409e-13)
(-1.6097095e-05 -2.3365582e-06 -5.397584e-13)
(-1.4741744e-05 -2.3717698e-06 -4.2463445e-13)
(-1.3381669e-05 -2.3966948e-06 -3.3379898e-13)
(-1.20226e-05 -2.411546e-06 -2.6199922e-13)
(-1.0669752e-05 -2.4167264e-06 -2.0536166e-13)
(-9.3278558e-06 -2.4131582e-06 -1.6102059e-13)
(-8.0012122e-06 -2.3999348e-06 -1.2721748e-13)
(-6.6937465e-06 -2.3774982e-06 -1.0243618e-13)
(-5.4091789e-06 -2.3520278e-06 -8.5235581e-14)
(-4.1510692e-06 -2.2885624e-06 -7.6127434e-14)
(-2.9233852e-06 -2.334029e-06 -6.4342659e-14)
(-1.723038e-06 -1.9802317e-06 -7.2712964e-14)
(-5.541585e-07 -2.1730843e-06 -3.9956717e-14)
(-2.9049549e-05 -5.7579919e-07 -8.4073424e-12)
(-2.835482e-05 -6.6618948e-07 -6.566851e-12)
(-2.7561332e-05 -7.4996553e-07 -5.1551579e-12)
(-2.6676616e-05 -8.2853393e-07 -4.0600251e-12)
(-2.5708686e-05 -9.018301e-07 -3.205726e-12)
(-2.4665871e-05 -9.696523e-07 -2.5378667e-12)
(-2.3556724e-05 -1.0321779e-06 -2.0150232e-12)
(-2.2389854e-05 -1.0891921e-06 -1.6054604e-12)
(-2.1173785e-05 -1.1419396e-06 -1.2847935e-12)
(-1.9916864e-05 -1.1880659e-06 -1.0338928e-12)
(-1.8627088e-05 -1.2264278e-06 -8.3655737e-13)
(-1.731211e-05 -1.2589142e-06 -6.8049601e-13)
(-1.5979138e-05 -1.2853136e-06 -5.5633513e-13)
(-1.4634899e-05 -1.3056954e-06 -4.5686167e-13)
(-1.3285617e-05 -1.3201763e-06 -3.7664919e-13)
(-1.1937008e-05 -1.3290368e-06 -3.1163154e-13)
(-1.0594296e-05 -1.3322602e-06 -2.5877616e-13)
(-9.2622462e-06 -1.3303751e-06 -2.1578788e-13)
(-7.9452092e-06 -1.3237498e-06 -1.8102752e-13)
(-6.6471656e-06 -1.31189e-06 -1.5333597e-13)
(-5.3718445e-06 -1.2985425e-06 -1.314842e-13)
(-4.1227305e-06 -1.2615683e-06 -1.1531087e-13)
(-2.9033787e-06 -1.2938792e-06 -9.7182595e-14)
(-1.7112115e-06 -1.0882891e-06 -8.963044e-14)
(-5.5033495e-07 -1.2029508e-06 -5.2837491e-14)
(-2.8985672e-05 -1.2625864e-07 -5.0685267e-12)
(-2.8293702e-05 -1.4395738e-07 -3.9391876e-12)
(-2.7503191e-05 -1.6228566e-07 -3.0894055e-12)
(-2.6621611e-05 -1.798258e-07 -2.4399236e-12)
(-2.5656917e-05 -1.9713856e-07 -1.937142e-12)
(-2.4617418e-05 -2.1416653e-07 -1.5452786e-12)
(-2.3511622e-05 -2.3014612e-07 -1.2391193e-12)
(-2.2348099e-05 -2.4495076e-07 -9.9934188e-13)
(-2.1135336e-05 -2.5596567e-07 -8.1153246e-13)
(-1.9881603e-05 -2.6477412e-07 -6.655598e-13)
(-1.8594919e-05 -2.7505059e-07 -5.4782958e-13)
(-1.7282914e-05 -2.8322421e-07 -4.5373591e-13)
(-1.5952783e-05 -2.8966182e-07 -3.7801417e-13)
(-1.4611243e-05 -2.9456161e-07 -3.165748e-13)
(-1.3264517e-05 -2.9801997e-07 -2.6636056e-13)
(-1.1918328e-05 -3.0012635e-07 -2.2505811e-13)
(-1.0577915e-05 -3.008907e-07 -1.9092015e-13)
(-9.2480661e-06 -3.004383e-07 -1.6261277e-13)
(-7.9331634e-06 -2.9918603e-07 -1.3912191e-13)
(-6.6372336e-06 -2.9693638e-07 -1.1976284e-13)
(-5.3639438e-06 -2.9432642e-07 -1.0376734e-13)
(-4.1166089e-06 -2.8179567e-07 -9.0806784e-14)
(-2.8984764e-06 -2.9864824e-07 -7.7181035e-14)
(-1.7085893e-06 -2.2911182e-07 -6.7364637e-14)
(-5.5026305e-07 -2.6661734e-07 -4.3299403e-14)
)
;

boundaryField
{
    Walls
    {
        type            noSlip;
    }
    Inlet
    {
        type            pressureInletVelocity;
        value           nonuniform List<vector> 3((1.5686243 -0 -0) (1.4812448 -0 -0) (1.5970987 -0 -0));
    }
    Outlet
    {
        type            pressureInletOutletVelocity;
        value           nonuniform List<vector> 
86
(
(-3.0633228e-05 0 0)
(-3.0633048e-05 0 0)
(-3.0403834e-05 0 0)
(-3.0047035e-05 0 0)
(-2.9572218e-05 0 0)
(-2.8985672e-05 0 0)
(-2.8293702e-05 1.96327e-19 3.4611435e-19)
(-2.7503191e-05 -1.9084172e-19 2.9158489e-19)
(-2.6621611e-05 0 0)
(-2.5656917e-05 0 0)
(-2.4617418e-05 0 0)
(-2.3511622e-05 0 0)
(-2.2348099e-05 -1.5507109e-19 -1.421588e-19)
(-2.1135336e-05 1.4665586e-19 -1.2448545e-19)
(-1.9881603e-05 0 0)
(-1.8594919e-05 0 0)
(-1.7282914e-05 0 0)
(-1.5952783e-05 0 0)
(-1.4611243e-05 0 0)
(-1.3264517e-05 0 0)
(-1.1918328e-05 0 0)
(-1.0577915e-05 0 0)
(-9.2480661e-06 0 0)
(-7.9331634e-06 0 0)
(-6.6372336e-06 0 0)
(-5.3639438e-06 0 0)
(-4.1166089e-06 0 0)
(-2.8984764e-06 4.022444e-20 0)
(-1.7085893e-06 -2.371144e-20 0)
(-5.5026305e-07 0 0)
(-2.7931725e-06 0.10055011 -2.6061375e-07)
(9.3585599e-05 0.070467981 -2.4179637e-07)
(2.9689825e-05 0.022220822 -1.8965304e-07)
(0 -0.0058471259 0)
(0 -0.011119013 0)
(0 -0.0060875806 0)
(0 -0.0015906675 0)
(-7.3245828e-07 0.00010347204 -3.584453e-08)
(-7.8823742e-07 0.00030363411 -3.3473422e-08)
(-1.0549847e-06 9.0195315e-05 -2.5289425e-08)
(0 -7.5303524e-05 0)
(0 -0.00010272976 0)
(0 -6.5883722e-05 0)
(0 -1.6694876e-05 0)
(1.252029e-06 1.813107e-05 -1.7576047e-09)
(1.1686593e-06 3.43432e-05 -1.0820231e-09)
(1.1439037e-06 3.7865087e-05 -6.2264212e-10)
(9.5823276e-07 3.6523024e-05 -3.418111e-10)
(7.387879e-07 3.3938975e-05 -1.7949832e-10)
(5.2407968e-07 3.1582773e-05 -9.1701393e-11)
(3.4708629e-07 2.9679046e-05 -4.5459135e-11)
(1.7307802e-07 2.7092039e-05 -2.1882809e-11)
(-1.9140862e-08 2.409436e-05 -1.0151455e-11)
(-1.9543848e-07 2.0738682e-05 -4.3910178e-12)
(-3.6095684e-07 1.7270557e-05 -1.675795e-12)
(-4.7723943e-07 1.3812473e-05 -4.2064015e-13)
(-5.5654935e-07 1.020827e-05 1.4037693e-13)
(-6.3768954e-07 6.8879908e-06 3.7151825e-13)
(-7.0108237e-07 3.9574004e-06 4.4792798e-13)
(-7.4186209e-07 1.3909016e-06 4.5712324e-13)
(0 -8.4094328e-07 0)
(0 -2.7597156e-06 0)
(0 -4.3432708e-06 0)
(0 -5.6069312e-06 0)
(0 -6.5758553e-06 0)
(0 -7.1868639e-06 0)
(0 -7.6896993e-06 0)
(0 -7.9583421e-06 0)
(0 -7.9506136e-06 0)
(0 -7.7384533e-06 0)
(0 -7.4464427e-06 0)
(0 -6.9985333e-06 0)
(0 -6.4209063e-06 0)
(0 -5.7296116e-06 0)
(0 -4.9425507e-06 0)
(0 -4.0709681e-06 0)
(0 -3.143404e-06 0)
(0 -2.1730843e-06 0)
(0 -1.2029508e-06 0)
(0 -2.6661734e-07 0)
(0 -0.00084088156 0)
(0 -0.0046669363 0)
(0 -0.010045838 0)
(0 -0.0064247037 0)
(-2.2098753e-05 0.019200126 -1.9402784e-07)
(-9.2587705e-05 0.067179394 -2.446919e-07)
)
;
    }
    Front
    {
        type            wedge;
    }
    Back
    {
        type            wedge;
    }
    defaultFaces
    {
        type            empty;
    }
}


// ************************************************************************* //
