/*--------------------------------*- C++ -*----------------------------------*\
| =========                 |                                                 |
| \\      /  F ield         | OpenFOAM: The Open Source CFD Toolbox           |
|  \\    /   O peration     | Version:  4.0                                   |
|   \\  /    A nd           | Web:      www.OpenFOAM.org                      |
|    \\/     M anipulation  |                                                 |
\*---------------------------------------------------------------------------*/
FoamFile
{
    version     2.0;
    format      ascii;
    class       volVectorField;
    location    "0.14";
    object      U;
}
// * * * * * * * * * * * * * * * * * * * * * * * * * * * * * * * * * * * * * //

dimensions      [0 1 -1 0 0 0 0];

internalField   nonuniform List<vector> 
1740
(
(1.4784925 -0.0029575331 4.754448e-06)
(1.6148348 -0.0092119919 7.1031448e-07)
(1.6081686 -0.0051376075 4.6645374e-08)
(1.500721 -0.018140817 7.9374018e-06)
(1.6899742 -0.025980997 1.6082507e-06)
(1.6201046 -0.014530637 3.1731874e-07)
(1.5995588 -0.01261643 1.1318306e-05)
(1.5924503 -0.0053749726 2.512239e-06)
(1.5326431 -0.0017194595 4.5327042e-07)
(1.5958814 0.010977762 1.3600276e-05)
(1.5798638 0.029096891 3.4461841e-06)
(1.6453062 0.010127876 5.5170826e-07)
(1.4927422 0.015334296 1.5127447e-05)
(1.5590065 0.025154718 4.2388966e-06)
(1.6371197 0.0071661387 8.0670003e-07)
(1.4912304 0.006112928 1.6425094e-05)
(1.5531674 0.0097286989 5.084627e-06)
(1.621125 0.00093734523 9.4300743e-07)
(1.5117945 -0.0065930822 1.7357617e-05)
(1.5720055 -0.017435675 5.8097418e-06)
(1.6951938 -0.012264544 1.1535108e-06)
(1.5471622 -0.015366411 1.7890358e-05)
(1.552402 -0.026128689 6.5288256e-06)
(1.60473 -0.014245683 1.3436856e-06)
(1.5307125 -0.0069463306 1.8157973e-05)
(1.5481521 -0.022194535 6.9932581e-06)
(1.5744391 -0.014945183 1.5210849e-06)
(1.6145934 0.0018270832 1.8575051e-05)
(1.6522491 -0.0043561809 7.600282e-06)
(1.555532 -0.007284972 1.7140985e-06)
(1.6126902 0.0094639187 1.9425456e-05)
(1.6362137 0.021392377 8.3564782e-06)
(1.6302222 0.0047852341 1.9071269e-06)
(1.4935524 0.0048547723 1.978031e-05)
(1.6104723 0.010232913 8.9261064e-06)
(1.6024518 0.0067291484 2.1403928e-06)
(1.4933359 -0.015946776 2.0152538e-05)
(1.6000013 -0.01101567 9.478078e-06)
(1.5884337 -0.0025653237 2.2920041e-06)
(1.5987275 -0.023509763 2.0464443e-05)
(1.6060836 -0.035445715 9.995404e-06)
(1.6104011 -0.015304086 2.5378855e-06)
(1.7354727 -0.0049621617 2.0895247e-05)
(1.6398351 -0.013645562 1.0485863e-05)
(1.5541331 -0.0065861501 2.7250166e-06)
(1.6149967 0.0072108238 2.126024e-05)
(1.6256996 0.025686871 1.0983645e-05)
(1.5489542 0.015358418 2.9407199e-06)
(1.6027509 0.0024060583 2.1183723e-05)
(1.5947737 0.020004937 1.1372704e-05)
(1.6135919 0.014640696 3.103695e-06)
(1.6033974 0.012759451 2.1152705e-05)
(1.6201575 -0.0050939544 1.1712334e-05)
(1.6170364 -0.010250652 3.2975249e-06)
(1.5248664 0.0016988593 2.1609391e-05)
(1.6592712 0.0014062101 1.2211604e-05)
(1.5515862 -0.0033032932 3.4345444e-06)
(1.5442252 0.0038538653 2.2073405e-05)
(1.5454221 0.016285293 1.2574601e-05)
(1.5626442 0.0088428235 3.637584e-06)
(1.4976309 0.011484213 2.196363e-05)
(1.6214071 0.011498187 1.2864133e-05)
(1.6084021 0.0043131397 3.7644389e-06)
(1.5684604 0.0015699876 2.2017604e-05)
(1.5843148 -0.0064447957 1.3303157e-05)
(1.6781802 -0.0054170637 3.9111836e-06)
(1.5588679 0.0048083114 2.231476e-05)
(1.5666271 -0.014722702 1.3501601e-05)
(1.5899774 -0.01355478 4.1388203e-06)
(1.445256 -0.0080386433 2.2261609e-05)
(1.6898563 -0.017390495 1.3825979e-05)
(1.5662896 -0.0076414373 4.258237e-06)
(1.5642659 -0.026732285 2.2195671e-05)
(1.6963357 -0.0049449655 1.4129131e-05)
(1.5444625 0.0062874201 4.394483e-06)
(1.5840842 -0.0089139976 2.2062969e-05)
(1.5812158 -0.003639587 1.4363987e-05)
(1.5678338 0.0061530573 4.5311913e-06)
(1.5821369 -0.016840006 2.2188335e-05)
(1.5986061 -0.026542329 1.4594757e-05)
(1.5685965 -0.015434624 4.6627257e-06)
(1.6882772 -0.0081086703 2.2792089e-05)
(1.5986474 -0.023705247 1.494991e-05)
(1.4980742 -0.010102012 4.8407995e-06)
(1.5619809 0.015128082 2.2590019e-05)
(1.5461883 0.015792586 1.5037148e-05)
(1.4870021 -0.00039454259 4.8438069e-06)
(1.3427185 0.048791108 2.3908121e-05)
(1.4082172 0.1232056 1.5729289e-05)
(1.3879985 0.066005091 5.4985206e-06)
(0.86977307 0.37317445 1.1926741e-05)
(0.83848886 0.95342053 9.9473943e-06)
(0.76835963 1.2748008 5.3847315e-06)
(0.24579008 0.11926986 1.5172387e-06)
(0.21027657 0.38392466 3.0605008e-06)
(0.095374406 0.52365515 6.8926982e-07)
(-0.021051448 -0.011353002 1.2337178e-06)
(-0.021082135 -0.023241203 1.7170006e-06)
(-0.016535915 -0.027067905 6.5655976e-07)
(-0.0028934941 -0.0022204139 4.7504971e-07)
(-0.0037256909 -0.0063009713 7.9731036e-07)
(-0.0042274717 -0.0088180302 4.3050611e-07)
(0.0011687903 -4.9629374e-05 1.4763763e-07)
(0.00076085373 -0.00046626049 3.0668086e-07)
(0.00026989184 -0.00087422475 2.0212179e-07)
(0.0010954474 0.00013588049 4.5898806e-08)
(0.00093757909 0.00023458066 1.0796175e-07)
(0.00074044101 0.000208418 7.765156e-08)
(0.00080569894 0.0001119156 1.1746881e-08)
(0.00075251646 0.00026259825 3.2176982e-08)
(0.00067396456 0.00037480412 2.1633102e-08)
(0.00054392672 9.1751305e-05 2.3516762e-10)
(0.00053056018 0.00022226175 4.9089878e-09)
(0.00050330725 0.00034636353 2.5538023e-10)
(0.00036235107 5.6848095e-05 -1.7901965e-09)
(0.00035948258 0.00013544061 -1.8015472e-09)
(0.00034872175 0.00020989376 -4.3593219e-09)
(0.00024533543 2.106144e-05 -6.2854305e-10)
(0.00024455535 5.0866112e-05 -1.2861135e-09)
(0.00024014825 7.9063636e-05 -2.8924258e-09)
(0.00018874643 3.6266619e-06 3.4001757e-10)
(0.00018953718 1.0166007e-05 5.7436638e-11)
(0.00018862712 1.8038255e-05 -8.9558402e-10)
(0.00015858518 4.5330282e-06 4.1111295e-10)
(0.0001598823 8.6116135e-06 4.6447384e-10)
(0.00016008118 1.3086338e-05 3.4923569e-11)
(0.00013506762 5.4454823e-06 2.0160543e-10)
(0.00013620398 1.2804606e-05 3.1865518e-10)
(0.00013660974 2.0798759e-05 2.0087761e-10)
(0.00011593082 6.1618036e-06 1.0935911e-11)
(0.00011671388 1.4937197e-05 8.6146065e-11)
(0.00011694178 2.4416205e-05 9.7059584e-11)
(9.8913987e-05 6.3216045e-06 -8.439337e-11)
(9.9451857e-05 1.5382405e-05 -6.5023777e-11)
(9.9526178e-05 2.397159e-05 -1.8005427e-11)
(8.3601533e-05 5.4917607e-06 -9.9222413e-11)
(8.3977426e-05 1.3361883e-05 -1.1138224e-10)
(8.3968205e-05 2.1004983e-05 -6.4972211e-11)
(7.0172901e-05 4.4710879e-06 -7.5315875e-11)
(7.0442153e-05 1.0946895e-05 -9.4564649e-11)
(7.0375398e-05 1.7613246e-05 -5.941959e-11)
(5.8587157e-05 3.64364e-06 -5.0663351e-11)
(5.8785224e-05 8.8164361e-06 -6.5802696e-11)
(5.8693873e-05 1.4119472e-05 -3.8965906e-11)
(4.8662821e-05 3.060339e-06 -3.7126987e-11)
(4.8810443e-05 7.2622854e-06 -4.8037608e-11)
(4.8709868e-05 1.1570991e-05 -2.4680337e-11)
(4.0168153e-05 2.6291848e-06 -3.1081538e-11)
(4.0276797e-05 6.16569e-06 -4.0401628e-11)
(4.0174149e-05 9.8080349e-06 -1.914834e-11)
(3.2879209e-05 2.2567604e-06 -2.7779734e-11)
(3.2958162e-05 5.3742186e-06 -3.8958723e-11)
(3.2857982e-05 8.5393167e-06 -1.9344414e-11)
(2.6613428e-05 1.9366974e-06 -2.6542723e-11)
(2.6670352e-05 4.7120549e-06 -3.9792113e-11)
(2.6576243e-05 7.4755217e-06 -2.1675087e-11)
(2.1233675e-05 1.6608198e-06 -2.6322852e-11)
(2.1274144e-05 4.0673026e-06 -3.9960474e-11)
(2.118921e-05 6.460752e-06 -2.3422849e-11)
(1.6636505e-05 1.4047238e-06 -2.5363528e-11)
(1.6664349e-05 3.4246575e-06 -3.8415513e-11)
(1.6590519e-05 5.4904528e-06 -2.3604671e-11)
(1.2738602e-05 1.2130464e-06 -2.447659e-11)
(1.2756854e-05 2.9084776e-06 -3.6015514e-11)
(1.2694725e-05 4.5879506e-06 -2.3040685e-11)
(9.4680663e-06 9.9316201e-07 -2.3812888e-11)
(9.4794103e-06 2.3848664e-06 -3.4282093e-11)
(9.4289514e-06 3.8103365e-06 -2.2594241e-11)
(6.7599366e-06 8.0712481e-07 -2.3773364e-11)
(6.7663233e-06 1.9592654e-06 -3.3141626e-11)
(6.7274146e-06 3.1347365e-06 -2.2200378e-11)
(4.5539135e-06 6.4378508e-07 -2.3345896e-11)
(4.5569534e-06 1.5778766e-06 -3.1357137e-11)
(4.5286651e-06 2.4994791e-06 -2.1140593e-11)
(2.7904222e-06 5.0751552e-07 -2.3025353e-11)
(2.7912975e-06 1.2578458e-06 -2.9704313e-11)
(2.772483e-06 1.9967184e-06 -2.042345e-11)
(1.4091838e-06 3.8628846e-07 -2.2898273e-11)
(1.4090947e-06 9.6963413e-07 -2.8567506e-11)
(1.3997324e-06 1.5323856e-06 -1.9835432e-11)
(3.2625088e-07 2.8396437e-07 -2.2867418e-11)
(3.3301434e-07 7.2469183e-07 -2.7596093e-11)
(3.4477319e-07 1.1349383e-06 -1.9293279e-11)
(-4.7118255e-07 2.1442862e-07 -2.3252959e-11)
(-4.725297e-07 5.5648773e-07 -2.6986656e-11)
(-4.7164252e-07 8.3958839e-07 -1.8909757e-11)
(-9.8861159e-07 1.2610163e-07 -2.260133e-11)
(-9.980636e-07 3.591438e-07 -2.5773073e-11)
(-1.0075046e-06 5.7456455e-07 -1.8422919e-11)
(-1.3080267e-06 6.0877947e-08 -2.1678667e-11)
(-1.3105256e-06 2.0627551e-07 -2.4189765e-11)
(-1.3037534e-06 3.2578984e-07 -1.7543559e-11)
(-1.4786164e-06 1.1670726e-08 -2.1278342e-11)
(-1.4808971e-06 8.1936861e-08 -2.3144002e-11)
(-1.4743346e-06 1.2365369e-07 -1.682912e-11)
(-1.5309898e-06 -2.0343018e-08 -2.1119304e-11)
(-1.5335707e-06 1.9726651e-09 -2.2483324e-11)
(-1.5259965e-06 -1.3776284e-08 -1.6431905e-11)
(-1.4934208e-06 -4.6046584e-08 -2.0903224e-11)
(-1.4961605e-06 -6.2336167e-08 -2.1975126e-11)
(-1.4879802e-06 -1.088235e-07 -1.6193433e-11)
(-1.3891902e-06 -6.3435435e-08 -2.0625696e-11)
(-1.3914604e-06 -1.0682689e-07 -2.1480266e-11)
(-1.3840793e-06 -1.8095494e-07 -1.5982588e-11)
(-1.2398027e-06 -7.3987261e-08 -2.0343858e-11)
(-1.2419082e-06 -1.3588504e-07 -2.1029366e-11)
(-1.2359942e-06 -2.2845031e-07 -1.5794019e-11)
(-1.0628213e-06 -7.9358385e-08 -2.0071117e-11)
(-1.0647316e-06 -1.5241021e-07 -2.0644626e-11)
(-1.0605659e-06 -2.5467354e-07 -1.5646945e-11)
(-8.7303413e-07 -8.025688e-08 -1.981105e-11)
(-8.7455977e-07 -1.5908178e-07 -2.0317926e-11)
(-8.730244e-07 -2.6589183e-07 -1.5540751e-11)
(-6.8491076e-07 -7.7353007e-08 -1.957936e-11)
(-6.902772e-07 -1.58486e-07 -2.0056443e-11)
(-6.928293e-07 -2.7195168e-07 -1.5481074e-11)
(-4.9158297e-07 -7.7926055e-08 -1.9391826e-11)
(-4.9512166e-07 -1.5692517e-07 -1.9878639e-11)
(-4.9400246e-07 -2.4868294e-07 -1.5482188e-11)
(-2.9876038e-07 -6.7784946e-08 -1.9256026e-11)
(-2.9779311e-07 -1.3744599e-07 -1.979759e-11)
(-2.9501473e-07 -2.236458e-07 -1.5571997e-11)
(-1.3280729e-07 -5.7860136e-08 -1.9230131e-11)
(-1.3392383e-07 -1.1850551e-07 -1.9871789e-11)
(-1.3691798e-07 -1.9424806e-07 -1.5793922e-11)
(1.2873472e-09 -4.690609e-08 -1.9360689e-11)
(-7.2955631e-10 -9.5370901e-08 -2.0119615e-11)
(-5.777504e-09 -1.5617782e-07 -1.6116693e-11)
(1.0493579e-07 -3.497982e-08 -1.955243e-11)
(1.02588e-07 -6.9096626e-08 -2.0356076e-11)
(9.6374735e-08 -1.1133633e-07 -1.6324184e-11)
(1.691878e-07 -2.1752591e-08 -1.9673299e-11)
(1.6672645e-07 -4.0534726e-08 -2.0187927e-11)
(1.5981102e-07 -6.5631973e-08 -1.5941289e-11)
(1.910214e-07 -6.2521815e-09 -1.9388066e-11)
(1.8853577e-07 -9.4059641e-09 -1.8760652e-11)
(1.8131423e-07 -1.9088097e-08 -1.4157326e-11)
(1.827688e-07 6.0190945e-09 -1.7166346e-11)
(1.8027033e-07 1.5943683e-08 -1.4099989e-11)
(1.7314085e-07 2.1884074e-08 -9.695097e-12)
(-0.046596554 1.9804436 -3.9392865e-07)
(-0.033501155 1.7231162 -3.482373e-06)
(-0.061373249 0.35992997 -2.6630023e-07)
(-0.043340448 0.16385415 -1.0011856e-06)
(-0.013778118 -0.03568712 -1.1942629e-07)
(-0.010589428 -0.039264223 -5.2405706e-07)
(-0.004092636 -0.011432296 1.514479e-08)
(-0.0038910911 -0.013061536 -2.638801e-07)
(-0.00010078643 -0.0016268891 1.5018567e-08)
(-0.00043029184 -0.0025224298 -1.4448919e-07)
(0.00060029958 3.7735806e-05 -3.877865e-09)
(0.00048235583 -0.0001871208 -8.7947867e-08)
(0.00059352337 0.00044644486 -1.4518457e-08)
(0.00052410478 0.00048799681 -5.7056364e-08)
(0.00046608606 0.00045877321 -1.5913435e-08)
(0.00042928907 0.00054676564 -3.6697079e-08)
(0.00033122324 0.00028091739 -1.1702621e-08)
(0.00031093603 0.00034051311 -2.1439952e-08)
(0.00023210156 0.00010570178 -6.3379073e-09)
(0.00022143861 0.00012853598 -1.0782459e-08)
(0.00018482114 2.6158624e-05 -2.5355798e-09)
(0.00017786436 3.2912226e-05 -4.5244645e-09)
(0.00015793248 1.75756e-05 -6.8781398e-10)
(0.00015304923 2.1229682e-05 -1.5394389e-09)
(0.00013545861 2.782836e-05 -7.0244532e-11)
(0.00013238752 3.390743e-05 -4.055235e-10)
(0.00011627682 3.4102041e-05 2.5936994e-11)
(0.00011433315 4.3037192e-05 -8.4184322e-11)
(9.9016811e-05 3.3447224e-05 -1.0616698e-11)
(9.7714389e-05 4.3088813e-05 -2.9232355e-11)
(8.3531094e-05 2.92807e-05 -3.5937822e-11)
(8.2603923e-05 3.7586551e-05 -2.4024324e-11)
(7.0026129e-05 2.3871265e-05 -3.1655766e-11)
(6.9334265e-05 3.0268231e-05 -1.4594386e-11)
(5.8406996e-05 1.9362018e-05 -1.7172068e-11)
(5.7880487e-05 2.4628579e-05 -2.2883182e-12)
(4.8463898e-05 1.603905e-05 -6.5507132e-12)
(4.8052107e-05 2.0476679e-05 6.0061407e-12)
(3.995899e-05 1.3648923e-05 -3.025692e-12)
(3.9624859e-05 1.7440185e-05 8.2380642e-12)
(3.266813e-05 1.1824487e-05 -4.3237636e-12)
(3.2390705e-05 1.5102287e-05 6.1991629e-12)
(2.6409803e-05 1.0282888e-05 -7.3290738e-12)
(2.6177526e-05 1.3117919e-05 2.7904916e-12)
(2.1045689e-05 8.884197e-06 -9.8458393e-12)
(2.0852073e-05 1.1312292e-05 -7.1878744e-14)
(1.6469353e-05 7.5941313e-06 -1.10476e-11)
(1.6310589e-05 9.6457124e-06 -1.8706726e-12)
(1.2595291e-05 6.2913457e-06 -1.1622922e-11)
(1.2468333e-05 8.0230582e-06 -3.1284717e-12)
(9.3502534e-06 5.2484899e-06 -1.2101858e-11)
(9.2520507e-06 6.6749136e-06 -4.2042557e-12)
(6.6680279e-06 4.3161573e-06 -1.2360771e-11)
(6.5954986e-06 5.4793769e-06 -4.9708443e-12)
(4.4866278e-06 3.4851093e-06 -1.2254345e-11)
(4.4366662e-06 4.4461365e-06 -5.4941574e-12)
(2.7456553e-06 2.779435e-06 -1.221763e-11)
(2.715696e-06 3.5322466e-06 -5.879966e-12)
(1.3876641e-06 2.1112683e-06 -1.2015657e-11)
(1.3742593e-06 2.6868182e-06 -6.0101006e-12)
(3.5378829e-07 1.5621762e-06 -1.1907571e-11)
(3.5430709e-07 1.9853197e-06 -6.238932e-12)
(-4.5701963e-07 1.1248602e-06 -1.1863965e-11)
(-4.124375e-07 1.4169099e-06 -6.4686562e-12)
(-1.0054175e-06 8.1202892e-07 -1.1804722e-11)
(-9.7798157e-07 1.0009235e-06 -6.6356425e-12)
(-1.2993459e-06 4.5890143e-07 -1.1489462e-11)
(-1.304041e-06 6.0304485e-07 -6.6657112e-12)
(-1.4625516e-06 1.7650757e-07 -1.1123862e-11)
(-1.4433849e-06 2.3119965e-07 -6.5857666e-12)
(-1.5123605e-06 -2.5895498e-08 -1.0970627e-11)
(-1.4923206e-06 -3.4593766e-08 -6.612751e-12)
(-1.4737777e-06 -1.5296335e-07 -1.0948191e-11)
(-1.4546606e-06 -2.0070284e-07 -6.7513142e-12)
(-1.3715268e-06 -2.4604818e-07 -1.096415e-11)
(-1.3535039e-06 -3.1734182e-07 -6.9289262e-12)
(-1.2256645e-06 -3.110182e-07 -1.0991454e-11)
(-1.2110593e-06 -3.9552006e-07 -7.1105572e-12)
(-1.0538267e-06 -3.5181279e-07 -1.1035351e-11)
(-1.0461287e-06 -4.4753162e-07 -7.2845304e-12)
(-8.7618166e-07 -3.7223391e-07 -1.1099407e-11)
(-8.7261854e-07 -4.7520761e-07 -7.4564538e-12)
(-6.8664607e-07 -3.7620115e-07 -1.1189744e-11)
(-6.7308687e-07 -4.5796768e-07 -7.6380081e-12)
(-4.8240368e-07 -3.3718632e-07 -1.1324386e-11)
(-4.7062695e-07 -4.2724963e-07 -7.8542504e-12)
(-2.9731322e-07 -3.0774547e-07 -1.1530117e-11)
(-2.9985711e-07 -3.893457e-07 -8.1306561e-12)
(-1.4265711e-07 -2.6834976e-07 -1.1834887e-11)
(-1.4957842e-07 -3.4037134e-07 -8.4737293e-12)
(-1.3599068e-08 -2.1596827e-07 -1.2189731e-11)
(-2.3236983e-08 -2.7660973e-07 -8.8406874e-12)
(8.7076424e-08 -1.5208377e-07 -1.2390976e-11)
(7.5545189e-08 -1.9723097e-07 -9.063236e-12)
(1.4953039e-07 -9.0252593e-08 -1.2000664e-11)
(1.3671989e-07 -1.0906818e-07 -8.7996195e-12)
(1.705309e-07 -2.7461454e-08 -1.0393492e-11)
(1.5702699e-07 -3.3303981e-08 -7.5480677e-12)
(1.6245706e-07 2.8889106e-08 -6.8010216e-12)
(1.4909249e-07 3.6006274e-08 -4.843098e-12)
(-0.0020584891 4.3982681e-05 -4.0366337e-08)
(-0.0020360085 8.4465783e-05 -9.403968e-08)
(-0.0020031152 0.00015058299 -1.3007255e-07)
(-0.0019591912 0.00017617946 -1.5030315e-07)
(-0.0019072362 0.00021010056 -1.5800852e-07)
(-0.0018419001 0.00022815853 -1.568505e-07)
(-0.0017647697 0.00024095268 -1.5016225e-07)
(-0.0016765868 0.00024189443 -1.4048293e-07)
(-0.001578851 0.0002313652 -1.29463e-07)
(-0.001474027 0.00021101079 -1.1812111e-07)
(-0.001364602 0.00017995665 -1.0709146e-07)
(-0.0012524347 0.0001405079 -9.6668461e-08)
(-0.0011393521 9.5702168e-05 -8.6919879e-08)
(-0.0010270941 4.7288816e-05 -7.7772212e-08)
(-0.00091697129 -2.5954715e-06 -6.9132978e-08)
(-0.00080992494 -5.1671713e-05 -6.094779e-08)
(-0.00070664745 -9.7998793e-05 -5.3203523e-08)
(-0.00060761029 -0.00014059095 -4.5909141e-08)
(-0.00051312527 -0.00017882183 -3.9050129e-08)
(-0.00042324653 -0.00021137027 -3.264501e-08)
(-0.00033768937 -0.00023722017 -2.6703551e-08)
(-0.00025618777 -0.00025606932 -2.1103132e-08)
(-0.00017847788 -0.00026916179 -1.5672531e-08)
(-0.00010433788 -0.00027092217 -1.0228451e-08)
(-3.3605294e-05 -0.00026194748 -4.6979855e-09)
(5.9809981e-05 -6.1848418e-05 -5.6979472e-08)
(6.9586869e-05 -0.00037159537 -1.3045222e-07)
(8.1226744e-05 -0.00051597143 -1.7648244e-07)
(9.5839572e-05 -0.00076409805 -1.9882877e-07)
(0.0001226676 -0.00096706532 -2.0409057e-07)
(0.00015524359 -0.0012045654 -1.9922827e-07)
(0.00019203673 -0.0014369901 -1.889824e-07)
(0.00022982753 -0.0016924126 -1.7628915e-07)
(0.00026145522 -0.0019703281 -1.6268215e-07)
(0.00028466145 -0.0022494697 -1.4904589e-07)
(0.00029839185 -0.0025251478 -1.360632e-07)
(0.0003035253 -0.0027934508 -1.2397805e-07)
(0.0003007518 -0.0030491718 -1.1279976e-07)
(0.00029121404 -0.0032870775 -1.0233194e-07)
(0.00027600121 -0.0035043526 -9.2404327e-08)
(0.00025618289 -0.003698394 -8.2929997e-08)
(0.00023283542 -0.0038671676 -7.3880311e-08)
(0.00020695398 -0.0040101851 -6.5266569e-08)
(0.00017942909 -0.0041321498 -5.6958374e-08)
(0.00015098005 -0.0042270999 -4.8968716e-08)
(0.00012204458 -0.0042817082 -4.1366153e-08)
(9.3077882e-05 -0.0042950228 -3.3779607e-08)
(6.4530571e-05 -0.0042706861 -2.5890935e-08)
(3.6685922e-05 -0.0041939294 -1.7063175e-08)
(1.0241285e-05 -0.0040064641 -7.2657502e-09)
(0.00078752472 -0.00027597445 -9.6706487e-08)
(0.00079678015 -0.0014196111 -2.12544e-07)
(0.00083803636 -0.0018827377 -2.7531047e-07)
(0.00090250115 -0.0027080463 -2.9601445e-07)
(0.00097700598 -0.0033773613 -2.9291672e-07)
(0.0010389795 -0.0040870105 -2.793656e-07)
(0.0010800895 -0.0048019472 -2.6162644e-07)
(0.0010956749 -0.0056833128 -2.4306749e-07)
(0.0010889874 -0.0067111068 -2.245076e-07)
(0.0010636356 -0.0076883421 -2.0633797e-07)
(0.0010219539 -0.0085531721 -1.8962299e-07)
(0.00096841154 -0.0092932427 -1.7441983e-07)
(0.00090585384 -0.0099084504 -1.6068636e-07)
(0.00083669661 -0.010401392 -1.4789234e-07)
(0.00076271327 -0.010781791 -1.3571472e-07)
(0.00068550708 -0.011055548 -1.2402443e-07)
(0.0006065175 -0.011229498 -1.1275701e-07)
(0.0005271365 -0.011308945 -1.0209383e-07)
(0.00044855028 -0.011297742 -9.1409234e-08)
(0.00037152334 -0.011209461 -8.0948019e-08)
(0.00029661408 -0.011064304 -7.0575599e-08)
(0.00022436171 -0.010874346 -5.9921202e-08)
(0.00015518394 -0.010649223 -4.8254911e-08)
(8.9180529e-05 -0.010355704 -3.4079859e-08)
(2.7366766e-05 -0.009942299 -1.6736694e-08)
(0.0032097554 -0.00098778495 -1.8077148e-07)
(0.0031891966 -0.0045456227 -3.6506014e-07)
(0.003172432 -0.0057392481 -4.3956272e-07)
(0.0030650618 -0.0088105448 -4.4512729e-07)
(0.0029242826 -0.011572996 -4.2378267e-07)
(0.0027455729 -0.014096118 -3.9559287e-07)
(0.0025404072 -0.015944733 -3.6624892e-07)
(0.0023185764 -0.01699117 -3.4049285e-07)
(0.0020964375 -0.017363363 -3.1612383e-07)
(0.0018801283 -0.017323721 -2.9124874e-07)
(0.0016706727 -0.01697171 -2.6917039e-07)
(0.0014753285 -0.016414326 -2.4928036e-07)
(0.0012917801 -0.015698789 -2.3199713e-07)
(0.0011173555 -0.014848503 -2.1586102e-07)
(0.00095774904 -0.01392596 -2.0036686e-07)
(0.0008140511 -0.012978157 -1.8543815e-07)
(0.00068557184 -0.01203967 -1.7097417e-07)
(0.00057111795 -0.011139556 -1.5682196e-07)
(0.00046927419 -0.010299995 -1.4306057e-07)
(0.00037836235 -0.0095367012 -1.2950295e-07)
(0.0002968627 -0.0088633852 -1.1595896e-07)
(0.00022308939 -0.0082859301 -1.0205284e-07)
(0.00015549651 -0.0078079977 -8.6991132e-08)
(9.2694289e-05 -0.0073804157 -6.9165513e-08)
(3.3509541e-05 -0.0070372606 -4.3537768e-08)
(0.01092811 -0.0085851447 -3.6985942e-07)
(0.0086189217 -0.025238816 -6.2613277e-07)
(0.0074367205 -0.027336739 -6.8152843e-07)
(0.0058160094 -0.031359542 -6.5930465e-07)
(0.0044910553 -0.028737254 -6.1503605e-07)
(0.0033375407 -0.024993326 -5.663674e-07)
(0.0023769285 -0.020422423 -5.2010183e-07)
(0.0016130165 -0.015593925 -4.774289e-07)
(0.0010174982 -0.010736399 -4.4096464e-07)
(0.00055807902 -0.0062452459 -4.0767501e-07)
(0.00021507594 -0.0022022458 -3.775909e-07)
(-3.579215e-05 0.0013016214 -3.4936623e-07)
(-0.00021015343 0.0044195223 -3.2705054e-07)
(-0.00032460556 0.0074377426 -3.0579503e-07)
(-0.00039465242 0.010237612 -2.8504987e-07)
(-0.00042804644 0.01267457 -2.6518475e-07)
(-0.00043258864 0.014704952 -2.4607762e-07)
(-0.00041489222 0.016341294 -2.2756955e-07)
(-0.00038032812 0.017609246 -2.0956635e-07)
(-0.00033326301 0.018537984 -1.9194674e-07)
(-0.0002773394 0.019154536 -1.7456899e-07)
(-0.00021575261 0.019490646 -1.5716113e-07)
(-0.00015083528 0.019544379 -1.3902824e-07)
(-8.5231313e-05 0.019401067 -1.2271014e-07)
(-1.9196649e-05 0.018688466 -1.0722796e-07)
(0.012887004 0.025087015 -7.6295885e-07)
(0.0021979941 0.0013101791 -1.065233e-06)
(-8.2096093e-05 0.05075225 -1.0582131e-06)
(-0.0016093219 0.053863984 -9.7881958e-07)
(-0.0030238541 0.067756965 -8.9922486e-07)
(-0.0041047985 0.077793786 -8.1165735e-07)
(-0.0046908531 0.084749141 -7.3325331e-07)
(-0.0048399212 0.090534012 -6.6491135e-07)
(-0.0047195926 0.094754642 -6.0522823e-07)
(-0.0044675491 0.097354154 -5.5365717e-07)
(-0.0041464773 0.098780243 -5.0942845e-07)
(-0.0037752433 0.099169452 -4.6254203e-07)
(-0.0034041348 0.098836961 -4.3520737e-07)
(-0.0030491172 0.097596058 -4.051817e-07)
(-0.0026926183 0.095445153 -3.7520436e-07)
(-0.0023482801 0.092987803 -3.4792506e-07)
(-0.0020243867 0.09033682 -3.2240099e-07)
(-0.0017218917 0.08757423 -2.9816303e-07)
(-0.0014404016 0.084771708 -2.7494003e-07)
(-0.0011785751 0.081986536 -2.5255309e-07)
(-0.00093443007 0.07925189 -2.3086977e-07)
(-0.00070565424 0.076614895 -2.0973367e-07)
(-0.00048951481 0.074023082 -1.8897222e-07)
(-0.00028435985 0.071740793 -1.6907236e-07)
(-8.4223893e-05 0.068168374 -1.498212e-07)
(-0.0028317244 1.1920651 -2.5394145e-06)
(-0.0015449123 0.97238223 -2.0185224e-06)
(-0.0014896729 0.873776 -1.6323462e-06)
(-0.0010380151 0.7793682 -1.3342317e-06)
(-0.00082422844 0.68199437 -1.1111682e-06)
(-0.00067113266 0.58986042 -9.4623285e-07)
(-0.00054525221 0.51097337 -8.2200774e-07)
(-0.00044512419 0.44690074 -7.2824294e-07)
(-0.00036322801 0.3941239 -6.5240924e-07)
(-0.0002941606 0.34914557 -5.9428175e-07)
(-0.00023812885 0.31033717 -5.4858549e-07)
(-0.00019231412 0.27695725 -5.0738612e-07)
(-0.0001558634 0.24843258 -4.7165282e-07)
(-0.00012923642 0.22404347 -4.3925599e-07)
(-0.00010632311 0.20310921 -4.0909794e-07)
(-8.7346131e-05 0.18514769 -3.8075432e-07)
(-7.1501413e-05 0.16973137 -3.5379403e-07)
(-5.8197116e-05 0.15649358 -3.2791714e-07)
(-4.6875709e-05 0.14512619 -3.0294641e-07)
(-3.7152227e-05 0.13537728 -2.7878234e-07)
(-2.8699499e-05 0.12702137 -2.5537126e-07)
(-2.1222138e-05 0.11992583 -2.3260552e-07)
(-1.4459367e-05 0.11379328 -2.1059102e-07)
(-8.2567245e-06 0.10905038 -1.8936636e-07)
(-2.3091422e-06 0.10288628 -1.6672642e-07)
(-0.012617035 0.0985387 -1.1921067e-06)
(-0.0019832599 0.10459455 -1.2227176e-06)
(0.00024670273 0.10922291 -1.1714171e-06)
(0.0017726543 0.10997609 -1.0779592e-06)
(0.0031684947 0.11129329 -9.7390855e-07)
(0.0042279626 0.11240036 -8.7273186e-07)
(0.0047976371 0.11365526 -7.8228498e-07)
(0.0049309904 0.11487201 -7.0405601e-07)
(0.0047662218 0.11540991 -6.1979348e-07)
(0.0044921172 0.11526217 -5.7673644e-07)
(0.0041903237 0.11440084 -5.3260163e-07)
(0.0038370115 0.11266189 -4.8667038e-07)
(0.0034551147 0.11013738 -4.4734071e-07)
(0.0030768941 0.10708566 -4.1274239e-07)
(0.0027121862 0.10378139 -3.8164369e-07)
(0.0023659708 0.10035665 -3.5316192e-07)
(0.0020406077 0.096893061 -3.2667376e-07)
(0.0017361445 0.093455627 -3.017221e-07)
(0.0014524481 0.090093914 -2.779769e-07)
(0.0011883289 0.086845118 -2.551985e-07)
(0.00094198167 0.083727538 -2.3318342e-07)
(0.00071132026 0.080775796 -2.1164216e-07)
(0.00049366237 0.077926688 -1.912318e-07)
(0.0002871404 0.075452503 -1.7101307e-07)
(8.5544352e-05 0.071654202 -1.5116592e-07)
(-0.0084828771 -0.037594972 -7.3792306e-07)
(-0.0072097978 -0.035648562 -7.9736464e-07)
(-0.005932075 -0.034188928 -7.8266807e-07)
(-0.0046574802 -0.031075272 -7.3733838e-07)
(-0.0034786172 -0.02645151 -6.8089911e-07)
(-0.0024494513 -0.021184073 -6.2141611e-07)
(-0.0016033314 -0.015748081 -5.6715072e-07)
(-0.00093702351 -0.01036006 -5.1768292e-07)
(-0.0004281148 -0.0055333224 -4.7148357e-07)
(-4.7774057e-05 -0.0012549343 -4.3697625e-07)
(0.00022674338 0.0024379979 -4.0472327e-07)
(0.00041705463 0.0060039446 -3.7421577e-07)
(0.00053847363 0.00940456 -3.463887e-07)
(0.00060890737 0.012466804 -3.2094918e-07)
(0.00063877646 0.015103788 -2.9744286e-07)
(0.00063656108 0.017306105 -2.7542479e-07)
(0.00060948233 0.019097132 -2.5464684e-07)
(0.00056412308 0.020516638 -2.3483033e-07)
(0.00050483253 0.021597542 -2.1575498e-07)
(0.00043530775 0.022361164 -1.9721821e-07)
(0.00035863773 0.022828904 -1.7893035e-07)
(0.00027713137 0.023021107 -1.6014253e-07)
(0.00019358865 0.022954392 -1.4401423e-07)
(0.00011014075 0.022683643 -1.2560992e-07)
(2.6796022e-05 0.021810829 -1.0915515e-07)
(-0.0038362571 -0.014556257 -4.2310784e-07)
(-0.0037314434 -0.016945844 -4.8971256e-07)
(-0.0035654951 -0.019677186 -5.0015059e-07)
(-0.0033526168 -0.021733968 -4.8296488e-07)
(-0.0030987348 -0.023087668 -4.5533379e-07)
(-0.0028242957 -0.023639857 -4.2704351e-07)
(-0.0025468067 -0.023566851 -3.9186702e-07)
(-0.0022722739 -0.023053408 -3.5932148e-07)
(-0.0020110738 -0.022269746 -3.300609e-07)
(-0.0017697715 -0.021272286 -3.053388e-07)
(-0.0015471183 -0.02014235 -2.8277782e-07)
(-0.001339919 -0.018872305 -2.6182699e-07)
(-0.0011490597 -0.017526701 -2.4245034e-07)
(-0.00097895226 -0.016160907 -2.2447718e-07)
(-0.00082864336 -0.014808378 -2.076572e-07)
(-0.00069640787 -0.013501596 -1.9150239e-07)
(-0.00058070319 -0.012272528 -1.762431e-07)
(-0.00047899882 -0.011150187 -1.6154693e-07)
(-0.00038982712 -0.010151351 -1.4724207e-07)
(-0.00031160724 -0.0092763258 -1.3317259e-07)
(-0.00024271458 -0.0085241864 -1.1911299e-07)
(-0.00018157533 -0.0078939337 -1.0472935e-07)
(-0.00012667117 -0.0073799541 -8.9854149e-08)
(-7.6369088e-05 -0.0069347955 -7.1242458e-08)
(-2.9002074e-05 -0.0065946325 -4.4857732e-08)
(-0.00064625396 -0.0034201492 -2.5102189e-07)
(-0.0008305339 -0.0042896861 -3.0702221e-07)
(-0.00098556336 -0.0051590746 -3.2576728e-07)
(-0.0011066296 -0.005967171 -3.2255242e-07)
(-0.0011910689 -0.0068079757 -3.0810906e-07)
(-0.0012424075 -0.007864263 -2.8863022e-07)
(-0.0012633315 -0.0090717889 -2.6586399e-07)
(-0.0012521259 -0.010163228 -2.4371264e-07)
(-0.0012159996 -0.011105286 -2.2354546e-07)
(-0.0011614954 -0.011884616 -2.056889e-07)
(-0.0010941233 -0.012514974 -1.8946878e-07)
(-0.001018637 -0.013000692 -1.7449188e-07)
(-0.00093758377 -0.013357066 -1.6055511e-07)
(-0.00085326282 -0.013586669 -1.4763551e-07)
(-0.00076832624 -0.013679338 -1.3574395e-07)
(-0.00068376137 -0.013660453 -1.243123e-07)
(-0.00060037782 -0.013565131 -1.1313737e-07)
(-0.00051934441 -0.013413792 -1.0229904e-07)
(-0.00044062685 -0.013217518 -9.1742901e-08)
(-0.0003645281 -0.01298398 -8.1396919e-08)
(-0.00029103383 -0.012719399 -7.1064864e-08)
(-0.00022025557 -0.012430736 -6.0405567e-08)
(-0.00015232098 -0.012122608 -4.8765931e-08)
(-8.7434873e-05 -0.011750245 -3.4285224e-08)
(-2.6953939e-05 -0.011269091 -1.6869023e-08)
(0.00034913299 -0.00044260063 -1.5197301e-07)
(0.00025279103 -0.00073816714 -1.9067605e-07)
(0.00016326672 -0.0010742742 -2.0748996e-07)
(7.7589021e-05 -0.0014291652 -2.0929031e-07)
(-7.4739309e-06 -0.001814907 -2.0213602e-07)
(-9.2067924e-05 -0.0022172287 -1.901909e-07)
(-0.00016657232 -0.0026229618 -1.7582787e-07)
(-0.00022899353 -0.0030160325 -1.6116924e-07)
(-0.00027525535 -0.0034013945 -1.4732907e-07)
(-0.00030534739 -0.0037692935 -1.3467708e-07)
(-0.00032128276 -0.0041136174 -1.2307711e-07)
(-0.00032564406 -0.0044291753 -1.1234507e-07)
(-0.00032069531 -0.00471621 -1.0235117e-07)
(-0.00030837372 -0.0049811508 -9.302041e-08)
(-0.00029042454 -0.0052420672 -8.4305066e-08)
(-0.0002684651 -0.0054901447 -7.5999611e-08)
(-0.00024350695 -0.0056959604 -6.7989447e-08)
(-0.00021631349 -0.0058531055 -6.0270967e-08)
(-0.00018767923 -0.0059609672 -5.2819955e-08)
(-0.00015799111 -0.0060193861 -4.5738429e-08)
(-0.00012783442 -0.0060302029 -3.8813673e-08)
(-9.7580761e-05 -0.0059970052 -3.1790308e-08)
(-6.7603378e-05 -0.0059259806 -2.437362e-08)
(-3.8228858e-05 -0.0057987606 -1.5853374e-08)
(-1.0465037e-05 -0.0055408552 -6.623228e-09)
(0.00045794191 0.00049446964 -9.2678562e-08)
(0.00040900186 0.00047691498 -1.1629626e-07)
(0.00036838042 0.00045386464 -1.2799413e-07)
(0.00032872929 0.0004149963 -1.3045994e-07)
(0.00028950158 0.0003509149 -1.268276e-07)
(0.00025473714 0.00026756966 -1.196295e-07)
(0.00022119403 0.00016544035 -1.1062348e-07)
(0.00018360302 5.3217218e-05 -1.0112357e-07)
(0.00014635271 -6.283576e-05 -9.1905374e-08)
(0.0001117209 -0.00018100552 -8.3298144e-08)
(8.1602746e-05 -0.00029827875 -7.5335642e-08)
(5.6569196e-05 -0.00041340015 -6.7954725e-08)
(3.6391029e-05 -0.00052370211 -6.1086095e-08)
(2.0662951e-05 -0.00062571271 -5.4675601e-08)
(9.194072e-06 -0.00071897691 -4.8679985e-08)
(1.1638699e-06 -0.00080175733 -4.302303e-08)
(-3.9281546e-06 -0.00087183075 -3.7654377e-08)
(-6.9259198e-06 -0.00092996221 -3.2571807e-08)
(-8.4456638e-06 -0.0009756871 -2.7787883e-08)
(-8.6517041e-06 -0.0010084857 -2.3335523e-08)
(-8.008325e-06 -0.0010288054 -1.9166545e-08)
(-6.7565374e-06 -0.0010373792 -1.5174955e-08)
(-5.0852932e-06 -0.0010367345 -1.1214451e-08)
(-2.9812408e-06 -0.0010263231 -7.0558902e-09)
(-4.1097794e-07 -0.00097743627 -2.7343847e-09)
(0.00039532004 0.00062468254 -5.5225679e-08)
(0.00036403981 0.00068524744 -6.8088373e-08)
(0.00033655524 0.00072837234 -7.485734e-08)
(0.00030930885 0.00076826406 -7.646806e-08)
(0.00028159228 0.00080144543 -7.4402165e-08)
(0.00025348868 0.00082137561 -7.0068516e-08)
(0.00022594266 0.00083053761 -6.4551265e-08)
(0.00020114273 0.00083104445 -5.8639013e-08)
(0.00017712401 0.00082157606 -5.282053e-08)
(0.0001537163 0.00080502012 -4.7330352e-08)
(0.00013187752 0.00078349078 -4.2234145e-08)
(0.00011201354 0.00075879803 -3.7520661e-08)
(9.4317248e-05 0.00073243002 -3.3159147e-08)
(7.8894755e-05 0.00070580422 -2.9119762e-08)
(6.5548588e-05 0.00067982781 -2.5377647e-08)
(5.4248338e-05 0.00065492344 -2.1904663e-08)
(4.4845977e-05 0.00063155693 -1.868267e-08)
(3.6894052e-05 0.00060981052 -1.5712303e-08)
(3.021992e-05 0.00058948333 -1.3003789e-08)
(2.431777e-05 0.00057034965 -1.0568849e-08)
(1.9049483e-05 0.00055206003 -8.3931575e-09)
(1.4223207e-05 0.00053441698 -6.4353101e-09)
(9.7081176e-06 0.00051695696 -4.637663e-09)
(5.5199e-06 0.00049865669 -2.9596264e-09)
(1.7787025e-06 0.00047731395 -1.5976236e-09)
(0.00029066773 0.00039202336 -3.0462655e-08)
(0.00027149315 0.00043457193 -3.6931583e-08)
(0.00025329717 0.00047085714 -4.0387085e-08)
(0.00023518455 0.00050637529 -4.1136574e-08)
(0.00021725606 0.00053841684 -3.9880331e-08)
(0.00019969006 0.00056565927 -3.7352951e-08)
(0.00018276296 0.00058768809 -3.4156594e-08)
(0.00016659676 0.00060415184 -3.0730601e-08)
(0.00015062246 0.00061572604 -2.7352385e-08)
(0.00013456952 0.00062124182 -2.4164248e-08)
(0.00011852248 0.00062135243 -2.1216863e-08)
(0.00010291762 0.00061676098 -1.8513839e-08)
(8.8207062e-05 0.00060848368 -1.6042692e-08)
(7.4661463e-05 0.00059732535 -1.3788224e-08)
(6.2417131e-05 0.00058421532 -1.1736976e-08)
(5.1647461e-05 0.00056995006 -9.8763668e-09)
(4.2162339e-05 0.00055495844 -8.1973582e-09)
(3.400665e-05 0.0005395427 -6.6967017e-09)
(2.7046077e-05 0.00052419603 -5.3745902e-09)
(2.1114629e-05 0.00050921682 -4.2297021e-09)
(1.605844e-05 0.00049450349 -3.2519125e-09)
(1.1699567e-05 0.00048009797 -2.4209838e-09)
(7.8937998e-06 0.00046581649 -1.7117359e-09)
(4.4767098e-06 0.0004520425 -1.113172e-09)
(1.3724144e-06 0.00043121462 -6.9424723e-10)
(0.00020973853 0.00014960663 -1.4965067e-08)
(0.00019809582 0.00016760198 -1.8005137e-08)
(0.00018609958 0.00018295508 -1.9592134e-08)
(0.00017435332 0.0001975365 -1.9865136e-08)
(0.00016322858 0.00021153238 -1.9150058e-08)
(0.00015251831 0.00022503326 -1.7803285e-08)
(0.00014193176 0.00023764242 -1.6127281e-08)
(0.00013142195 0.00024702654 -1.4344515e-08)
(0.00012081708 0.0002536647 -1.259645e-08)
(0.00010992147 0.00025741119 -1.0957529e-08)
(9.8737307e-05 0.00025761702 -9.4565832e-09)
(8.7520739e-05 0.00025488599 -8.0977308e-09)
(7.6528846e-05 0.00024928094 -6.87516e-09)
(6.5953226e-05 0.00024170841 -5.7804946e-09)
(5.5962157e-05 0.0002324871 -4.805494e-09)
(4.6798413e-05 0.00022203999 -3.9424716e-09)
(3.8580465e-05 0.00021113509 -3.1847875e-09)
(3.1367176e-05 0.00020053128 -2.5273874e-09)
(2.5056646e-05 0.00019035585 -1.9661905e-09)
(1.9607791e-05 0.0001806227 -1.4966193e-09)
(1.4926881e-05 0.00017160293 -1.1115126e-09)
(1.0891399e-05 0.00016349478 -8.0068009e-10)
(7.3784391e-06 0.00015489729 -5.5238517e-10)
(4.2093021e-06 0.00015239221 -3.5853614e-10)
(1.2392557e-06 0.0001423868 -2.1735072e-10)
(0.00016906866 3.8458311e-05 -6.3983739e-09)
(0.00016018338 4.5063594e-05 -7.7652848e-09)
(0.00015106693 5.1628883e-05 -8.4748362e-09)
(0.00014209912 5.6457093e-05 -8.5785795e-09)
(0.00013344994 5.9775805e-05 -8.2275009e-09)
(0.00012510342 6.3709812e-05 -7.589626e-09)
(0.00011713043 6.734931e-05 -6.8064926e-09)
(0.0001094864 6.9770889e-05 -5.981074e-09)
(0.00010185094 7.2224866e-05 -5.1786232e-09)
(9.405533e-05 7.4090396e-05 -4.4334193e-09)
(8.6053264e-05 7.4517747e-05 -3.7589232e-09)
(7.7921889e-05 7.3063077e-05 -3.1569253e-09)
(6.9777553e-05 7.0106856e-05 -2.6242808e-09)
(6.1745935e-05 6.5661493e-05 -2.156305e-09)
(5.3995313e-05 5.9721711e-05 -1.7480679e-09)
(4.6660219e-05 5.293606e-05 -1.3948799e-09)
(3.9698598e-05 4.592811e-05 -1.0924501e-09)
(3.3235158e-05 3.909348e-05 -8.369988e-10)
(2.7326497e-05 3.2632517e-05 -6.2513902e-10)
(2.1948792e-05 2.6750719e-05 -4.5357274e-10)
(1.7087897e-05 2.1639378e-05 -3.1848951e-10)
(1.2705669e-05 1.7407352e-05 -2.1533004e-10)
(8.7396285e-06 1.2909318e-05 -1.390239e-10)
(5.0734301e-06 1.5392544e-05 -8.4634857e-11)
(1.5666046e-06 1.042664e-05 -4.3509747e-11)
(0.0001462797 2.4316845e-05 -2.3473936e-09)
(0.00013892143 2.7434028e-05 -2.9413878e-09)
(0.00013170767 3.0464949e-05 -3.2499147e-09)
(0.000124589 3.2947877e-05 -3.3004717e-09)
(0.00011748918 3.4906753e-05 -3.1579188e-09)
(0.00011044627 3.5885335e-05 -2.894493e-09)
(0.00010374402 3.6898493e-05 -2.5714636e-09)
(9.7392661e-05 3.899123e-05 -2.2326758e-09)
(9.12885e-05 4.117591e-05 -1.905464e-09)
(8.5255668e-05 4.2555073e-05 -1.6039378e-09)
(7.9144235e-05 4.3686117e-05 -1.3338437e-09)
(7.287509e-05 4.4417566e-05 -1.095933e-09)
(6.6487543e-05 4.3592765e-05 -8.8863349e-10)
(6.0063766e-05 4.1402192e-05 -7.0963844e-10)
(5.3700399e-05 3.8407821e-05 -5.5651411e-10)
(4.7449032e-05 3.4662718e-05 -4.2686815e-10)
(4.1359971e-05 3.0477096e-05 -3.1846495e-10)
(3.548231e-05 2.6246108e-05 -2.2930706e-10)
(2.9858582e-05 2.212389e-05 -1.5761117e-10)
(2.4516978e-05 1.8311059e-05 -1.017356e-10)
(1.9471338e-05 1.4948531e-05 -6.0047029e-11)
(1.4716664e-05 1.22845e-05 -3.0833474e-11)
(1.0226887e-05 9.1265994e-06 -1.2318374e-11)
(5.9675913e-06 1.2034644e-05 -2.9878126e-12)
(1.9012079e-06 8.8873693e-06 -2.8989534e-13)
(0.00012782746 3.9380389e-05 -7.3231586e-10)
(0.00012249934 4.4233352e-05 -9.7871815e-10)
(0.00011691982 4.8454912e-05 -1.111011e-09)
(0.00011119676 5.2094107e-05 -1.1398827e-09)
(0.00010535753 5.5369354e-05 -1.0916327e-09)
(9.9492067e-05 5.8105919e-05 -9.9552158e-10)
(9.3776833e-05 6.0361532e-05 -8.7580385e-10)
(8.8358666e-05 6.2679289e-05 -7.501235e-10)
(8.3237124e-05 6.5223065e-05 -6.2923608e-10)
(7.8289142e-05 6.7211059e-05 -5.1868536e-10)
(7.3335484e-05 6.8501425e-05 -4.2065032e-10)
(6.8269771e-05 6.9660002e-05 -3.3536692e-10)
(6.3044881e-05 7.0527199e-05 -2.6216875e-10)
(5.7688291e-05 7.0497487e-05 -2.0007473e-10)
(5.2260744e-05 6.959724e-05 -1.4800687e-10)
(4.6739859e-05 6.7977541e-05 -1.0491166e-10)
(4.1284523e-05 6.5809754e-05 -6.9817516e-11)
(3.5881635e-05 6.3304323e-05 -4.1855599e-11)
(3.0588237e-05 6.0582169e-05 -2.026883e-11)
(2.5429499e-05 5.7818507e-05 -4.4032585e-12)
(2.0423926e-05 5.5098896e-05 6.3151875e-12)
(1.5575559e-05 5.2755387e-05 1.2405458e-11)
(1.0883869e-05 4.8995105e-05 1.4336627e-11)
(6.3650587e-06 5.1207124e-05 1.2167658e-11)
(2.0559841e-06 4.5902061e-05 6.6205304e-12)
(0.00011130596 5.1092036e-05 -2.0045403e-10)
(0.00010753971 5.8153644e-05 -2.9199959e-10)
(0.00010331825 6.4323982e-05 -3.4393288e-10)
(9.8785972e-05 6.9642756e-05 -3.5818987e-10)
(9.4035105e-05 7.4197592e-05 -3.4393625e-10)
(8.9171478e-05 7.8237327e-05 -3.1198964e-10)
(8.432833e-05 8.1888673e-05 -2.713498e-10)
(7.9647801e-05 8.5092879e-05 -2.2851697e-10)
(7.5173759e-05 8.7649175e-05 -1.8744033e-10)
(7.0871428e-05 8.9860464e-05 -1.501535e-10)
(6.6635189e-05 9.1501066e-05 -1.1743708e-10)
(6.2367938e-05 9.2642101e-05 -8.9336725e-11)
(5.7992492e-05 9.4175864e-05 -6.5581749e-11)
(5.3480314e-05 9.5503498e-05 -4.5778452e-11)
(4.8834976e-05 9.5959382e-05 -2.9507034e-11)
(4.4071859e-05 9.5690679e-05 -1.6384367e-11)
(3.9244755e-05 9.4803873e-05 -6.0419322e-12)
(3.4385458e-05 9.3437773e-05 1.8469853e-12)
(2.9533804e-05 9.1702413e-05 7.5599041e-12)
(2.472024e-05 8.966625e-05 1.1310169e-11)
(1.9971129e-05 8.7416186e-05 1.3251333e-11)
(1.5305561e-05 8.5347098e-05 1.3488822e-11)
(1.0738884e-05 8.1271629e-05 1.2125778e-11)
(6.3143326e-06 8.3382922e-05 8.9232774e-12)
(2.0687713e-06 7.656008e-05 4.709926e-12)
(9.5648997e-05 5.172739e-05 -5.8771397e-11)
(9.2972621e-05 5.9494563e-05 -8.5045824e-11)
(8.9838518e-05 6.6395474e-05 -1.0134954e-10)
(8.634802e-05 7.2455506e-05 -1.0631319e-10)
(8.2581814e-05 7.7679528e-05 -1.0198896e-10)
(7.8625469e-05 8.2264286e-05 -9.1848852e-11)
(7.4585503e-05 8.6333544e-05 -7.88466e-11)
(7.0578452e-05 8.9931295e-05 -6.5119436e-11)
(6.6660426e-05 9.2744497e-05 -5.1976983e-11)
(6.2836861e-05 9.5069241e-05 -4.0112213e-11)
(5.9101901e-05 9.7172515e-05 -2.9823858e-11)
(5.539997e-05 9.8699609e-05 -2.1114194e-11)
(5.1672532e-05 9.9708862e-05 -1.3864919e-11)
(4.7859851e-05 0.00010098757 -7.9220699e-12)
(4.3924151e-05 0.0001024766 -3.1293698e-12)
(3.9860636e-05 0.00010336885 6.5089022e-13)
(3.5690379e-05 0.0001036099 3.5285049e-12)
(3.1438686e-05 0.00010326186 5.5984234e-12)
(2.7139014e-05 0.00010239911 6.9428569e-12)
(2.2821398e-05 0.00010112516 7.6131452e-12)
(1.8511459e-05 9.9456941e-05 7.6316591e-12)
(1.4237378e-05 9.789514e-05 6.9967327e-12)
(1.0024901e-05 9.4017376e-05 5.7666578e-12)
(5.9158864e-06 9.6205973e-05 3.7072091e-12)
(1.9291694e-06 8.9405161e-05 1.9022069e-12)
(8.1154668e-05 4.528103e-05 -2.3062047e-11)
(7.9238492e-05 5.2466188e-05 -2.5753669e-11)
(7.6926625e-05 5.9018716e-05 -2.852222e-11)
(7.4277646e-05 6.4906776e-05 -2.9337311e-11)
(7.1343018e-05 7.0085187e-05 -2.7881014e-11)
(6.8182562e-05 7.4671931e-05 -2.4900823e-11)
(6.4871998e-05 7.8669464e-05 -2.1148449e-11)
(6.1492158e-05 8.2050143e-05 -1.7169156e-11)
(5.8105297e-05 8.4991098e-05 -1.3370763e-11)
(5.4743865e-05 8.7654835e-05 -9.9515843e-12)
(5.143216e-05 9.0033305e-05 -6.9808436e-12)
(4.8168041e-05 9.2033291e-05 -4.4677251e-12)
(4.4924701e-05 9.3618237e-05 -2.3998756e-12)
(4.1662457e-05 9.4803029e-05 -7.3535662e-13)
(3.8329923e-05 9.5911893e-05 5.8417285e-13)
(3.4893972e-05 9.7120918e-05 1.6118119e-12)
(3.1349152e-05 9.8025513e-05 2.3762214e-12)
(2.7707916e-05 9.8391838e-05 2.8935224e-12)
(2.3994014e-05 9.8276552e-05 3.173507e-12)
(2.0233305e-05 9.7695499e-05 3.2135632e-12)
(1.6452718e-05 9.6628888e-05 3.0013042e-12)
(1.2680726e-05 9.5491701e-05 2.5215138e-12)
(8.9460799e-06 9.1964705e-05 1.8345388e-12)
(5.2764226e-06 9.4055295e-05 7.3247551e-13)
(1.6997237e-06 8.7704984e-05 3.1967223e-13)
(6.8284483e-05 3.6940953e-05 -6.4990985e-12)
(6.6888285e-05 4.314638e-05 -3.2152094e-12)
(6.5171221e-05 4.8912877e-05 -2.49453e-12)
(6.3158821e-05 5.4210007e-05 -2.6221252e-12)
(6.0877823e-05 5.9013583e-05 -2.6998347e-12)
(5.8366154e-05 6.3332468e-05 -2.4937291e-12)
(5.5673759e-05 6.6954994e-05 -2.0586307e-12)
(5.2851644e-05 7.0030018e-05 -1.5159187e-12)
(4.9960454e-05 7.2989163e-05 -9.7758067e-13)
(4.7049771e-05 7.5774874e-05 -4.7550302e-13)
(4.415018e-05 7.8271068e-05 -1.6910656e-14)
(4.1270821e-05 8.0496644e-05 3.9417688e-13)
(3.8413848e-05 8.2370264e-05 7.5195103e-13)
(3.557034e-05 8.3881644e-05 1.0378406e-12)
(3.271093e-05 8.5104279e-05 1.2538098e-12)
(2.9799416e-05 8.6018506e-05 1.4174428e-12)
(2.681106e-05 8.6752813e-05 1.526516e-12)
(2.3739056e-05 8.7400235e-05 1.5748022e-12)
(2.0593505e-05 8.7777145e-05 1.5540186e-12)
(1.7393256e-05 8.764983e-05 1.4501487e-12)
(1.4163374e-05 8.6966714e-05 1.2411027e-12)
(1.0930394e-05 8.6436045e-05 9.1174862e-13)
(7.7207491e-06 8.3015397e-05 5.3062927e-13)
(4.5557468e-06 8.4515478e-05 -1.3505885e-13)
(1.461714e-06 7.9433406e-05 -7.8525553e-14)
(5.7100315e-05 2.998117e-05 5.6709238e-12)
(5.6062815e-05 3.5126936e-05 9.1537818e-12)
(5.4771463e-05 4.0016801e-05 9.9911967e-12)
(5.3231231e-05 4.4606262e-05 9.4173252e-12)
(5.1450944e-05 4.8843041e-05 8.3019937e-12)
(4.944988e-05 5.2717699e-05 7.1364967e-12)
(4.7260094e-05 5.6095143e-05 6.1133969e-12)
(4.4919726e-05 5.9045802e-05 5.2802037e-12)
(4.2479861e-05 6.1832018e-05 4.5879015e-12)
(3.9990503e-05 6.4448631e-05 3.9948252e-12)
(3.7483634e-05 6.6854024e-05 3.4862634e-12)
(3.4974977e-05 6.9044418e-05 3.0669718e-12)
(3.247202e-05 7.0971974e-05 2.7393624e-12)
(2.9976477e-05 7.2604649e-05 2.4755627e-12)
(2.7486074e-05 7.3928661e-05 2.2552757e-12)
(2.4984938e-05 7.4949529e-05 2.0719885e-12)
(2.2452575e-05 7.5742931e-05 1.9083585e-12)
(1.9873617e-05 7.6246006e-05 1.7498728e-12)
(1.7244215e-05 7.6424041e-05 1.582743e-12)
(1.4573128e-05 7.6339327e-05 1.391229e-12)
(1.1876541e-05 7.5929729e-05 1.1523841e-12)
(9.1740274e-06 7.5553024e-05 8.5045463e-13)
(6.4855769e-06 7.2701157e-05 5.4923029e-13)
(3.8335988e-06 7.4686632e-05 -1.7894922e-14)
(1.2358103e-06 6.9737535e-05 4.3560231e-14)
(4.7457509e-05 2.489773e-05 1.2627688e-11)
(4.6671556e-05 2.9209086e-05 1.5301644e-11)
(4.5687584e-05 3.3351423e-05 1.5738926e-11)
(4.4499123e-05 3.7290559e-05 1.4831446e-11)
(4.3103299e-05 4.0992099e-05 1.3281676e-11)
(4.1506554e-05 4.4425993e-05 1.1579267e-11)
(3.9728099e-05 4.7543146e-05 9.9662911e-12)
(3.7798783e-05 5.0377358e-05 8.5490079e-12)
(3.5758563e-05 5.2978058e-05 7.3564227e-12)
(3.3648747e-05 5.5327735e-05 6.3578677e-12)
(3.1501739e-05 5.7466081e-05 5.5067007e-12)
(2.9339267e-05 5.942833e-05 4.7761378e-12)
(2.7172149e-05 6.1212478e-05 4.1597421e-12)
(2.5004938e-05 6.2804203e-05 3.6480714e-12)
(2.2840729e-05 6.4127308e-05 3.2234012e-12)
(2.0679335e-05 6.5170805e-05 2.8699093e-12)
(1.8515411e-05 6.5952922e-05 2.5667696e-12)
(1.6340849e-05 6.6423467e-05 2.2963594e-12)
(1.4150851e-05 6.6608335e-05 2.042682e-12)
(1.1945977e-05 6.6525893e-05 1.7882368e-12)
(9.7312486e-06 6.6100709e-05 1.5114778e-12)
(7.5164224e-06 6.5742708e-05 1.1885401e-12)
(5.3148936e-06 6.314346e-05 8.7267632e-13)
(3.1412904e-06 6.5356409e-05 2.8355553e-13)
(1.0143871e-06 6.0698676e-05 2.3657328e-13)
(3.9159697e-05 2.1211895e-05 1.4172433e-11)
(3.8553402e-05 2.4907073e-05 1.6477396e-11)
(3.7795065e-05 2.8476547e-05 1.6802846e-11)
(3.6872602e-05 3.1878173e-05 1.5959291e-11)
(3.5776475e-05 3.5103371e-05 1.4491146e-11)
(3.4505094e-05 3.8096137e-05 1.283207e-11)
(3.3068604e-05 4.0878766e-05 1.1190051e-11)
(3.1489364e-05 4.3536323e-05 9.6542085e-12)
(2.97974e-05 4.5966126e-05 8.3141964e-12)
(2.8025973e-05 4.8105473e-05 7.184464e-12)
(2.6204743e-05 5.0016844e-05 6.2370055e-12)
(2.4357315e-05 5.171748e-05 5.4409768e-12)
(2.2499458e-05 5.3233042e-05 4.7675424e-12)
(2.0640284e-05 5.4585924e-05 4.1920751e-12)
(1.8784958e-05 5.5766036e-05 3.7005168e-12)
(1.6937679e-05 5.6733785e-05 3.2835788e-12)
(1.5098853e-05 5.7452448e-05 2.9249197e-12)
(1.3268932e-05 5.791436e-05 2.6070661e-12)
(1.1448004e-05 5.8096507e-05 2.3155835e-12)
(9.6345781e-06 5.7995356e-05 2.0331514e-12)
(7.8289953e-06 5.7585222e-05 1.73737e-12)
(6.0351899e-06 5.7271212e-05 1.4016866e-12)
(4.2609089e-06 5.4837937e-05 1.0691334e-12)
(2.515126e-06 5.7005049e-05 4.568164e-13)
(8.0980164e-07 5.266473e-05 3.4338781e-13)
(3.2018977e-05 1.8353764e-05 1.2098304e-11)
(3.154429e-05 2.1551837e-05 1.4613591e-11)
(3.0955121e-05 2.4659917e-05 1.5195173e-11)
(3.0237598e-05 2.7628555e-05 1.4647182e-11)
(2.9379042e-05 3.0453235e-05 1.3476775e-11)
(2.8372836e-05 3.308459e-05 1.2079636e-11)
(2.722239e-05 3.5503122e-05 1.0692736e-11)
(2.5941928e-05 3.782815e-05 9.3626188e-12)
(2.4553846e-05 4.000471e-05 8.1306969e-12)
(2.3083595e-05 4.1932122e-05 7.0463411e-12)
(2.1557389e-05 4.3654054e-05 6.1177723e-12)
(1.999825e-05 4.5174766e-05 5.3366239e-12)
(1.8424092e-05 4.6499997e-05 4.6842149e-12)
(1.6847978e-05 4.7622653e-05 4.1375612e-12)
(1.5278587e-05 4.8563542e-05 3.6716565e-12)
(1.3721844e-05 4.9339078e-05 3.2672439e-12)
(1.2182128e-05 4.9925827e-05 2.9136686e-12)
(1.0661527e-05 5.0309043e-05 2.5987224e-12)
(9.1602681e-06 5.0450611e-05 2.3078845e-12)
(7.6783049e-06 5.0375242e-05 2.0271424e-12)
(6.2168412e-06 4.9994943e-05 1.7377639e-12)
(4.7777234e-06 4.980855e-05 1.4060176e-12)
(3.3649931e-06 4.7493594e-05 1.0793407e-12)
(1.9810892e-06 4.9553139e-05 4.7286611e-13)
(6.352015e-07 4.586329e-05 3.4293948e-13)
(2.5877081e-05 1.5927716e-05 8.7836072e-12)
(2.5502466e-05 1.8686769e-05 1.1675065e-11)
(2.5043559e-05 2.1380956e-05 1.2645851e-11)
(2.4487051e-05 2.396956e-05 1.2460827e-11)
(2.3819525e-05 2.6441619e-05 1.1631191e-11)
(2.3031674e-05 2.877457e-05 1.0530804e-11)
(2.2121993e-05 3.0922345e-05 9.4157318e-12)
(2.1098064e-05 3.2850078e-05 8.3493333e-12)
(1.9976019e-05 3.4703653e-05 7.3320299e-12)
(1.8774202e-05 3.6456996e-05 6.4017634e-12)
(1.7515143e-05 3.7966564e-05 5.5884416e-12)
(1.6220016e-05 3.927747e-05 4.8906995e-12)
(1.4907006e-05 4.0404794e-05 4.2985003e-12)
(1.3590621e-05 4.1348284e-05 3.7979091e-12)
(1.2281615e-05 4.2104144e-05 3.3721429e-12)
(1.0987815e-05 4.2690787e-05 3.0047544e-12)
(9.7155766e-06 4.3107364e-05 2.6858798e-12)
(8.4683197e-06 4.3349838e-05 2.4029536e-12)
(7.2459093e-06 4.3428737e-05 2.1398599e-12)
(6.0496897e-06 4.3329425e-05 1.8830849e-12)
(4.8807947e-06 4.2983127e-05 1.6145936e-12)
(3.739809e-06 4.2920209e-05 1.3019017e-12)
(2.6262048e-06 4.0526484e-05 1.000524e-12)
(1.5424874e-06 4.2489746e-05 4.2559628e-13)
(4.8970446e-07 3.9326432e-05 3.0594137e-13)
(2.0609348e-05 1.370969e-05 5.9043001e-12)
(2.0314111e-05 1.6062855e-05 8.978453e-12)
(1.9958514e-05 1.8365055e-05 1.0222525e-11)
(1.9531057e-05 2.0599873e-05 1.0334922e-11)
(1.9019181e-05 2.2774047e-05 9.7813306e-12)
(1.8412521e-05 2.4842021e-05 8.9367601e-12)
(1.7706518e-05 2.6717302e-05 8.0489372e-12)
(1.6903576e-05 2.835032e-05 7.1907573e-12)
(1.6013006e-05 2.9908215e-05 6.3924263e-12)
(1.5051188e-05 3.1412572e-05 5.6529789e-12)
(1.403336e-05 3.2701381e-05 4.9823045e-12)
(1.2978481e-05 3.3806295e-05 4.3921323e-12)
(1.1903789e-05 3.47419e-05 3.8770318e-12)
(1.0823879e-05 3.5503346e-05 3.4303496e-12)
(9.7503603e-06 3.6101682e-05 3.0435984e-12)
(8.6920207e-06 3.654124e-05 2.7083776e-12)
(7.6553917e-06 3.6840017e-05 2.4177012e-12)
(6.6453464e-06 3.6986849e-05 2.1630501e-12)
(5.6627276e-06 3.6981417e-05 1.930697e-12)
(4.7091336e-06 3.6817403e-05 1.7037651e-12)
(3.7856323e-06 3.6439956e-05 1.4623954e-12)
(2.8915207e-06 3.6292115e-05 1.1786607e-12)
(2.0249243e-06 3.4198215e-05 9.0669478e-13)
(1.1863891e-06 3.6380301e-05 3.7267743e-13)
(3.7167011e-07 3.30111e-05 2.7435511e-13)
(1.6116951e-05 1.1660373e-05 3.8674571e-12)
(1.5887205e-05 1.3643311e-05 6.9156301e-12)
(1.5615868e-05 1.558697e-05 8.2244419e-12)
(1.529378e-05 1.7510296e-05 8.4870274e-12)
(1.4910082e-05 1.9404111e-05 8.1788088e-12)
(1.4454516e-05 2.117274e-05 7.5957191e-12)
(1.3920689e-05 2.2763713e-05 6.9192477e-12)
(1.3307282e-05 2.4209304e-05 6.2312788e-12)
(1.261866e-05 2.5444833e-05 5.5837535e-12)
(1.1866614e-05 2.6615692e-05 4.9970739e-12)
(1.1065046e-05 2.773075e-05 4.46336e-12)
(1.0226134e-05 2.8659679e-05 3.9709304e-12)
(9.3661554e-06 2.9443611e-05 3.5224246e-12)
(8.4987536e-06 3.0073455e-05 3.1244699e-12)
(7.6353423e-06 3.0555741e-05 2.7759792e-12)
(6.7850261e-06 3.0893797e-05 2.47213e-12)
(5.9542997e-06 3.1102865e-05 2.2053801e-12)
(5.1480455e-06 3.1202697e-05 1.9675466e-12)
(4.3700634e-06 3.1161608e-05 1.7511219e-12)
(3.6200166e-06 3.0945637e-05 1.5437277e-12)
(2.8988067e-06 3.0563149e-05 1.3252112e-12)
(2.2055231e-06 3.0461966e-05 1.0677987e-12)
(1.5399243e-06 2.8571206e-05 8.1883615e-13)
(8.9819169e-07 3.0717952e-05 3.1711709e-13)
(2.7939655e-07 2.7657755e-05 2.3527921e-13)
(1.2317522e-05 9.7725985e-06 2.2705763e-12)
(1.2143323e-05 1.1484303e-05 5.241831e-12)
(1.1942311e-05 1.3161174e-05 6.6261308e-12)
(1.1707491e-05 1.474864e-05 7.050904e-12)
(1.1429717e-05 1.6264141e-05 6.93272e-12)
(1.1100241e-05 1.7718878e-05 6.5294791e-12)
(1.0711029e-05 1.9071115e-05 6.0153662e-12)
(1.0258744e-05 2.0311728e-05 5.4794771e-12)
(9.744797e-06 2.1412643e-05 4.9491463e-12)
(9.1744465e-06 2.2324812e-05 4.4518432e-12)
(8.5597708e-06 2.3189164e-05 4.0040929e-12)
(7.912948e-06 2.3993689e-05 3.593454e-12)
(7.2430834e-06 2.4630231e-05 3.2128004e-12)
(6.5639503e-06 2.5146616e-05 2.8677209e-12)
(5.8854652e-06 2.5531385e-05 2.562286e-12)
(5.2166231e-06 2.578533e-05 2.2931015e-12)
(4.5636273e-06 2.5907164e-05 2.0539915e-12)
(3.9308241e-06 2.5916924e-05 1.8365462e-12)
(3.3251575e-06 2.5834713e-05 1.6342935e-12)
(2.745679e-06 2.5646085e-05 1.4386287e-12)
(2.1906294e-06 2.5283586e-05 1.2335288e-12)
(1.6600389e-06 2.5301931e-05 9.9300593e-13)
(1.1533982e-06 2.3498722e-05 7.6437482e-13)
(6.7054174e-07 2.5477404e-05 2.8976064e-13)
(2.084936e-07 2.2816235e-05 2.2088209e-13)
(9.1388364e-06 8.1268552e-06 9.1737219e-13)
(9.0122714e-06 9.5475188e-06 3.8746573e-12)
(8.8705769e-06 1.0930649e-05 5.3722459e-12)
(8.708549e-06 1.2260532e-05 5.9377052e-12)
(8.5185975e-06 1.3474685e-05 5.9694206e-12)
(8.2927892e-06 1.4652273e-05 5.700173e-12)
(8.023514e-06 1.5811646e-05 5.2969453e-12)
(7.7060446e-06 1.6851829e-05 4.8633876e-12)
(7.3394707e-06 1.7767338e-05 4.426375e-12)
(6.9261646e-06 1.8556672e-05 4.0036363e-12)
(6.4717928e-06 1.9193495e-05 3.6118927e-12)
(5.9881486e-06 1.9796078e-05 3.2539254e-12)
(5.4845227e-06 2.035132e-05 2.9297938e-12)
(4.9698332e-06 2.0751826e-05 2.639333e-12)
(4.4514861e-06 2.1040597e-05 2.3775927e-12)
(3.9392594e-06 2.1230097e-05 2.1407554e-12)
(3.4389374e-06 2.1315789e-05 1.9266139e-12)
(2.9545955e-06 2.1264434e-05 1.7308448e-12)
(2.4897787e-06 2.1119405e-05 1.5466625e-12)
(2.0497546e-06 2.0952005e-05 1.3641245e-12)
(1.6320634e-06 2.0627267e-05 1.1706452e-12)
(1.2335561e-06 2.0739554e-05 9.3928557e-13)
(8.5514173e-07 1.9050577e-05 7.2349409e-13)
(4.9610769e-07 2.0936567e-05 2.7037143e-13)
(1.5639573e-07 1.8586211e-05 2.0195011e-13)
(6.5151372e-06 6.6604677e-06 -1.1429953e-13)
(6.4291855e-06 7.8127699e-06 2.8040603e-12)
(6.3371319e-06 8.9306815e-06 4.3728382e-12)
(6.2352572e-06 1.0011101e-05 5.0440146e-12)
(6.1173336e-06 1.1022366e-05 5.1845018e-12)
(5.97585e-06 1.1985964e-05 5.0210114e-12)
(5.8044158e-06 1.2916686e-05 4.7054704e-12)
(5.5977164e-06 1.3771448e-05 4.3437734e-12)
(5.3533829e-06 1.4541584e-05 3.9793912e-12)
(5.0709887e-06 1.5216753e-05 3.6230432e-12)
(4.754675e-06 1.5774731e-05 3.2812194e-12)
(4.4090623e-06 1.6188413e-05 2.9693129e-12)
(4.0453654e-06 1.6520981e-05 2.6876098e-12)
(3.6682408e-06 1.6852123e-05 2.4300541e-12)
(3.2875846e-06 1.7106909e-05 2.1975962e-12)
(2.9085858e-06 1.7245363e-05 1.9887828e-12)
(2.5384891e-06 1.7292941e-05 1.7995908e-12)
(2.1795512e-06 1.7248833e-05 1.6238296e-12)
(1.8331619e-06 1.7104336e-05 1.4560285e-12)
(1.5048569e-06 1.6904792e-05 1.2882483e-12)
(1.1951737e-06 1.6585869e-05 1.1086741e-12)
(9.0262341e-07 1.6729531e-05 8.914257e-13)
(6.2628256e-07 1.5115713e-05 6.9361112e-13)
(3.6566044e-07 1.6996836e-05 2.6573861e-13)
(1.1280603e-07 1.4944292e-05 2.0092759e-13)
(4.3844878e-06 5.3751258e-06 -8.8946473e-13)
(4.3325562e-06 6.2901849e-06 1.9596153e-12)
(4.2812473e-06 7.1773095e-06 3.5497675e-12)
(4.2279802e-06 8.0395452e-06 4.2865154e-12)
(4.1677417e-06 8.8683418e-06 4.5105473e-12)
(4.0942697e-06 9.6537229e-06 4.4366186e-12)
(4.0014127e-06 1.038796e-05 4.1994949e-12)
(3.8838175e-06 1.1060329e-05 3.8966538e-12)
(3.7377152e-06 1.1691214e-05 3.5837481e-12)
(3.5630186e-06 1.2246287e-05 3.2775435e-12)
(3.3600842e-06 1.270716e-05 2.9797633e-12)
(3.1321384e-06 1.3066146e-05 2.709322e-12)
(2.8838487e-06 1.3342248e-05 2.4655829e-12)
(2.6216549e-06 1.3543308e-05 2.2386028e-12)
(2.3550149e-06 1.3673069e-05 2.0310149e-12)
(2.0868205e-06 1.3747695e-05 1.8424742e-12)
(1.8220084e-06 1.3776811e-05 1.6701208e-12)
(1.5660731e-06 1.376544e-05 1.5096045e-12)
(1.3213901e-06 1.3666321e-05 1.3561688e-12)
(1.0861767e-06 1.3487875e-05 1.2030868e-12)
(8.6278569e-07 1.3180438e-05 1.0389172e-12)
(6.5323297e-07 1.3245061e-05 8.3719821e-13)
(4.5617256e-07 1.1810804e-05 6.5583776e-13)
(2.6655945e-07 1.3881433e-05 2.514603e-13)
(7.4732409e-08 1.1730063e-05 1.9054282e-13)
(2.6869765e-06 4.2599621e-06 -1.4971481e-12)
(2.662957e-06 4.9735876e-06 1.2603653e-12)
(2.6442764e-06 5.6642921e-06 2.8406729e-12)
(2.6292741e-06 6.3450299e-06 3.6183241e-12)
(2.6144047e-06 7.0044746e-06 3.9061074e-12)
(2.5943458e-06 7.621562e-06 3.90914e-12)
(2.5634359e-06 8.1990292e-06 3.7453683e-12)
(2.5161181e-06 8.741206e-06 3.4980858e-12)
(2.4481428e-06 9.2084551e-06 3.2265311e-12)
(2.3586523e-06 9.6200905e-06 2.957221e-12)
(2.2461558e-06 1.0002794e-05 2.6982079e-12)
(2.1125142e-06 1.03118e-05 2.4582733e-12)
(1.9602092e-06 1.0542171e-05 2.2433396e-12)
(1.7941211e-06 1.0697487e-05 2.0478849e-12)
(1.6191987e-06 1.0792907e-05 1.8661373e-12)
(1.4409601e-06 1.0847528e-05 1.6977953e-12)
(1.2615717e-06 1.0837825e-05 1.542367e-12)
(1.0883861e-06 1.0767914e-05 1.3972088e-12)
(9.2323614e-07 1.0670362e-05 1.2576281e-12)
(7.6467852e-07 1.0537162e-05 1.1173369e-12)
(6.139369e-07 1.0300298e-05 9.6529585e-13)
(4.6995944e-07 1.0374624e-05 7.78424e-13)
(3.3220475e-07 9.0764847e-06 6.1123942e-13)
(1.9171393e-07 1.121709e-05 2.2864791e-13)
(4.7313459e-08 9.1094854e-06 1.7463989e-13)
(1.3644264e-06 3.2550755e-06 -1.8783755e-12)
(1.3622972e-06 3.8144929e-06 7.1852813e-13)
(1.3689065e-06 4.3747869e-06 2.2216808e-12)
(1.3836133e-06 4.9094759e-06 3.0094376e-12)
(1.4037738e-06 5.4094025e-06 3.3488947e-12)
(1.4247753e-06 5.8736609e-06 3.4141072e-12)
(1.4411432e-06 6.3110075e-06 3.3123311e-12)
(1.4478374e-06 6.7242982e-06 3.1196621e-12)
(1.4408689e-06 7.088938e-06 2.8939383e-12)
(1.4167452e-06 7.4068758e-06 2.6637523e-12)
(1.3747443e-06 7.6859923e-06 2.4379921e-12)
(1.3147853e-06 7.9233065e-06 2.2220524e-12)
(1.2377956e-06 8.1255201e-06 2.0285745e-12)
(1.1483798e-06 8.2564104e-06 1.858044e-12)
(1.0478355e-06 8.3170577e-06 1.70068e-12)
(9.414286e-07 8.3470109e-06 1.5533641e-12)
(8.3228249e-07 8.3342838e-06 1.4159755e-12)
(7.2383352e-07 8.2744393e-06 1.2865846e-12)
(6.18466e-07 8.1862344e-06 1.1609533e-12)
(5.1845794e-07 8.0712403e-06 1.0332717e-12)
(4.2378259e-07 7.8898692e-06 8.9299015e-13)
(3.3252822e-07 7.989698e-06 7.215873e-13)
(2.4341539e-07 6.7862529e-06 5.6606399e-13)
(1.3759118e-07 8.8726026e-06 2.0481958e-13)
(2.4504025e-08 6.9097207e-06 1.6164147e-13)
(3.6124754e-07 2.4115609e-06 -2.2927426e-12)
(3.7588171e-07 2.8324938e-06 2.3250889e-13)
(4.0160613e-07 3.239754e-06 1.7311351e-12)
(4.3866482e-07 3.6279547e-06 2.5339401e-12)
(4.8479148e-07 4.0026131e-06 2.8855911e-12)
(5.3597989e-07 4.3674148e-06 2.9670732e-12)
(5.8728013e-07 4.7118983e-06 2.8991156e-12)
(6.3427168e-07 5.0241711e-06 2.7542878e-12)
(6.7266108e-07 5.2970226e-06 2.5766488e-12)
(6.9835865e-07 5.5324583e-06 2.3883841e-12)
(7.0956832e-07 5.740782e-06 2.1980441e-12)
(7.0555783e-07 5.9310741e-06 2.0112743e-12)
(6.8669122e-07 6.0696611e-06 1.8353361e-12)
(6.5602407e-07 6.157411e-06 1.6786772e-12)
(6.133271e-07 6.2109936e-06 1.5398957e-12)
(5.6169405e-07 6.2382427e-06 1.4117632e-12)
(5.0659419e-07 6.2348823e-06 1.2915461e-12)
(4.4790679e-07 6.1891234e-06 1.1772256e-12)
(3.8861176e-07 6.1213979e-06 1.0649968e-12)
(3.313831e-07 6.0325807e-06 9.4962303e-13)
(2.7724201e-07 5.8981291e-06 8.2134754e-13)
(2.2482831e-07 6.040351e-06 6.6409152e-13)
(1.7784711e-07 4.9024818e-06 5.2027905e-13)
(9.4419803e-08 6.8427865e-06 1.8059414e-13)
(-1.3324158e-09 5.1224823e-06 1.4525045e-13)
(-3.7695146e-07 1.7128231e-06 -2.658765e-12)
(-3.4678976e-07 2.0037618e-06 -1.8454352e-13)
(-3.068482e-07 2.2871282e-06 1.3016019e-12)
(-2.5397255e-07 2.5621887e-06 2.1060116e-12)
(-1.8977785e-07 2.8319996e-06 2.4702013e-12)
(-1.1758045e-07 3.0952501e-06 2.5752596e-12)
(-4.1493997e-08 3.3396788e-06 2.5428064e-12)
(3.4069399e-08 3.5616013e-06 2.4367725e-12)
(1.0464337e-07 3.7687111e-06 2.2912198e-12)
(1.6624305e-07 3.9582139e-06 2.1304644e-12)
(2.1628727e-07 4.1192122e-06 1.9691938e-12)
(2.5368587e-07 4.2498206e-06 1.8128939e-12)
(2.7863445e-07 4.3500185e-06 1.6626379e-12)
(2.9043994e-07 4.4267889e-06 1.5220413e-12)
(2.9079384e-07 4.4848765e-06 1.3942933e-12)
(2.8104856e-07 4.4966636e-06 1.2793607e-12)
(2.6493349e-07 4.4809441e-06 1.1729836e-12)
(2.428427e-07 4.4575181e-06 1.0715487e-12)
(2.1711424e-07 4.4142568e-06 9.718209e-13)
(1.8989504e-07 4.3541249e-06 8.6838443e-13)
(1.6256131e-07 4.2530669e-06 7.5223226e-13)
(1.3446257e-07 4.4659234e-06 6.0866749e-13)
(1.1009902e-07 3.3523372e-06 4.7780507e-13)
(6.9139664e-08 5.0617395e-06 1.6098719e-13)
(7.1568569e-09 3.6531589e-06 1.3216877e-13)
(-9.1833163e-07 1.1516601e-06 -2.9456935e-12)
(-8.5468871e-07 1.3210466e-06 -5.3980677e-13)
(-8.0258284e-07 1.5055652e-06 9.1510997e-13)
(-7.3844148e-07 1.6891846e-06 1.7182481e-12)
(-6.62064e-07 1.8699401e-06 2.1021885e-12)
(-5.7605238e-07 2.0464157e-06 2.2358954e-12)
(-4.8389814e-07 2.2115925e-06 2.2332709e-12)
(-3.899722e-07 2.3658058e-06 2.1550866e-12)
(-2.9837032e-07 2.5138545e-06 2.0352993e-12)
(-2.1262992e-07 2.6502849e-06 1.8995812e-12)
(-1.355704e-07 2.7655583e-06 1.762834e-12)
(-6.9205973e-08 2.8567793e-06 1.6309713e-12)
(-1.4401037e-08 2.9304056e-06 1.5037728e-12)
(2.7847166e-08 2.9920809e-06 1.381487e-12)
(5.8803672e-08 3.0385643e-06 1.2670629e-12)
(7.9855896e-08 3.0625429e-06 1.1613379e-12)
(9.0840684e-08 3.0654081e-06 1.0640944e-12)
(9.468078e-08 3.0514179e-06 9.7373514e-13)
(9.2433736e-08 3.0246281e-06 8.8512883e-13)
(8.5992235e-08 2.9853991e-06 7.9258001e-13)
(7.6866054e-08 2.9078408e-06 6.8786658e-13)
(6.6365421e-08 3.1013102e-06 5.5702736e-13)
(6.1112654e-08 2.1140094e-06 4.3774235e-13)
(6.1314324e-08 3.7514015e-06 1.4295558e-13)
(2.7028582e-08 2.4365625e-06 1.1867674e-13)
(-1.2741801e-06 7.176279e-07 -3.1563471e-12)
(-1.2003724e-06 7.892254e-07 -8.4457361e-13)
(-1.12703e-06 8.7561174e-07 5.6905534e-13)
(-1.0537394e-06 9.8466806e-07 1.3673888e-12)
(-9.696287e-07 1.0953691e-06 1.7680146e-12)
(-8.7555682e-07 1.2038845e-06 1.9296883e-12)
(-7.7469116e-07 1.3065624e-06 1.9558836e-12)
(-6.7056474e-07 1.4050166e-06 1.904981e-12)
(-5.6678242e-07 1.5002088e-06 1.8116533e-12)
(-4.6661069e-07 1.5887978e-06 1.6994993e-12)
(-3.7302131e-07 1.6674964e-06 1.5827305e-12)
(-2.884052e-07 1.7343182e-06 1.4679804e-12)
(-2.1444655e-07 1.7900317e-06 1.3570816e-12)
(-1.5195672e-07 1.8354247e-06 1.2510023e-12)
(-1.0061698e-07 1.8683762e-06 1.1512223e-12)
(-5.9994188e-08 1.8904079e-06 1.057834e-12)
(-2.9682139e-08 1.9025069e-06 9.704624e-13)
(-8.1773986e-09 1.9057373e-06 8.8765322e-13)
(5.8674584e-09 1.8988815e-06 8.0682604e-13)
(1.42589e-08 1.8763651e-06 7.233639e-13)
(1.9501717e-08 1.8159255e-06 6.2865798e-13)
(2.4760047e-08 1.998382e-06 5.090487e-13)
(5.3114275e-08 1.1265365e-06 4.0125089e-13)
(5.9764168e-08 2.7203993e-06 1.2891608e-13)
(7.3717189e-09 1.4546257e-06 1.0769906e-13)
(-1.430192e-06 3.1087712e-07 -3.3057549e-12)
(-1.3881988e-06 3.6594824e-07 -1.1114702e-12)
(-1.3091756e-06 3.872417e-07 2.6342918e-13)
(-1.2324271e-06 4.2723987e-07 1.0540988e-12)
(-1.1447451e-06 4.8378822e-07 1.4649218e-12)
(-1.047805e-06 5.386102e-07 1.650131e-12)
(-9.4399404e-07 5.9147119e-07 1.702276e-12)
(-8.3619481e-07 6.4650314e-07 1.6760708e-12)
(-7.2748271e-07 7.0006384e-07 1.607936e-12)
(-6.2095356e-07 7.5249503e-07 1.5184416e-12)
(-5.1939329e-07 8.0295569e-07 1.4203369e-12)
(-4.2528158e-07 8.490606e-07 1.3209478e-12)
(-3.4051188e-07 8.8937374e-07 1.2240644e-12)
(-2.6616836e-07 9.227943e-07 1.1316244e-12)
(-2.0267594e-07 9.486295e-07 1.0445551e-12)
(-1.5004942e-07 9.6801136e-07 9.6288137e-13)
(-1.0782771e-07 9.8126254e-07 8.8588934e-13)
(-7.514183e-08 9.8951842e-07 8.1198593e-13)
(-5.0542015e-08 9.9175747e-07 7.3917831e-13)
(-3.2425908e-08 9.8415552e-07 6.6322233e-13)
(-1.7538805e-08 9.4711415e-07 5.7601658e-13)
(-7.2635257e-09 1.1565343e-06 4.6564887e-13)
(5.8914167e-08 3.7341944e-07 3.6942429e-13)
(4.0550509e-08 1.8183957e-06 1.1992114e-13)
(-1.2393122e-08 6.929875e-07 9.9322793e-14)
(-1.4659804e-06 -1.993707e-08 -3.4535789e-12)
(-1.4395039e-06 -3.1635864e-09 -1.3366799e-12)
(-1.3814103e-06 -1.017518e-08 -3.1067302e-15)
(-1.3035384e-06 -9.6306178e-09 7.7442229e-13)
(-1.2154978e-06 6.2218337e-09 1.1937478e-12)
(-1.1199149e-06 2.1480046e-08 1.3954821e-12)
(-1.0179791e-06 3.9765156e-08 1.4661345e-12)
(-9.1192834e-07 6.1891461e-08 1.4612582e-12)
(-8.0419174e-07 8.4405578e-08 1.4148023e-12)
(-6.9754711e-07 1.1157499e-07 1.3456238e-12)
(-5.9456678e-07 1.4142792e-07 1.2656342e-12)
(-4.9769261e-07 1.6920135e-07 1.1820967e-12)
(-4.0886181e-07 1.9591815e-07 1.0994755e-12)
(-3.2939122e-07 2.2024188e-07 1.0201681e-12)
(-2.6008845e-07 2.4175368e-07 9.4486909e-13)
(-2.0127351e-07 2.60331e-07 8.7365943e-13)
(-1.526782e-07 2.7520109e-07 8.0611695e-13)
(-1.1380063e-07 2.8691631e-07 7.4090445e-13)
(-8.3540625e-08 2.9560895e-07 6.7597903e-13)
(-6.0643543e-08 2.985056e-07 6.0760064e-13)
(-4.2388358e-08 2.6703848e-07 5.2891257e-13)
(-3.2363265e-08 5.1806536e-07 4.2831918e-13)
(3.8277259e-09 -2.1177538e-07 3.4181822e-13)
(7.8286284e-09 1.0454612e-06 1.1317957e-13)
(3.4166573e-09 1.1707332e-07 9.3021448e-14)
(-1.4313741e-06 -2.4938427e-07 -3.673856e-12)
(-1.4066779e-06 -2.8858188e-07 -1.5879575e-12)
(-1.3686651e-06 -3.1507113e-07 -2.6731638e-13)
(-1.2897038e-06 -3.3653653e-07 5.1077149e-13)
(-1.2051038e-06 -3.5388029e-07 9.412084e-13)
(-1.1149537e-06 -3.6617442e-07 1.1565963e-12)
(-1.0192801e-06 -3.7307805e-07 1.243235e-12)
(-9.1929511e-07 -3.7595915e-07 1.2566945e-12)
(-8.1714818e-07 -3.730195e-07 1.2282994e-12)
(-7.1503197e-07 -3.6370597e-07 1.1770595e-12)
(-6.1549329e-07 -3.5122014e-07 1.1142993e-12)
(-5.2095512e-07 -3.3697813e-07 1.0466013e-12)
(-4.3321573e-07 -3.20733e-07 9.7851023e-13)
(-3.5371528e-07 -3.0338494e-07 9.1224036e-13)
(-2.8346006e-07 -2.854112e-07 8.4838201e-13)
(-2.2295781e-07 -2.6739007e-07 7.8725366e-13)
(-1.722403e-07 -2.5035937e-07 7.2872429e-13)
(-1.3095585e-07 -2.3458882e-07 6.7177961e-13)
(-9.8421009e-08 -2.1975691e-07 6.1451222e-13)
(-7.3851501e-08 -2.0824947e-07 5.5378476e-13)
(-5.6867265e-08 -2.3982727e-07 4.8402664e-13)
(-4.4511346e-08 1.0707368e-08 3.9286922e-13)
(-7.9445928e-08 -6.4773369e-07 3.1472942e-13)
(-3.0525916e-08 4.6342945e-07 1.0580013e-13)
(3.6669979e-08 -3.0793542e-07 8.6764547e-14)
(-1.3295979e-06 -3.9612824e-07 -3.9416762e-12)
(-1.3070645e-06 -4.628253e-07 -1.8938684e-12)
(-1.2682362e-06 -5.0851952e-07 -5.753596e-13)
(-1.2047622e-06 -5.5720581e-07 2.2711316e-13)
(-1.1327152e-06 -6.0648084e-07 6.840165e-13)
(-1.053036e-06 -6.4059461e-07 9.2006968e-13)
(-9.6709076e-07 -6.6687783e-07 1.0264658e-12)
(-8.7649292e-07 -6.8619695e-07 1.058436e-12)
(-7.8307423e-07 -6.9734855e-07 1.0474555e-12)
(-6.8890292e-07 -7.0307725e-07 1.0136329e-12)
(-5.9652922e-07 -7.0405766e-07 9.6731365e-13)
(-5.0799404e-07 -6.9919737e-07 9.1489131e-13)
(-4.2505227e-07 -6.8984787e-07 8.6076362e-13)
(-3.4921351e-07 -6.7727138e-07 8.0672435e-13)
(-2.8156558e-07 -6.621501e-07 7.5374533e-13)
(-2.2274856e-07 -6.4527671e-07 7.0245428e-13)
(-1.7304091e-07 -6.2689103e-07 6.5275075e-13)
(-1.321243e-07 -6.0800758e-07 6.0384593e-13)
(-9.965522e-08 -5.8885697e-07 5.5412064e-13)
(-7.508954e-08 -5.7137302e-07 5.0079998e-13)
(-5.9144941e-08 -5.9150609e-07 4.390013e-13)
(-4.706041e-08 -3.5175998e-07 3.5701233e-13)
(-8.4526185e-08 -9.8418618e-07 2.8786119e-13)
(-5.2519699e-08 2.4658401e-08 9.8171305e-14)
(3.2258175e-08 -5.7886509e-07 8.0307827e-14)
(-1.1941007e-06 -4.9087972e-07 -4.2083788e-12)
(-1.1708795e-06 -5.6832146e-07 -2.1937722e-12)
(-1.1200369e-06 -6.2430097e-07 -8.7968832e-13)
(-1.0743471e-06 -6.8737905e-07 -6.6903209e-14)
(-1.0175371e-06 -7.5509713e-07 4.0913149e-13)
(-9.5117941e-07 -8.1422011e-07 6.7378273e-13)
(-8.7757e-07 -8.5939825e-07 8.0843122e-13)
(-7.9854356e-07 -8.9062663e-07 8.6326505e-13)
(-7.1592942e-07 -9.120543e-07 8.7300799e-13)
(-6.3225174e-07 -9.2807336e-07 8.5744801e-13)
(-5.4942421e-07 -9.3739794e-07 8.2701843e-13)
(-4.6935664e-07 -9.3892806e-07 7.8896052e-13)
(-3.9375776e-07 -9.3528107e-07 7.4759781e-13)
(-3.2413076e-07 -9.2690911e-07 7.0491151e-13)
(-2.6159642e-07 -9.144844e-07 6.621578e-13)
(-2.0687926e-07 -8.9915253e-07 6.2013134e-13)
(-1.6032914e-07 -8.8213634e-07 5.7891094e-13)
(-1.2186884e-07 -8.6297909e-07 5.3772802e-13)
(-9.1247188e-08 -8.4164475e-07 4.9518595e-13)
(-6.8018174e-08 -8.2185896e-07 4.4894407e-13)
(-5.1973268e-08 -8.2607001e-07 3.9432065e-13)
(-4.0078086e-08 -6.086325e-07 3.2153539e-13)
(-4.985699e-08 -1.1901531e-06 2.6052125e-13)
(-3.9749264e-08 -2.3234794e-07 8.8367139e-14)
(4.0282518e-09 -7.4093803e-07 7.278244e-14)
(-1.0382262e-06 -5.4901068e-07 -4.4576225e-12)
(-1.0006388e-06 -6.2233301e-07 -2.4750104e-12)
(-9.6083683e-07 -6.844284e-07 -1.1658795e-12)
(-9.2378194e-07 -7.6202078e-07 -3.4475102e-13)
(-8.7834005e-07 -8.3512504e-07 1.479211e-13)
(-8.2476872e-07 -9.0173262e-07 4.3436347e-13)
(-7.6410379e-07 -9.5950497e-07 5.9272509e-13)
(-6.9763392e-07 -1.0052409e-06 6.7260375e-13)
(-6.2753191e-07 -1.0385272e-06 7.0537275e-13)
(-5.5570777e-07 -1.0616493e-06 7.0870964e-13)
(-4.8364513e-07 -1.0743165e-06 6.9459661e-13)
(-4.1354551e-07 -1.079767e-06 6.7038971e-13)
(-3.4687355e-07 -1.0811146e-06 6.405701e-13)
(-2.8511375e-07 -1.0767723e-06 6.0814425e-13)
(-2.2936228e-07 -1.0673639e-06 5.7470678e-13)
(-1.803759e-07 -1.0540021e-06 5.4112628e-13)
(-1.3857115e-07 -1.0375528e-06 5.076213e-13)
(-1.040391e-07 -1.0188323e-06 4.7366524e-13)
(-7.6576198e-08 -9.9839485e-07 4.3802328e-13)
(-5.5776422e-08 -9.7927199e-07 3.9857046e-13)
(-4.1108292e-08 -9.7465188e-07 3.509784e-13)
(-2.9849954e-08 -8.0084555e-07 2.8722291e-13)
(-3.0653549e-08 -1.2878714e-06 2.3357808e-13)
(-2.6208117e-08 -3.5277832e-07 7.8466803e-14)
(-3.9841304e-09 -9.2893394e-07 6.7103662e-14)
(-8.4846182e-07 -5.5790013e-07 -4.6939637e-12)
(-8.1257117e-07 -6.3261461e-07 -2.7407107e-12)
(-7.9081692e-07 -7.1440017e-07 -1.4353274e-12)
(-7.6358793e-07 -7.9481219e-07 -6.0386476e-13)
(-7.2880633e-07 -8.6938891e-07 -9.337134e-14)
(-6.8677566e-07 -9.3778911e-07 2.1284586e-13)
(-6.3813704e-07 -9.9576933e-07 3.912685e-13)
(-5.8436311e-07 -1.0440286e-06 4.9100566e-13)
(-5.2701658e-07 -1.0869131e-06 5.4322018e-13)
(-4.6727071e-07 -1.121631e-06 5.6569631e-13)
(-4.0698949e-07 -1.1374751e-06 5.6819665e-13)
(-3.4740572e-07 -1.1439513e-06 5.572178e-13)
(-2.9051653e-07 -1.1495071e-06 5.3835876e-13)
(-2.3757431e-07 -1.1475892e-06 5.1544018e-13)
(-1.8960286e-07 -1.1401674e-06 4.9050225e-13)
(-1.4737055e-07 -1.1282564e-06 4.646546e-13)
(-1.1136029e-07 -1.1118432e-06 4.3824907e-13)
(-8.1737601e-08 -1.0935904e-06 4.1097902e-13)
(-5.839401e-08 -1.0741923e-06 3.8179365e-13)
(-4.1008687e-08 -1.0547985e-06 3.4881627e-13)
(-2.9077738e-08 -1.044524e-06 3.0818992e-13)
(-2.1003914e-08 -8.9429881e-07 2.5282019e-13)
(-2.0788504e-08 -1.3082955e-06 2.0643189e-13)
(-1.796537e-08 -4.2087134e-07 6.8273611e-14)
(-6.814459e-10 -9.709327e-07 5.9542367e-14)
(-6.4799985e-07 -5.3549189e-07 -4.9307984e-12)
(-6.344966e-07 -6.2335475e-07 -3.0003494e-12)
(-6.2094231e-07 -7.1058444e-07 -1.6951113e-12)
(-6.0225105e-07 -7.9051822e-07 -8.5235207e-13)
(-5.7723976e-07 -8.6444963e-07 -3.2417378e-13)
(-5.4586347e-07 -9.305237e-07 1.2735197e-15)
(-5.0878951e-07 -9.8759094e-07 1.9881136e-13)
(-4.6711897e-07 -1.0367892e-06 3.1702508e-13)
(-4.2168214e-07 -1.077617e-06 3.8623151e-13)
(-3.7380994e-07 -1.1078256e-06 4.2388027e-13)
(-3.2506737e-07 -1.1361968e-06 4.4074889e-13)
(-2.7641922e-07 -1.1555735e-06 4.4336293e-13)
(-2.2964948e-07 -1.1588215e-06 4.3614032e-13)
(-1.8588354e-07 -1.156296e-06 4.2291532e-13)
(-1.4613113e-07 -1.1493489e-06 4.0640221e-13)
(-1.1115685e-07 -1.1374515e-06 3.8813884e-13)
(-8.1478981e-08 -1.1216541e-06 3.6866371e-13)
(-5.732581e-08 -1.1036861e-06 3.4780945e-13)
(-3.8675503e-08 -1.0836057e-06 3.2480742e-13)
(-2.5310415e-08 -1.0631518e-06 2.9813179e-13)
(-1.6839182e-08 -1.0487752e-06 2.6444066e-13)
(-1.2207877e-08 -9.1393704e-07 2.1731198e-13)
(-1.3331203e-08 -1.2722719e-06 1.7849231e-13)
(-1.1822499e-08 -4.6344728e-07 5.761478e-14)
(1.866175e-09 -9.5489248e-07 5.133049e-14)
(-4.6733416e-07 -5.0772282e-07 -5.1897873e-12)
(-4.6355718e-07 -5.9194722e-07 -3.2720714e-12)
(-4.5704422e-07 -6.7797029e-07 -1.9624291e-12)
(-4.4614536e-07 -7.5420514e-07 -1.1066267e-12)
(-4.3010011e-07 -8.236542e-07 -5.6041294e-13)
(-4.085347e-07 -8.8633001e-07 -2.1531336e-13)
(-3.8234672e-07 -9.4214599e-07 1.4399872e-15)
(-3.517818e-07 -9.8966392e-07 1.3768595e-13)
(-3.1759725e-07 -1.0289054e-06 2.2329198e-13)
(-2.8094299e-07 -1.0596317e-06 2.756163e-13)
(-2.4291199e-07 -1.0849718e-06 3.0600187e-13)
(-2.0501547e-07 -1.1026421e-06 3.2177413e-13)
(-1.6814548e-07 -1.1107711e-06 3.2682553e-13)
(-1.3345577e-07 -1.1121129e-06 3.2429472e-13)
(-1.0192566e-07 -1.1067681e-06 3.1710219e-13)
(-7.4295636e-08 -1.0945861e-06 3.0700869e-13)
(-5.1041429e-08 -1.0788428e-06 2.9485331e-13)
(-3.2496389e-08 -1.0617733e-06 2.8078393e-13)
(-1.8703059e-08 -1.0419405e-06 2.6429182e-13)
(-9.4912846e-09 -1.0202545e-06 2.441141e-13)
(-4.5313565e-09 -1.0036993e-06 2.1760375e-13)
(-2.9800552e-09 -8.8337484e-07 1.7905847e-13)
(-5.9724546e-09 -1.1955631e-06 1.4827865e-13)
(-6.4695503e-09 -4.8004792e-07 4.5011122e-14)
(3.1101934e-09 -9.0059114e-07 4.1739904e-14)
(-3.0291551e-07 -4.6578601e-07 -5.4929262e-12)
(-3.0495253e-07 -5.4223148e-07 -3.5774863e-12)
(-3.0449121e-07 -6.1848757e-07 -2.2586884e-12)
(-3.0060412e-07 -6.9040242e-07 -1.3855776e-12)
(-2.9256001e-07 -7.5210076e-07 -8.1900365e-13)
(-2.80252e-07 -8.0857441e-07 -4.532413e-13)
(-2.6372169e-07 -8.6121972e-07 -2.1630941e-13)
(-2.4316515e-07 -9.045121e-07 -6.1146821e-14)
(-2.1928446e-07 -9.4089683e-07 4.171001e-14)
(-1.9293381e-07 -9.7010581e-07 1.0992391e-13)
(-1.6507179e-07 -9.9202339e-07 1.549268e-13)
(-1.3686385e-07 -1.0069907e-06 1.8435308e-13)
(-1.0919989e-07 -1.0153282e-06 2.0259658e-13)
(-8.3074258e-08 -1.017198e-06 2.1248809e-13)
(-5.9355269e-08 -1.013536e-06 2.1636034e-13)
(-3.8735719e-08 -1.0066148e-06 2.1583535e-13)
(-2.1695881e-08 -9.9432297e-07 2.1200222e-13)
(-8.5692383e-09 -9.7709119e-07 2.0554992e-13)
(5.5261603e-10 -9.5844897e-07 1.963649e-13)
(5.789484e-09 -9.3663951e-07 1.834168e-13)
(7.4996149e-09 -9.2055162e-07 1.6485056e-13)
(6.3422968e-09 -8.1636089e-07 1.3571721e-13)
(1.4740271e-09 -1.088588e-06 1.138399e-13)
(-1.4324665e-09 -4.732755e-07 2.9312398e-14)
(3.7847459e-09 -8.3162731e-07 3.1426053e-14)
(-1.5678706e-07 -4.0954427e-07 -5.8450801e-12)
(-1.6330029e-07 -4.7468743e-07 -3.9254512e-12)
(-1.6819879e-07 -5.3948205e-07 -2.5931537e-12)
(-1.70541e-07 -6.0024219e-07 -1.6997121e-12)
(-1.6959058e-07 -6.5343817e-07 -1.1104215e-12)
(-1.6539151e-07 -7.0266802e-07 -7.2192987e-13)
(-1.5723167e-07 -7.463714e-07 -4.630352e-13)
(-1.4551117e-07 -7.8343474e-07 -2.8719882e-13)
(-1.3072886e-07 -8.1436987e-07 -1.6536312e-13)
(-1.1352823e-07 -8.391444e-07 -7.954285e-14)
(-9.4701459e-08 -8.5770142e-07 -1.816232e-14)
(-7.5137449e-08 -8.7053903e-07 2.6331314e-14)
(-5.5703447e-08 -8.7840857e-07 5.8808001e-14)
(-3.7259902e-08 -8.8114821e-07 8.2222716e-14)
(-2.057893e-08 -8.7911123e-07 9.8542537e-14)
(-6.306581e-09 -8.7319546e-07 1.0928932e-13)
(5.0494783e-09 -8.6305795e-07 1.156421e-13)
(1.3232213e-08 -8.4851376e-07 1.1832564e-13)
(1.8115801e-08 -8.3090649e-07 1.1756759e-13)
(1.9793818e-08 -8.1518901e-07 1.130225e-13)
(1.8586293e-08 -8.0424676e-07 1.0331969e-13)
(1.5076417e-08 -7.1258969e-07 8.4259953e-14)
(8.6201838e-09 -9.4251384e-07 7.1830711e-14)
(3.3922095e-09 -4.2243484e-07 6.9643441e-15)
(4.1804979e-09 -7.1908942e-07 1.6582421e-14)
(-3.3717477e-08 -3.3488701e-07 -6.2149676e-12)
(-4.4113328e-08 -3.8773046e-07 -4.2924775e-12)
(-5.3548986e-08 -4.3773959e-07 -2.9491791e-12)
(-6.1176172e-08 -4.8453116e-07 -2.0369743e-12)
(-6.637069e-08 -5.2817904e-07 -1.4249159e-12)
(-6.8575114e-08 -5.6766358e-07 -1.0128867e-12)
(-6.7478955e-08 -6.0160518e-07 -7.3085255e-13)
(-6.3222113e-08 -6.308244e-07 -5.329518e-13)
(-5.6105032e-08 -6.5520184e-07 -3.9062866e-13)
(-4.6615129e-08 -6.7461396e-07 -2.8587926e-13)
(-3.5387535e-08 -6.8942337e-07 -2.0703011e-13)
(-2.3151762e-08 -6.9956566e-07 -1.4664279e-13)
(-1.0680902e-08 -7.0513465e-07 -9.9758195e-14)
(1.259189e-09 -7.066058e-07 -6.3000236e-14)
(1.1969992e-08 -7.0433673e-07 -3.4113596e-14)
(2.0845079e-08 -6.9893822e-07 -1.1438986e-14)
(2.7417461e-08 -6.9120402e-07 6.1920998e-15)
(3.1408471e-08 -6.8060165e-07 1.9315806e-14)
(3.2709273e-08 -6.6731178e-07 2.8208167e-14)
(3.1401672e-08 -6.5443528e-07 3.2937454e-14)
(2.7727382e-08 -6.4544605e-07 3.2792474e-14)
(2.2280522e-08 -5.6966914e-07 2.4605633e-14)
(1.4739286e-08 -7.5922471e-07 2.2453753e-14)
(7.5636592e-09 -3.3242491e-07 -2.1722519e-14)
(4.2947846e-09 -5.77706e-07 -2.165955e-15)
(6.251383e-08 -2.4287646e-07 -6.467408e-12)
(4.9000295e-08 -2.8194861e-07 -4.5702547e-12)
(3.5949115e-08 -3.1548652e-07 -3.2411475e-12)
(2.4142354e-08 -3.4821725e-07 -2.3299483e-12)
(1.420018e-08 -3.8005047e-07 -1.7086795e-12)
(6.934338e-09 -4.076889e-07 -1.2816819e-12)
(2.4494905e-09 -4.3173874e-07 -9.8206002e-13)
(8.1523994e-10 -4.5221391e-07 -7.6602905e-13)
(1.8805016e-09 -4.6864095e-07 -6.061903e-13)
(5.2849109e-09 -4.8142047e-07 -4.8481205e-13)
(1.0517529e-08 -4.9149087e-07 -3.9029359e-13)
(1.6950939e-08 -4.9823474e-07 -3.1538377e-13)
(2.3918052e-08 -5.0122744e-07 -2.5519162e-13)
(3.0731426e-08 -5.0103603e-07 -2.0618595e-13)
(3.6746962e-08 -4.9803931e-07 -1.6588908e-13)
(4.1398042e-08 -4.9279724e-07 -1.3248142e-13)
(4.4238494e-08 -4.8627002e-07 -1.0470319e-13)
(4.4970564e-08 -4.7825632e-07 -8.1887294e-14)
(4.3474459e-08 -4.6860288e-07 -6.3647963e-14)
(3.9799636e-08 -4.5874984e-07 -4.9773436e-14)
(3.4185953e-08 -4.5123333e-07 -4.0554764e-14)
(2.7177364e-08 -3.9541364e-07 -3.7629421e-14)
(1.9348258e-08 -5.4396293e-07 -2.975997e-14)
(1.0696123e-08 -2.0763116e-07 -5.3517695e-14)
(3.9038771e-09 -4.0187177e-07 -2.3404241e-14)
(1.2207691e-07 -1.3355904e-07 -6.3430472e-12)
(1.0656117e-07 -1.6184003e-07 -4.5551981e-12)
(9.1074138e-08 -1.824137e-07 -3.3066281e-12)
(7.6512087e-08 -2.0039497e-07 -2.4466536e-12)
(6.3554658e-08 -2.1797052e-07 -1.8530988e-12)
(5.2816217e-08 -2.3375632e-07 -1.4376194e-12)
(4.4595645e-08 -2.4746665e-07 -1.1397978e-12)
(3.904111e-08 -2.5913433e-07 -9.2028825e-13)
(3.6081941e-08 -2.6804237e-07 -7.5411171e-13)
(3.5451442e-08 -2.7428144e-07 -6.2514011e-13)
(3.6727284e-08 -2.7752394e-07 -5.2289925e-13)
(3.9368539e-08 -2.792189e-07 -4.4001236e-13)
(4.2773309e-08 -2.8004544e-07 -3.7165267e-13)
(4.6313909e-08 -2.7900079e-07 -3.1476687e-13)
(4.9384481e-08 -2.7580852e-07 -2.6704596e-13)
(5.144816e-08 -2.7085482e-07 -2.2667326e-13)
(5.2062675e-08 -2.6530058e-07 -1.9227495e-13)
(5.0912945e-08 -2.5915262e-07 -1.6298317e-13)
(4.7840573e-08 -2.523687e-07 -1.3824521e-13)
(4.2849519e-08 -2.458181e-07 -1.1771855e-13)
(3.6143507e-08 -2.4003483e-07 -1.0139818e-13)
(2.8051682e-08 -2.0470547e-07 -8.9514709e-14)
(2.1103481e-08 -3.1196638e-07 -7.4159952e-14)
(1.2156076e-08 -6.9341988e-08 -8.0077733e-14)
(2.0273248e-09 -2.2182035e-07 -4.2019464e-14)
(1.4166059e-07 -3.4162861e-08 -5.4620689e-12)
(1.2524432e-07 -4.0498161e-08 -3.9692558e-12)
(1.0867242e-07 -5.0013374e-08 -2.9278187e-12)
(9.2809708e-08 -5.5594659e-08 -2.2091783e-12)
(7.8424359e-08 -6.0938062e-08 -1.7088311e-12)
(6.6027332e-08 -6.5152081e-08 -1.3537828e-12)
(5.6003218e-08 -6.898973e-08 -1.0952662e-12)
(4.8565185e-08 -7.2127154e-08 -9.0170112e-13)
(4.3686977e-08 -7.3614702e-08 -7.5263962e-13)
(4.1164555e-08 -7.4062065e-08 -6.3490609e-13)
(4.0634718e-08 -7.300147e-08 -5.4017152e-13)
(4.1617943e-08 -7.0522714e-08 -4.6259605e-13)
(4.3545019e-08 -6.7573793e-08 -3.9796445e-13)
(4.5822586e-08 -6.5230616e-08 -3.4332178e-13)
(4.7870314e-08 -6.244711e-08 -2.9690733e-13)
(4.9158804e-08 -5.8651065e-08 -2.5717004e-13)
(4.9243446e-08 -5.4364829e-08 -2.229738e-13)
(4.7787849e-08 -5.0129184e-08 -1.9339787e-13)
(4.4583742e-08 -4.6366283e-08 -1.6789426e-13)
(3.9556648e-08 -4.3089137e-08 -1.4602502e-13)
(3.277434e-08 -4.0364951e-08 -1.2753428e-13)
(2.4680535e-08 -1.8953405e-08 -1.120615e-13)
(1.4139268e-08 -8.5465463e-08 -9.4387592e-14)
(5.0770051e-09 5.3331158e-08 -8.8326809e-14)
(5.2371937e-09 -4.5370039e-08 -5.0540698e-14)
(1.3391203e-07 4.5849872e-08 -3.4895239e-12)
(1.1772539e-07 5.8771893e-08 -2.5535535e-12)
(1.0142213e-07 6.7210536e-08 -1.9091939e-12)
(8.5784766e-08 7.1760065e-08 -1.458637e-12)
(7.1573466e-08 7.6865441e-08 -1.1427459e-12)
(5.9312864e-08 8.2265298e-08 -9.1652169e-13)
(4.9388507e-08 8.7494115e-08 -7.5001148e-13)
(4.1994848e-08 9.2546987e-08 -6.2392141e-13)
(3.7138391e-08 9.7499206e-08 -5.2568442e-13)
(3.4640026e-08 1.0213665e-07 -4.4718134e-13)
(3.415597e-08 1.0653932e-07 -3.8343159e-13)
(3.5219719e-08 1.1087923e-07 -3.3085069e-13)
(3.7283162e-08 1.1532518e-07 -2.8690508e-13)
(3.9761154e-08 1.2004141e-07 -2.4985219e-13)
(4.2079451e-08 1.2394144e-07 -2.1835965e-13)
(4.3705676e-08 1.2594996e-07 -1.9076328e-13)
(4.4190258e-08 1.2763418e-07 -1.6677043e-13)
(4.3184801e-08 1.2896185e-07 -1.4572042e-13)
(4.0448638e-08 1.2967228e-07 -1.2766805e-13)
(3.5840521e-08 1.2973337e-07 -1.1203559e-13)
(2.928239e-08 1.2902604e-07 -9.8488105e-14)
(2.1062603e-08 1.3733848e-07 -8.6708312e-14)
(5.7454454e-09 1.0874071e-07 -7.4096129e-14)
(-1.1355609e-09 1.6041622e-07 -6.5602911e-14)
(9.4161259e-09 1.2173555e-07 -4.1215362e-14)
)
;

boundaryField
{
    Walls
    {
        type            noSlip;
    }
    Inlet
    {
        type            pressureInletVelocity;
        value           nonuniform List<vector> 3((1.4696962 -0 -0) (1.6219083 -0 -0) (1.6060041 -0 -0));
    }
    Outlet
    {
        type            pressureInletOutletVelocity;
        value           nonuniform List<vector> 
86
(
(1.827688e-07 6.0190945e-09 -1.7166346e-11)
(1.8027033e-07 1.5943683e-08 -1.4099989e-11)
(1.7314085e-07 2.1884074e-08 -9.695097e-12)
(1.6245706e-07 2.8889106e-08 -6.8010216e-12)
(1.4909249e-07 3.6006274e-08 -4.843098e-12)
(1.3391203e-07 4.5849872e-08 -3.4895239e-12)
(1.1772539e-07 5.8771893e-08 -2.5535535e-12)
(1.0142213e-07 6.7210536e-08 -1.9091939e-12)
(8.5784766e-08 7.1760065e-08 -1.458637e-12)
(7.1573466e-08 7.6865441e-08 -1.1427459e-12)
(5.9312864e-08 8.2265298e-08 -9.1652169e-13)
(4.9388507e-08 8.7494115e-08 -7.5001148e-13)
(4.1994848e-08 9.2546987e-08 -6.2392141e-13)
(3.7138391e-08 9.7499206e-08 -5.2568442e-13)
(3.4640026e-08 1.0213665e-07 -4.4718134e-13)
(3.415597e-08 1.0653932e-07 -3.8343159e-13)
(3.5219719e-08 1.1087923e-07 -3.3085069e-13)
(3.7283162e-08 1.1532518e-07 -2.8690508e-13)
(3.9761154e-08 1.2004141e-07 -2.4985219e-13)
(4.2079451e-08 1.2394144e-07 -2.1835965e-13)
(4.3705676e-08 1.2594996e-07 -1.9076328e-13)
(4.4190258e-08 1.2763418e-07 -1.6677043e-13)
(4.3184801e-08 1.2896185e-07 -1.4572042e-13)
(4.0448638e-08 1.2967228e-07 -1.2766805e-13)
(3.5840521e-08 1.2973337e-07 -1.1203559e-13)
(2.928239e-08 1.2902604e-07 -9.8488105e-14)
(2.1062603e-08 1.3733848e-07 -8.6708312e-14)
(5.7454454e-09 1.0874071e-07 -7.4096129e-14)
(-1.1355609e-09 -1.5759074e-23 0)
(9.4161259e-09 1.2173555e-07 -4.1215362e-14)
(-2.3091422e-06 0.10288628 -1.6672642e-07)
(8.5544352e-05 0.071654202 -1.5116592e-07)
(2.6796022e-05 0.021810829 -1.0915515e-07)
(0 -0.0065946325 0)
(0 -0.011269091 0)
(0 -0.0055408552 0)
(0 -0.00097743627 0)
(1.7787025e-06 0.00047731395 -1.5976236e-09)
(1.3724144e-06 0.00043121462 -6.9424723e-10)
(1.2392557e-06 0.0001423868 -2.1735072e-10)
(1.5666046e-06 1.042664e-05 -4.3509747e-11)
(1.9012079e-06 8.8873693e-06 -2.8989534e-13)
(2.0559841e-06 4.5902061e-05 6.6205304e-12)
(2.0687713e-06 7.656008e-05 4.709926e-12)
(1.9291694e-06 8.9405161e-05 1.9022069e-12)
(1.6997237e-06 8.7704984e-05 3.1967223e-13)
(1.461714e-06 7.9433406e-05 -7.8525553e-14)
(1.2358103e-06 6.9737535e-05 4.3560231e-14)
(1.0143871e-06 6.0698676e-05 2.3657328e-13)
(8.0980164e-07 5.266473e-05 3.4338781e-13)
(6.352015e-07 4.586329e-05 3.4293948e-13)
(4.8970446e-07 3.9326432e-05 3.0594137e-13)
(3.7167011e-07 3.30111e-05 2.7435511e-13)
(2.7939655e-07 2.7657755e-05 2.3527921e-13)
(2.084936e-07 2.2816235e-05 2.2088209e-13)
(1.5639573e-07 1.8586211e-05 2.0195011e-13)
(1.1280603e-07 1.4944292e-05 2.0092759e-13)
(7.4732409e-08 1.1730063e-05 1.9054282e-13)
(4.7313459e-08 9.1094854e-06 1.7463989e-13)
(2.4504025e-08 6.9097207e-06 1.6164147e-13)
(-1.3324158e-09 5.1224823e-06 1.4525045e-13)
(7.1568569e-09 3.6531589e-06 1.3216877e-13)
(2.7028582e-08 2.4365625e-06 1.1867674e-13)
(7.3717189e-09 1.4546257e-06 1.0769906e-13)
(-1.2393122e-08 6.929875e-07 9.9322793e-14)
(3.4166573e-09 1.1707332e-07 9.3021448e-14)
(0 -3.0793542e-07 0)
(0 -5.7886509e-07 0)
(0 -7.4093803e-07 0)
(0 -9.2893394e-07 0)
(0 -9.709327e-07 0)
(0 -9.5489248e-07 0)
(0 -9.0059114e-07 0)
(0 -8.3162731e-07 0)
(0 -7.1908942e-07 0)
(0 -5.77706e-07 0)
(0 -4.0187177e-07 0)
(0 -2.2182035e-07 0)
(0 -4.5370039e-08 0)
(9.4161259e-09 1.2173555e-07 -4.1215362e-14)
(0 -0.00026194748 0)
(0 -0.0040064641 0)
(0 -0.009942299 0)
(0 -0.0070372606 0)
(-1.9196649e-05 0.018688466 -1.0722796e-07)
(-8.4223893e-05 0.068168374 -1.498212e-07)
)
;
    }
    Front
    {
        type            wedge;
    }
    Back
    {
        type            wedge;
    }
    defaultFaces
    {
        type            empty;
    }
}


// ************************************************************************* //
