/*--------------------------------*- C++ -*----------------------------------*\
| =========                 |                                                 |
| \\      /  F ield         | OpenFOAM: The Open Source CFD Toolbox           |
|  \\    /   O peration     | Version:  4.0                                   |
|   \\  /    A nd           | Web:      www.OpenFOAM.org                      |
|    \\/     M anipulation  |                                                 |
\*---------------------------------------------------------------------------*/
FoamFile
{
    version     2.0;
    format      ascii;
    class       volVectorField;
    location    "0.15";
    object      U;
}
// * * * * * * * * * * * * * * * * * * * * * * * * * * * * * * * * * * * * * //

dimensions      [0 1 -1 0 0 0 0];

internalField   nonuniform List<vector> 
1740
(
(1.4446528 -0.0015475243 5.1341405e-06)
(1.4707159 -0.012472807 8.2735266e-07)
(1.5918694 -0.0059391328 3.9166803e-08)
(1.486511 -0.014772624 8.0610046e-06)
(1.4930569 -0.041405225 1.4414707e-06)
(1.6000245 -0.025677163 2.837184e-07)
(1.6006929 -0.017108831 1.0204912e-05)
(1.5382377 -0.038273367 2.3437799e-06)
(1.5072794 -0.023511174 4.4619967e-07)
(1.5989776 -0.0038912505 1.3372135e-05)
(1.5494713 -0.0037060572 3.3460714e-06)
(1.5332268 -0.0026294718 5.4406455e-07)
(1.6075308 0.00086597371 1.4928245e-05)
(1.5197653 0.011161043 4.229257e-06)
(1.5510876 0.00066703324 8.0749386e-07)
(1.585219 -0.0031012292 1.643907e-05)
(1.4982705 -0.0029438169 5.156448e-06)
(1.5274642 -0.0053099596 9.9175779e-07)
(1.5938508 -0.0030710088 1.7136947e-05)
(1.5140736 -0.0081863183 5.7809423e-06)
(1.5053361 -0.0056796612 1.1521806e-06)
(1.6140924 0.0043252787 1.7822171e-05)
(1.5303533 0.015531743 6.5853424e-06)
(1.5197545 0.0016865577 1.3662977e-06)
(1.5206759 0.00029247497 1.8626504e-05)
(1.5290419 0.013718929 7.2694151e-06)
(1.5414865 0.0035513156 1.5206039e-06)
(1.545538 -0.012789399 1.9246473e-05)
(1.5342872 -0.0091665687 7.8958255e-06)
(1.5372778 -0.0047431916 1.7826647e-06)
(1.6349287 -0.011874704 1.9670653e-05)
(1.5493842 -0.0054452728 8.574607e-06)
(1.5148137 -0.0020734155 1.9462517e-06)
(1.5735189 0.024386853 1.9804527e-05)
(1.5178209 0.03132632 9.1531704e-06)
(1.4983017 0.012962524 2.1280867e-06)
(1.4442984 0.023514174 2.0253636e-05)
(1.5286272 0.044156488 9.7091837e-06)
(1.5538644 0.02146923 2.3472091e-06)
(1.4296302 -0.011622765 2.063633e-05)
(1.5148043 -0.0011891988 1.0186153e-05)
(1.6332937 0.0051770242 2.5165787e-06)
(1.5393257 -0.018589234 2.0803551e-05)
(1.4641328 -0.032874995 1.0615008e-05)
(1.5662442 -0.01672888 2.7328838e-06)
(1.5649859 0.0047019436 2.0818321e-05)
(1.4841553 -0.025070656 1.0998919e-05)
(1.5095201 -0.020519 2.9063912e-06)
(1.5064635 -0.0016484811 2.099049e-05)
(1.5970371 -0.012030069 1.1311332e-05)
(1.507184 -0.013467514 3.0749012e-06)
(1.6172411 -0.019360654 2.137379e-05)
(1.599875 -0.0017274731 1.1895449e-05)
(1.5073214 0.0042556967 3.2731522e-06)
(1.5974494 0.0042094155 2.1628071e-05)
(1.5067655 0.015680665 1.2252403e-05)
(1.5141565 0.0093321968 3.4248348e-06)
(1.5154694 0.019945559 2.1764469e-05)
(1.5210191 0.021068088 1.2579052e-05)
(1.5075029 0.0049316981 3.6275563e-06)
(1.5012226 0.0010454256 2.2234094e-05)
(1.5536104 0.00028035585 1.299984e-05)
(1.5721638 7.7238249e-05 3.7917285e-06)
(1.554305 -0.003871093 2.2118381e-05)
(1.5188503 -0.022588335 1.327764e-05)
(1.5586527 -0.015338534 3.9738929e-06)
(1.5370708 0.0095034248 2.1783825e-05)
(1.565898 -0.015975669 1.3473912e-05)
(1.4802034 -0.015880784 4.1255663e-06)
(1.553691 0.0010757874 2.1899321e-05)
(1.6019534 0.0097773866 1.3955745e-05)
(1.4793668 0.0044108522 4.265152e-06)
(1.557033 -0.0077908534 2.243348e-05)
(1.514646 0.0086987765 1.4254259e-05)
(1.5407493 0.013395855 4.4064716e-06)
(1.5472714 -0.007486841 2.2486815e-05)
(1.4983745 -0.0089426971 1.4553882e-05)
(1.5598357 -0.0032167674 4.584272e-06)
(1.5482937 -0.0064883456 2.2466041e-05)
(1.5634238 -0.022808277 1.4795046e-05)
(1.4667877 -0.010934745 4.738227e-06)
(1.5134786 -0.0050659276 2.2745043e-05)
(1.5665645 -0.012866595 1.508901e-05)
(1.4339671 -0.0062116343 4.882296e-06)
(1.4622076 0.0088521428 2.245848e-05)
(1.5197837 0.0093616148 1.518725e-05)
(1.4114461 0.0036143478 4.9071835e-06)
(1.2582113 0.04032992 2.3646651e-05)
(1.34552 0.11560755 1.5718768e-05)
(1.3239692 0.065574776 5.5689745e-06)
(0.82001034 0.36553003 1.1807491e-05)
(0.79769514 0.93399403 9.941683e-06)
(0.72645453 1.2463988 5.4241808e-06)
(0.21429666 0.10827634 1.479618e-06)
(0.18574315 0.36133099 3.0280584e-06)
(0.077893319 0.49290019 6.9499319e-07)
(-0.03047364 -0.01418399 1.2506986e-06)
(-0.027867249 -0.028522728 1.7223536e-06)
(-0.022961439 -0.034319043 6.452248e-07)
(-0.0071544716 -0.0029117771 4.8103733e-07)
(-0.0072415397 -0.0072241732 7.9763496e-07)
(-0.007645652 -0.010418472 4.2418894e-07)
(-0.0010948839 -0.00023901678 1.4059498e-07)
(-0.0014020187 -0.00077455507 2.9937416e-07)
(-0.0020250955 -0.0015178294 1.9500875e-07)
(-0.00065051382 -4.3529848e-05 4.0538473e-08)
(-0.00077195532 -0.00017112862 1.0355893e-07)
(-0.00096042813 -0.00036904186 7.2412974e-08)
(-0.00058390371 -1.8715336e-05 9.8086737e-09)
(-0.00061156859 -3.1795153e-05 3.0003489e-08)
(-0.00063635106 -7.7450617e-05 1.8295356e-08)
(-0.00053253805 3.7675449e-06 -9.0503336e-10)
(-0.00054116653 1.2661927e-05 3.4954924e-09)
(-0.00053539398 -5.5504863e-07 -2.1404519e-09)
(-0.00049768267 -8.4973099e-06 -2.5591757e-09)
(-0.00049770903 -1.1580784e-05 -2.842258e-09)
(-0.00048463367 -3.5998978e-05 -6.0818564e-09)
(-0.0004480587 -2.4021072e-05 -1.2720287e-09)
(-0.00044428966 -5.0904891e-05 -2.0312284e-09)
(-0.0004287421 -8.702858e-05 -4.0398502e-09)
(-0.0003791982 -2.8448486e-05 -1.6756185e-10)
(-0.00037434258 -6.2935418e-05 -3.9186566e-10)
(-0.00035947631 -0.00010310723 -1.536159e-09)
(-0.00031126273 -2.3548897e-05 1.7927325e-10)
(-0.00030656612 -5.1563081e-05 2.8245895e-10)
(-0.00029298798 -8.4484455e-05 -2.5286757e-10)
(-0.00025535668 -1.66552e-05 6.5544104e-11)
(-0.00025153372 -3.8138125e-05 2.7414522e-10)
(-0.000240599 -5.886163e-05 9.4870617e-11)
(-0.00021306251 -1.165649e-05 -1.086662e-10)
(-0.00021013943 -2.6858995e-05 6.8056778e-11)
(-0.00020191774 -4.2667601e-05 6.4773645e-11)
(-0.00018249373 -9.214744e-06 -1.8643276e-10)
(-0.00018012835 -2.0144413e-05 -8.0458692e-11)
(-0.00017346346 -3.2183557e-05 -2.5401207e-11)
(-0.00015911474 -7.3769207e-06 -1.8869096e-10)
(-0.00015708966 -1.5847895e-05 -1.2807695e-10)
(-0.00015151356 -2.5229393e-05 -6.7169706e-11)
(-0.00014001766 -5.9703722e-06 -1.5527283e-10)
(-0.00013835814 -1.289212e-05 -1.1262386e-10)
(-0.00013377893 -2.0636551e-05 -6.1793567e-11)
(-0.00012423162 -4.8933455e-06 -1.1811107e-10)
(-0.00012292874 -1.0629255e-05 -8.140214e-11)
(-0.00011922078 -1.7110542e-05 -4.0392101e-11)
(-0.00011129842 -4.0160343e-06 -9.1865977e-11)
(-0.00011027676 -8.7524514e-06 -5.8550711e-11)
(-0.00010726342 -1.4092891e-05 -2.4175898e-11)
(-0.00010075471 -3.2817604e-06 -7.7791182e-11)
(-9.9948673e-05 -7.0957465e-06 -4.9376219e-11)
(-9.7476539e-05 -1.1422661e-05 -1.8855432e-11)
(-9.2175692e-05 -2.6722866e-06 -7.0239552e-11)
(-9.1535574e-05 -5.7038734e-06 -4.8339297e-11)
(-8.9485225e-05 -9.1799614e-06 -2.0080501e-11)
(-8.5163513e-05 -2.1837407e-06 -6.4842796e-11)
(-8.4655302e-05 -4.6206867e-06 -4.8737362e-11)
(-8.2937248e-05 -7.4450548e-06 -2.2615652e-11)
(-7.9323241e-05 -1.811796e-06 -5.8989291e-11)
(-7.893069e-05 -3.8066412e-06 -4.7218337e-11)
(-7.7497635e-05 -6.1496582e-06 -2.3928863e-11)
(-7.4386665e-05 -1.5694107e-06 -5.3551768e-11)
(-7.408763e-05 -3.2443147e-06 -4.4585735e-11)
(-7.2896331e-05 -5.2143346e-06 -2.4019705e-11)
(-7.0275544e-05 -1.391749e-06 -4.9206779e-11)
(-7.0032539e-05 -2.9354663e-06 -4.1923955e-11)
(-6.8996535e-05 -4.7053578e-06 -2.3397971e-11)
(-6.6811215e-05 -1.1879828e-06 -4.6090253e-11)
(-6.660992e-05 -2.4830752e-06 -3.9707239e-11)
(-6.5684678e-05 -4.0317117e-06 -2.2795539e-11)
(-6.3715464e-05 -1.0574124e-06 -4.2465779e-11)
(-6.3562262e-05 -2.2112818e-06 -3.6994459e-11)
(-6.2761232e-05 -3.5986191e-06 -2.206634e-11)
(-6.0872624e-05 -9.6932937e-07 -3.9919949e-11)
(-6.0760535e-05 -2.0408752e-06 -3.4777788e-11)
(-6.0067827e-05 -3.328509e-06 -2.0938878e-11)
(-5.8247008e-05 -9.0108196e-07 -3.8359754e-11)
(-5.8163597e-05 -1.8967104e-06 -3.359664e-11)
(-5.7550304e-05 -3.0992697e-06 -2.0528285e-11)
(-5.5784742e-05 -8.5159539e-07 -3.6856994e-11)
(-5.5723623e-05 -1.7962192e-06 -3.2308014e-11)
(-5.5175709e-05 -2.9319532e-06 -2.0142743e-11)
(-5.3444854e-05 -8.1349251e-07 -3.5648485e-11)
(-5.3401355e-05 -1.7226048e-06 -3.1196882e-11)
(-5.2907877e-05 -2.8104629e-06 -1.9803916e-11)
(-5.1198554e-05 -7.8181213e-07 -3.4910117e-11)
(-5.1168869e-05 -1.6638525e-06 -3.0437832e-11)
(-5.072102e-05 -2.7180368e-06 -1.9587355e-11)
(-4.9027539e-05 -7.5532062e-07 -3.4130958e-11)
(-4.9008577e-05 -1.6166761e-06 -2.9395103e-11)
(-4.8599274e-05 -2.6396719e-06 -1.9237855e-11)
(-4.6922008e-05 -7.3203748e-07 -3.3244431e-11)
(-4.6911317e-05 -1.5756481e-06 -2.8061936e-11)
(-4.6534912e-05 -2.5722261e-06 -1.8552718e-11)
(-4.4878769e-05 -7.1003527e-07 -3.2439455e-11)
(-4.4874427e-05 -1.5374159e-06 -2.6851594e-11)
(-4.4526412e-05 -2.5095373e-06 -1.7866139e-11)
(-4.2899786e-05 -6.8382213e-07 -3.2067017e-11)
(-4.2900261e-05 -1.4909142e-06 -2.6064267e-11)
(-4.2576966e-05 -2.437845e-06 -1.7434657e-11)
(-4.0990805e-05 -6.5727279e-07 -3.1637818e-11)
(-4.0994868e-05 -1.4394794e-06 -2.5399942e-11)
(-4.0693254e-05 -2.3528937e-06 -1.7173813e-11)
(-3.9160133e-05 -6.2756716e-07 -3.1279108e-11)
(-3.9166844e-05 -1.3796943e-06 -2.4821472e-11)
(-3.8884396e-05 -2.2542048e-06 -1.6971393e-11)
(-3.741774e-05 -5.9385e-07 -3.1016785e-11)
(-3.7426391e-05 -1.3101268e-06 -2.4329961e-11)
(-3.7160989e-05 -2.1401747e-06 -1.6806947e-11)
(-3.5774469e-05 -5.5635725e-07 -3.0820374e-11)
(-3.5784507e-05 -1.2311992e-06 -2.3914502e-11)
(-3.5534296e-05 -2.0111989e-06 -1.6676978e-11)
(-3.4241352e-05 -5.1527682e-07 -3.0672225e-11)
(-3.4252326e-05 -1.1434729e-06 -2.3563878e-11)
(-3.4015626e-05 -1.8683904e-06 -1.6575863e-11)
(-3.2829208e-05 -4.7070868e-07 -3.056553e-11)
(-3.2840709e-05 -1.0472436e-06 -2.3282151e-11)
(-3.2615973e-05 -1.7114912e-06 -1.6527446e-11)
(-3.1548673e-05 -4.2257706e-07 -3.0514625e-11)
(-3.1560379e-05 -9.4190068e-07 -2.3113538e-11)
(-3.1346348e-05 -1.5375238e-06 -1.6605204e-11)
(-3.041066e-05 -3.7096606e-07 -3.0583792e-11)
(-3.0422307e-05 -8.2868065e-07 -2.3109498e-11)
(-3.021825e-05 -1.3538453e-06 -1.6757184e-11)
(-2.9427904e-05 -3.1645916e-07 -3.0700401e-11)
(-2.9440517e-05 -7.0964716e-07 -2.3204013e-11)
(-2.9249285e-05 -1.1612294e-06 -1.6985731e-11)
(-2.8617326e-05 -2.6061395e-07 -3.0893618e-11)
(-2.8636217e-05 -5.8927692e-07 -2.3412483e-11)
(-2.84503e-05 -9.6626807e-07 -1.7283958e-11)
(-2.7976082e-05 -2.0978696e-07 -3.1122112e-11)
(-2.7989034e-05 -4.5960762e-07 -2.3597643e-11)
(-2.7802114e-05 -7.4353864e-07 -1.7452306e-11)
(-2.7478426e-05 -1.3920788e-07 -3.1280446e-11)
(-2.7489973e-05 -3.1377808e-07 -2.3408318e-11)
(-2.7302659e-05 -5.1311226e-07 -1.7044186e-11)
(-2.7155616e-05 -8.0188521e-08 -3.0994299e-11)
(-2.717063e-05 -1.6837963e-07 -2.1980063e-11)
(-2.6986392e-05 -2.7254351e-07 -1.5244055e-11)
(-2.6996827e-05 -1.7985265e-08 -2.8121701e-11)
(-2.7004616e-05 -3.498972e-08 -1.7014028e-11)
(-2.6826625e-05 -5.9061635e-08 -1.0602944e-11)
(-0.048175442 1.9359127 -3.4854628e-07)
(-0.033345887 1.6851162 -3.4315219e-06)
(-0.064643975 0.33417659 -2.4603167e-07)
(-0.044101004 0.14716965 -9.9341769e-07)
(-0.017526978 -0.043163652 -1.1788864e-07)
(-0.012985763 -0.045456609 -5.3803434e-07)
(-0.0069247671 -0.013959557 6.782044e-09)
(-0.0059429686 -0.015860846 -2.7417528e-07)
(-0.0020988685 -0.0026819835 6.8662598e-09)
(-0.0018667514 -0.003787953 -1.5416109e-07)
(-0.00092378301 -0.00062291164 -1.0563486e-08)
(-0.00072779207 -0.00094603744 -9.6269565e-08)
(-0.00057466556 -0.0001383843 -1.9441304e-08)
(-0.00044698102 -0.00017109653 -6.3643269e-08)
(-0.00048123374 -8.39434e-06 -1.953552e-08)
(-0.00038426535 1.3472502e-05 -4.1681301e-08)
(-0.00044347704 -5.7447688e-05 -1.4294571e-08)
(-0.00037410311 -6.2628096e-05 -2.5038839e-08)
(-0.00039662621 -0.00012352925 -8.0359536e-09)
(-0.0003471548 -0.00015080764 -1.3145024e-08)
(-0.00033409859 -0.00014056209 -3.4957879e-09)
(-0.00029788985 -0.00017007067 -5.8778831e-09)
(-0.00027274698 -0.00011495636 -1.1539813e-09)
(-0.00024571008 -0.00013876561 -2.212822e-09)
(-0.00022459597 -7.9657312e-05 -2.6827241e-10)
(-0.00020420169 -9.9185307e-05 -7.010929e-10)
(-0.00018938332 -5.6344885e-05 -4.5961865e-11)
(-0.00017336447 -6.8232486e-05 -1.9986944e-10)
(-0.0001633109 -4.1058595e-05 -3.252385e-11)
(-0.00015030884 -4.9285206e-05 -6.9667826e-11)
(-0.0001432082 -3.2561104e-05 -4.1575397e-11)
(-0.00013260367 -3.9217647e-05 -3.6578866e-11)
(-0.00012702424 -2.7015081e-05 -3.3106013e-11)
(-0.00011840655 -3.204797e-05 -1.7812601e-11)
(-0.00011373526 -2.2647057e-05 -1.6744754e-11)
(-0.0001067173 -2.69653e-05 -2.1090879e-12)
(-0.00010278786 -1.8970815e-05 -4.7121965e-12)
(-9.7040136e-05 -2.2352217e-05 7.4030515e-12)
(-9.3795723e-05 -1.5336797e-05 -1.4269815e-12)
(-8.9056272e-05 -1.8215683e-05 9.7960464e-12)
(-8.6427219e-05 -1.2295734e-05 -3.3065191e-12)
(-8.2483606e-05 -1.4778135e-05 7.6404152e-12)
(-8.0371653e-05 -1.0031014e-05 -6.4406081e-12)
(-7.7061739e-05 -1.2199087e-05 4.2227409e-12)
(-7.5344779e-05 -8.3133147e-06 -9.0010036e-12)
(-7.2549079e-05 -1.0145595e-05 1.1008363e-12)
(-7.1090759e-05 -7.017054e-06 -1.0504777e-11)
(-6.8725226e-05 -8.554334e-06 -1.0834818e-12)
(-6.7435818e-05 -6.1667336e-06 -1.1124389e-11)
(-6.5416531e-05 -7.4230136e-06 -2.4649919e-12)
(-6.4301368e-05 -5.5015628e-06 -1.1531244e-11)
(-6.2525142e-05 -6.7507772e-06 -3.5071752e-12)
(-6.1550599e-05 -4.8728523e-06 -1.1887576e-11)
(-5.9968073e-05 -6.0196932e-06 -4.3924092e-12)
(-5.9010289e-05 -4.4888819e-06 -1.1754232e-11)
(-5.7619455e-05 -5.5497818e-06 -4.9739381e-12)
(-5.6612434e-05 -4.2202083e-06 -1.1736176e-11)
(-5.5383545e-05 -5.2457122e-06 -5.3526869e-12)
(-5.4335449e-05 -4.0046492e-06 -1.1821669e-11)
(-5.3231627e-05 -5.0102609e-06 -5.6913676e-12)
(-5.2148459e-05 -3.8440384e-06 -1.1937797e-11)
(-5.1148549e-05 -4.8203797e-06 -6.1115799e-12)
(-5.0029402e-05 -3.7289172e-06 -1.2057171e-11)
(-4.9116847e-05 -4.686986e-06 -6.4874738e-12)
(-4.7965114e-05 -3.6272377e-06 -1.2148198e-11)
(-4.712681e-05 -4.5730378e-06 -6.8204599e-12)
(-4.5949967e-05 -3.5389971e-06 -1.1955993e-11)
(-4.5175445e-05 -4.4738517e-06 -6.9538325e-12)
(-4.3984089e-05 -3.4565478e-06 -1.1654728e-11)
(-4.3264929e-05 -4.3728044e-06 -6.945946e-12)
(-4.2071927e-05 -3.3630823e-06 -1.1488458e-11)
(-4.1401323e-05 -4.2608043e-06 -6.9800404e-12)
(-4.0221086e-05 -3.2485954e-06 -1.1475523e-11)
(-3.9593416e-05 -4.1210638e-06 -7.1270478e-12)
(-3.8441407e-05 -3.1134314e-06 -1.1516897e-11)
(-3.7851953e-05 -3.9521875e-06 -7.3257798e-12)
(-3.6744054e-05 -2.9570102e-06 -1.157269e-11)
(-3.6188813e-05 -3.7555777e-06 -7.5301121e-12)
(-3.5140673e-05 -2.7805465e-06 -1.16321e-11)
(-3.4616141e-05 -3.5339443e-06 -7.7203174e-12)
(-3.3642858e-05 -2.5844985e-06 -1.1703352e-11)
(-3.3145964e-05 -3.2852343e-06 -7.9146478e-12)
(-3.2262033e-05 -2.3669613e-06 -1.1822374e-11)
(-3.1790191e-05 -3.006573e-06 -8.1464332e-12)
(-3.1009321e-05 -2.1267789e-06 -1.2031414e-11)
(-3.0560215e-05 -2.7052002e-06 -8.4127413e-12)
(-2.9896686e-05 -1.8746978e-06 -1.2274918e-11)
(-2.946989e-05 -2.3870816e-06 -8.7070433e-12)
(-2.8947027e-05 -1.6108817e-06 -1.2577143e-11)
(-2.8540909e-05 -2.0570892e-06 -9.0489344e-12)
(-2.8154316e-05 -1.3357255e-06 -1.2911636e-11)
(-2.7755343e-05 -1.6945782e-06 -9.4025766e-12)
(-2.7504512e-05 -1.0263628e-06 -1.3076165e-11)
(-2.710377e-05 -1.3018006e-06 -9.5956935e-12)
(-2.7005645e-05 -7.033335e-07 -1.2654745e-11)
(-2.6608518e-05 -8.8466973e-07 -9.287863e-12)
(-2.6695286e-05 -3.7673892e-07 -1.1011213e-11)
(-2.631051e-05 -4.7913017e-07 -7.9913648e-12)
(-2.6547203e-05 -8.2952924e-08 -7.2734497e-12)
(-2.6174325e-05 -1.0676283e-07 -5.1577381e-12)
(0.0028596039 -3.7548852e-05 -4.4206839e-08)
(0.002750075 -0.0001562749 -1.0331379e-07)
(0.0025495914 -0.00019323528 -1.4324632e-07)
(0.0023153762 -0.00024515938 -1.6593315e-07)
(0.0020771566 -0.0002666665 -1.7497361e-07)
(0.0018497903 -0.00029634288 -1.7438887e-07)
(0.001643209 -0.00032596176 -1.6775713e-07)
(0.0014620275 -0.00036503502 -1.5778886e-07)
(0.001306271 -0.00041407705 -1.4626523e-07)
(0.0011726206 -0.00047234153 -1.3430126e-07)
(0.001057862 -0.00053802039 -1.2260249e-07)
(0.00095785619 -0.00060512716 -1.115031e-07)
(0.00086851213 -0.00066822353 -1.0108954e-07)
(0.00078646928 -0.0007241377 -9.1289191e-08)
(0.00070920034 -0.00077284607 -8.2001723e-08)
(0.0006351776 -0.00081527435 -7.3160744e-08)
(0.00056344227 -0.00085148391 -6.4738426e-08)
(0.00049333453 -0.00088133337 -5.6724144e-08)
(0.00042421853 -0.00090476291 -4.9074168e-08)
(0.00035605127 -0.00092113562 -4.1785111e-08)
(0.00028882396 -0.00092939684 -3.4831407e-08)
(0.00022259424 -0.00092976024 -2.8019775e-08)
(0.00015747235 -0.00092430815 -2.1112455e-08)
(9.3475497e-05 -0.00090513 -1.3899853e-08)
(3.0215001e-05 -0.00086972916 -6.3736459e-09)
(0.00034736482 -0.00017671741 -6.1012193e-08)
(0.00032586833 -0.00063045112 -1.3997656e-07)
(0.00030796608 -0.00089374971 -1.8977943e-07)
(0.00030123584 -0.0012322549 -2.1433434e-07)
(0.00031085553 -0.0014932593 -2.2070544e-07)
(0.00033517949 -0.0017794503 -2.1626158e-07)
(0.00036673029 -0.0020640807 -2.0598408e-07)
(0.00039612417 -0.0023668177 -1.9296947e-07)
(0.00041416762 -0.0026873595 -1.7886625e-07)
(0.00042165464 -0.0029989989 -1.6464176e-07)
(0.00041732307 -0.0032955786 -1.5105071e-07)
(0.00040303283 -0.0035757104 -1.3836985e-07)
(0.00038169834 -0.0038366121 -1.2662154e-07)
(0.00035600972 -0.0040755292 -1.1560893e-07)
(0.00032793659 -0.0042902121 -1.0515415e-07)
(0.00029796756 -0.0044778475 -9.5158333e-08)
(0.00026642624 -0.0046373499 -8.5580438e-08)
(0.00023375028 -0.0047713488 -7.6407369e-08)
(0.00020062721 -0.0048829174 -6.7465214e-08)
(0.00016733673 -0.0049627764 -5.8742455e-08)
(0.00013426324 -0.004998962 -5.0264065e-08)
(0.00010178177 -0.00499197 -4.1545311e-08)
(7.0228362e-05 -0.004946233 -3.2150205e-08)
(3.9815168e-05 -0.0048463023 -2.1357529e-08)
(1.1175422e-05 -0.0046288847 -9.190245e-09)
(0.001286877 -0.00039784056 -1.0088938e-07)
(0.001260935 -0.001713447 -2.222459e-07)
(0.0012591861 -0.002312956 -2.8845364e-07)
(0.001292235 -0.0032611017 -3.1093407e-07)
(0.0013351296 -0.0040310351 -3.0861313e-07)
(0.0013667922 -0.0048331388 -2.9524803e-07)
(0.0013739358 -0.0056234328 -2.7733089e-07)
(0.0013532743 -0.0065553446 -2.5839412e-07)
(0.0013110695 -0.0076042317 -2.3935184e-07)
(0.0012509104 -0.0085771202 -2.2064956e-07)
(0.0011776781 -0.0094237688 -2.0342231e-07)
(0.0010963011 -0.010138712 -1.8774343e-07)
(0.0010103631 -0.01072607 -1.7357608e-07)
(0.00092172811 -0.011191608 -1.6038576e-07)
(0.00083112995 -0.011544753 -1.4784185e-07)
(0.00074003596 -0.011790721 -1.3580013e-07)
(0.00064970178 -0.011935671 -1.2422236e-07)
(0.00056102755 -0.011983005 -1.131938e-07)
(0.00047495906 -0.01193965 -1.0211631e-07)
(0.00039175772 -0.011823597 -9.1173479e-08)
(0.00031172101 -0.011654257 -8.0164212e-08)
(0.00023524554 -0.011442639 -6.8601603e-08)
(0.00016245437 -0.011197782 -5.5611863e-08)
(9.3272897e-05 -0.010886962 -3.9505797e-08)
(2.8614119e-05 -0.010454887 -1.9535151e-08)
(0.0039887775 -0.0011429078 -1.8521106e-07)
(0.0039281006 -0.0049445311 -3.7467845e-07)
(0.0038349386 -0.0063512918 -4.5195098e-07)
(0.003643715 -0.0096532748 -4.5871485e-07)
(0.003424525 -0.012611696 -4.3777801e-07)
(0.0031609594 -0.01523559 -4.0950673e-07)
(0.0028773615 -0.017104755 -3.7980563e-07)
(0.0025884732 -0.018121339 -3.5366161e-07)
(0.0023116289 -0.018443315 -3.2876755e-07)
(0.0020490254 -0.018339672 -3.0343803e-07)
(0.0018047252 -0.017917181 -2.8096155e-07)
(0.0015830047 -0.017292029 -2.607385e-07)
(0.0013799635 -0.016512547 -2.4318293e-07)
(0.0011871896 -0.015605388 -2.2681705e-07)
(0.0010112791 -0.014628581 -2.1112787e-07)
(0.00085425672 -0.013628449 -1.9603207e-07)
(0.00071537988 -0.012640914 -1.8142449e-07)
(0.00059310269 -0.011696278 -1.6713876e-07)
(0.00048541138 -0.010816368 -1.5322258e-07)
(0.00039035762 -0.01001822 -1.3945933e-07)
(0.00030589233 -0.0093150955 -1.2559698e-07)
(0.00022979159 -0.0087118366 -1.1116782e-07)
(0.0001602218 -0.0082113492 -9.5261409e-08)
(9.5570886e-05 -0.0077660201 -7.6110749e-08)
(3.4533395e-05 -0.0074081368 -4.8175928e-08)
(0.012102673 -0.0088501205 -3.7462091e-07)
(0.0096561705 -0.025989319 -6.3506678e-07)
(0.0083729779 -0.028641263 -6.9219374e-07)
(0.0065622369 -0.033018727 -6.7044256e-07)
(0.00509445 -0.030553425 -6.2622471e-07)
(0.0038215048 -0.026801154 -5.7731008e-07)
(0.0027621804 -0.022092144 -5.3066508e-07)
(0.0019182046 -0.017130252 -4.8761221e-07)
(0.0012579118 -0.012161961 -4.5069242e-07)
(0.00074826463 -0.0075496777 -4.169702e-07)
(0.00036144784 -0.0033767315 -3.8655945e-07)
(7.3358708e-05 0.00023053911 -3.5812922e-07)
(-0.00013283876 0.0034432098 -3.3571339e-07)
(-0.0002706542 0.0065373888 -3.1441782e-07)
(-0.00035797484 0.0094112938 -2.9367894e-07)
(-0.00040418661 0.011913234 -2.7383887e-07)
(-0.00041823652 0.01400084 -2.5477612e-07)
(-0.00040739983 0.015688421 -2.3632935e-07)
(-0.00037749772 0.017003388 -2.1839178e-07)
(-0.00033328236 0.017975924 -2.0081946e-07)
(-0.00027878558 0.018633066 -1.8343073e-07)
(-0.00021768171 0.019005437 -1.6589488e-07)
(-0.00015259501 0.019091783 -1.4745114e-07)
(-8.6378167e-05 0.018972079 -1.3071878e-07)
(-1.9573435e-05 0.01828643 -1.1468567e-07)
(0.015478239 0.022921749 -7.6299727e-07)
(0.0042406679 -0.0023209189 -1.0672005e-06)
(0.0012977385 0.047283435 -1.0615151e-06)
(-0.00070382461 0.050090498 -9.8359926e-07)
(-0.0024077472 0.064476883 -9.0481405e-07)
(-0.0036643851 0.074897363 -8.1810493e-07)
(-0.0043678764 0.082166043 -7.4024159e-07)
(-0.0045990475 0.088249675 -6.7218713e-07)
(-0.0045387241 0.092749042 -6.124137e-07)
(-0.004328914 0.095568815 -5.6041446e-07)
(-0.0040441753 0.097165758 -5.1566747e-07)
(-0.0037024365 0.097707855 -4.6845982e-07)
(-0.0033535237 0.09751213 -4.4086371e-07)
(-0.003015191 0.096374489 -4.1101542e-07)
(-0.0026722544 0.094303637 -3.812469e-07)
(-0.0023367653 0.091918718 -3.5425204e-07)
(-0.0020195982 0.089327954 -3.2900287e-07)
(-0.0017221897 0.086616318 -3.0503886e-07)
(-0.0014443354 0.083857819 -2.8209271e-07)
(-0.0011848215 0.081111089 -2.5997445e-07)
(-0.00094177428 0.078411036 -2.3852779e-07)
(-0.00071288596 0.075804205 -2.1756326e-07)
(-0.00049562903 0.073244468 -1.9687027e-07)
(-0.00028846088 0.07097928 -1.7696083e-07)
(-8.576319e-05 0.067451301 -1.5777751e-07)
(-0.00096690712 1.1673795 -2.5058028e-06)
(-0.00047287177 0.95782098 -1.9896008e-06)
(-0.00089934165 0.86318392 -1.6115547e-06)
(-0.00065715771 0.7715339 -1.3215585e-06)
(-0.00059598797 0.67618086 -1.1031869e-06)
(-0.00053310993 0.58535657 -9.415811e-07)
(-0.00046424043 0.50733686 -8.2087048e-07)
(-0.00039919332 0.44388693 -7.3077026e-07)
(-0.00034073038 0.39154256 -6.5772705e-07)
(-0.00028731059 0.3468675 -6.0071338e-07)
(-0.00023951304 0.30831195 -5.5474642e-07)
(-0.00019665097 0.27514418 -5.1267749e-07)
(-0.00015851572 0.24678746 -4.7619986e-07)
(-0.00013150717 0.22253267 -4.435438e-07)
(-0.00010877251 0.20170695 -4.1358084e-07)
(-9.0206147e-05 0.18383151 -3.8564592e-07)
(-7.4810348e-05 0.16848318 -3.5913234e-07)
(-6.1802367e-05 0.15529922 -3.3368537e-07)
(-5.0530329e-05 0.143975 -3.0912876e-07)
(-4.0683006e-05 0.13426086 -2.8536274e-07)
(-3.194478e-05 0.12593474 -2.6231713e-07)
(-2.3978907e-05 0.11886264 -2.3986129e-07)
(-1.6531711e-05 0.11276071 -2.1807254e-07)
(-9.5181665e-06 0.10802371 -1.969546e-07)
(-2.7270001e-06 0.10191632 -1.7459873e-07)
(-0.013403274 0.087379401 -1.1926107e-06)
(-0.0029081479 0.096084395 -1.2254949e-06)
(-0.00041004193 0.10255 -1.1752679e-06)
(0.001356869 0.10454496 -1.0823912e-06)
(0.0028837956 0.10694853 -9.7886961e-07)
(0.004009182 0.10884999 -8.7842643e-07)
(0.0046226904 0.11064166 -7.8853549e-07)
(0.0047886299 0.11228801 -7.1094032e-07)
(0.004681159 0.11317363 -6.2791039e-07)
(0.0044145669 0.11329565 -5.8136889e-07)
(0.0041064912 0.11266062 -5.3847227e-07)
(0.0037788046 0.11110052 -4.9211742e-07)
(0.0034123145 0.10871247 -4.5262764e-07)
(0.0030451932 0.10578047 -4.1815536e-07)
(0.002689587 0.10257667 -3.8731124e-07)
(0.0023507384 0.099234727 -3.5913008e-07)
(0.0020309798 0.095839548 -3.3294989e-07)
(0.0017304163 0.092459559 -3.0830822e-07)
(0.0014498931 0.089147179 -2.8487433e-07)
(0.0011881162 0.085941003 -2.6239676e-07)
(0.00094332614 0.082861077 -2.4064855e-07)
(0.00071348044 0.079941632 -2.1931458e-07)
(0.00049599858 0.077126079 -1.9901239e-07)
(0.00028896435 0.074669311 -1.7880801e-07)
(8.6348362e-05 0.070917215 -1.5905705e-07)
(-0.010067493 -0.042858058 -7.4842581e-07)
(-0.0083612082 -0.040403725 -8.0780277e-07)
(-0.0068143331 -0.038396141 -7.93018e-07)
(-0.0053473439 -0.034789986 -7.474683e-07)
(-0.0040094847 -0.029727427 -6.9083762e-07)
(-0.0028641457 -0.02402742 -6.3109274e-07)
(-0.0019274578 -0.018175923 -5.7651036e-07)
(-0.0011934235 -0.012478043 -5.2674753e-07)
(-0.00063106732 -0.007378721 -4.7998291e-07)
(-0.00021070107 -0.0028530566 -4.4507393e-07)
(9.7830432e-05 0.0010193528 -4.1265361e-07)
(0.00031645618 0.0047266537 -3.8205946e-07)
(0.0004595832 0.0082580421 -3.5419775e-07)
(0.00054683765 0.011435095 -3.2878246e-07)
(0.00058984333 0.014174221 -3.0534026e-07)
(0.0005981093 0.016469916 -2.8341346e-07)
(0.00057979827 0.018340916 -2.6275274e-07)
(0.00054203495 0.019825857 -2.4306867e-07)
(0.00048850779 0.020963805 -2.2412503e-07)
(0.0004234364 0.02177834 -2.0569634e-07)
(0.00035018189 0.022291347 -1.8745794e-07)
(0.00027127653 0.022523717 -1.6861653e-07)
(0.00018969636 0.022490649 -1.5223065e-07)
(0.00010784881 0.022246021 -1.3350147e-07)
(2.6015643e-05 0.021402652 -1.1652992e-07)
(-0.0053026016 -0.01743855 -4.3428169e-07)
(-0.004885262 -0.019820997 -5.0181367e-07)
(-0.0045283064 -0.022413809 -5.1274492e-07)
(-0.0041545712 -0.024286634 -4.9560655e-07)
(-0.0037458403 -0.025448843 -4.6806335e-07)
(-0.0033349722 -0.025791583 -4.3899316e-07)
(-0.0029537344 -0.025493323 -4.0354006e-07)
(-0.0026008895 -0.024761664 -3.7058141e-07)
(-0.0022790932 -0.02377682 -3.408495e-07)
(-0.0019890454 -0.022600311 -3.1579837e-07)
(-0.0017287842 -0.021317408 -2.9299124e-07)
(-0.0014904818 -0.019916357 -2.7183645e-07)
(-0.0012729569 -0.018458409 -2.5229887e-07)
(-0.0010810928 -0.016995371 -2.342205e-07)
(-0.00091327989 -0.015559848 -2.1731623e-07)
(-0.00076674407 -0.01418406 -2.0110181e-07)
(-0.00063882232 -0.012891209 -1.8581028e-07)
(-0.00052626663 -0.011707748 -1.7108744e-07)
(-0.00042822878 -0.01065484 -1.5673521e-07)
(-0.00034249549 -0.0097333704 -1.4256039e-07)
(-0.00026708947 -0.0089418673 -1.2828219e-07)
(-0.0002001313 -0.0082785015 -1.1348159e-07)
(-0.00013984903 -0.0077375418 -9.7872536e-08)
(-8.433944e-05 -0.0072722805 -7.8046179e-08)
(-3.1718088e-05 -0.0069184081 -4.9457189e-08)
(-0.0017632152 -0.0047806994 -2.6201243e-07)
(-0.0017483765 -0.005658349 -3.192184e-07)
(-0.0017787058 -0.0065512537 -3.3879574e-07)
(-0.0018190098 -0.007431819 -3.3598121e-07)
(-0.0018380355 -0.0083241903 -3.2159835e-07)
(-0.0018161237 -0.0093785452 -3.0187314e-07)
(-0.0017573607 -0.010523897 -2.7874224e-07)
(-0.0016725971 -0.011517865 -2.5616781e-07)
(-0.0015711545 -0.012352073 -2.3555944e-07)
(-0.0014596495 -0.013027393 -2.1731061e-07)
(-0.001343655 -0.013563471 -2.0074422e-07)
(-0.0012274771 -0.013966108 -1.8546196e-07)
(-0.0011128284 -0.014248953 -1.712622e-07)
(-0.0010005274 -0.01440976 -1.5818232e-07)
(-0.00089146555 -0.014439006 -1.4606338e-07)
(-0.00078620626 -0.014362648 -1.3446245e-07)
(-0.00068548635 -0.014215841 -1.231273e-07)
(-0.00059012383 -0.014018951 -1.1211622e-07)
(-0.00049884862 -0.013782961 -1.0134137e-07)
(-0.00041152141 -0.01351489 -9.0681044e-08)
(-0.00032793123 -0.013220522 -7.9875594e-08)
(-0.00024792311 -0.012906282 -6.8463555e-08)
(-0.00017142611 -0.012576386 -5.5662767e-08)
(-9.8504592e-05 -0.012186779 -3.9412342e-08)
(-3.0437881e-05 -0.011689761 -1.9542567e-08)
(-0.00052504438 -0.0012812307 -1.6187157e-07)
(-0.00041712011 -0.0015816514 -2.0193845e-07)
(-0.00038645718 -0.0019252909 -2.1974938e-07)
(-0.00041492939 -0.0022968216 -2.221345e-07)
(-0.00048311995 -0.0026814092 -2.1518587e-07)
(-0.00055151351 -0.0031055902 -2.0314597e-07)
(-0.00059786663 -0.003551904 -1.8849121e-07)
(-0.00061956828 -0.00397559 -1.7343984e-07)
(-0.00062269827 -0.0043680625 -1.5916823e-07)
(-0.00060992369 -0.004720545 -1.4609234e-07)
(-0.00058788594 -0.005034393 -1.3409606e-07)
(-0.00055908906 -0.0053127717 -1.2300147e-07)
(-0.00052451979 -0.0055612061 -1.1268132e-07)
(-0.00048556634 -0.0057898397 -1.0306762e-07)
(-0.00044385218 -0.0060172515 -9.4073501e-08)
(-0.00040042477 -0.0062328244 -8.5488687e-08)
(-0.00035592131 -0.0064072668 -7.719623e-08)
(-0.00031097714 -0.0065348952 -6.9169255e-08)
(-0.0002660038 -0.0066149332 -6.1356917e-08)
(-0.00022141575 -0.0066471704 -5.3786931e-08)
(-0.00017754711 -0.0066331029 -4.6268387e-08)
(-0.00013467998 -0.0065764946 -3.8351921e-08)
(-9.3075192e-05 -0.0064829249 -2.97022e-08)
(-5.2909989e-05 -0.0063334627 -1.9506309e-08)
(-1.5075015e-05 -0.0060500882 -8.2573987e-09)
(-0.00029013786 -0.00015941049 -1.0083209e-07)
(-0.00016805613 -0.00014379043 -1.2583226e-07)
(-9.2464864e-05 -0.0001532389 -1.3860556e-07)
(-4.8215103e-05 -0.00020485012 -1.4174118e-07)
(-3.2898814e-05 -0.00028061469 -1.3839782e-07)
(-4.3501897e-05 -0.00037297351 -1.3118436e-07)
(-6.6963607e-05 -0.00048691506 -1.2194877e-07)
(-8.924054e-05 -0.00061471985 -1.1209227e-07)
(-0.00010696731 -0.00074482632 -1.0245743e-07)
(-0.00012110212 -0.0008710894 -9.3418862e-08)
(-0.00013188854 -0.00099157532 -8.503528e-08)
(-0.00013792859 -0.0010999856 -7.7253265e-08)
(-0.00013852785 -0.0011960845 -7.0005028e-08)
(-0.00013490466 -0.0012802805 -6.3234217e-08)
(-0.0001283752 -0.0013540423 -5.6882702e-08)
(-0.00011936325 -0.0014167223 -5.0861073e-08)
(-0.00010855195 -0.0014661829 -4.5111792e-08)
(-9.6492866e-05 -0.0015031908 -3.9619451e-08)
(-8.3600274e-05 -0.0015282773 -3.4379036e-08)
(-7.0341847e-05 -0.0015416141 -2.9396636e-08)
(-5.7008113e-05 -0.0015434622 -2.4596114e-08)
(-4.3790143e-05 -0.0015345048 -1.9808011e-08)
(-3.0796548e-05 -0.0015171002 -1.4851895e-08)
(-1.7963595e-05 -0.0014901892 -9.4710368e-09)
(-5.1396882e-06 -0.0014196045 -3.7579917e-09)
(-0.00026796017 7.4244499e-05 -6.1607795e-08)
(-0.00016473212 0.00015307238 -7.5709191e-08)
(-9.052362e-05 0.00023353032 -8.3406278e-08)
(-4.6330156e-05 0.00029879407 -8.561351e-08)
(-1.8961438e-05 0.00034444261 -8.3817109e-08)
(-6.0941463e-06 0.00037267119 -7.9474869e-08)
(-4.5812201e-06 0.00038059282 -7.3748998e-08)
(-1.0305782e-05 0.00037359679 -6.7503153e-08)
(-1.796256e-05 0.00035630465 -6.1285194e-08)
(-2.7298855e-05 0.00032747171 -5.5371392e-08)
(-3.4765019e-05 0.00029739794 -4.985023e-08)
(-3.9323596e-05 0.00027105996 -4.4720869e-08)
(-4.2111871e-05 0.00024755523 -3.9954114e-08)
(-4.3539697e-05 0.00022802472 -3.5517332e-08)
(-4.3197474e-05 0.00021201598 -3.1378972e-08)
(-4.1297869e-05 0.00019964061 -2.7502932e-08)
(-3.8351875e-05 0.00019025937 -2.3866018e-08)
(-3.4628337e-05 0.00018296401 -2.0464696e-08)
(-3.0347098e-05 0.00017707636 -1.7304953e-08)
(-2.5783915e-05 0.00017207817 -1.4391941e-08)
(-2.109896e-05 0.00016749386 -1.1700321e-08)
(-1.6388812e-05 0.00016302295 -9.1701312e-09)
(-1.1706948e-05 0.00015809413 -6.7346152e-09)
(-7.0469694e-06 0.00015172006 -4.3806168e-09)
(-2.2178891e-06 0.00014563158 -2.4470413e-09)
(-0.00028955285 -4.0967756e-05 -3.5105446e-08)
(-0.00020897936 6.4169927e-06 -4.2517136e-08)
(-0.00014304581 6.9389776e-05 -4.6671571e-08)
(-9.3660066e-05 0.00013470147 -4.7862887e-08)
(-5.8334565e-05 0.00019140829 -4.6783612e-08)
(-3.5556118e-05 0.0002316514 -4.4210631e-08)
(-2.3706298e-05 0.00025874741 -4.0807781e-08)
(-2.1250587e-05 0.00027602599 -3.7073091e-08)
(-2.4753004e-05 0.00028146644 -3.3331689e-08)
(-2.9411904e-05 0.00028025744 -2.9758848e-08)
(-3.4044719e-05 0.00027664438 -2.6424568e-08)
(-3.8307137e-05 0.00026969852 -2.3340829e-08)
(-4.0879217e-05 0.00026012534 -2.049768e-08)
(-4.1908858e-05 0.00025024169 -1.7879362e-08)
(-4.1330798e-05 0.00024106535 -1.547022e-08)
(-3.9724694e-05 0.00023248094 -1.3255307e-08)
(-3.7435394e-05 0.00022462011 -1.1225028e-08)
(-3.4247209e-05 0.00021759514 -9.3769465e-09)
(-3.0434765e-05 0.00021127051 -7.713026e-09)
(-2.6178103e-05 0.00020550555 -6.23275e-09)
(-2.1624178e-05 0.00020014726 -4.923896e-09)
(-1.6895716e-05 0.00019514314 -3.7614639e-09)
(-1.2075503e-05 0.00019021564 -2.7197968e-09)
(-7.2445147e-06 0.00018585608 -1.8075685e-09)
(-2.4327692e-06 0.00017683992 -1.1627397e-09)
(-0.00028729202 -0.00015949912 -1.8013495e-08)
(-0.00022636976 -0.00015310179 -2.165895e-08)
(-0.00017158623 -0.00013479005 -2.370859e-08)
(-0.000125989 -0.0001086944 -2.4233324e-08)
(-9.0059632e-05 -8.1521834e-05 -2.3591023e-08)
(-6.3537141e-05 -5.6342206e-05 -2.2166671e-08)
(-4.6123176e-05 -3.6792943e-05 -2.0305444e-08)
(-3.650319e-05 -2.364705e-05 -1.8270207e-08)
(-3.2523657e-05 -1.6855928e-05 -1.6235601e-08)
(-3.1646932e-05 -1.7289351e-05 -1.4299014e-08)
(-3.2616226e-05 -2.1568123e-05 -1.2502574e-08)
(-3.4839231e-05 -2.7036322e-05 -1.0856881e-08)
(-3.6739566e-05 -3.4028314e-05 -9.3586493e-09)
(-3.7592636e-05 -4.2683446e-05 -8.0001047e-09)
(-3.7178567e-05 -5.2193338e-05 -6.7728578e-09)
(-3.5883159e-05 -6.1619465e-05 -5.669054e-09)
(-3.3532024e-05 -6.9934472e-05 -4.68257e-09)
(-3.0610511e-05 -7.6785025e-05 -3.8095367e-09)
(-2.724764e-05 -8.2330626e-05 -3.0472316e-09)
(-2.3567166e-05 -8.661715e-05 -2.3917519e-09)
(-1.9582861e-05 -8.9571281e-05 -1.8351285e-09)
(-1.5378483e-05 -9.1075318e-05 -1.3651848e-09)
(-1.1034344e-05 -9.302718e-05 -9.6956772e-10)
(-6.6035609e-06 -8.643942e-05 -6.4612988e-10)
(-2.2055975e-06 -8.8941007e-05 -4.0006088e-10)
(-0.00025502152 -0.00019136398 -8.1511679e-09)
(-0.00021021061 -0.00020300589 -9.8631275e-09)
(-0.00016762584 -0.00020566095 -1.0819293e-08)
(-0.00012971805 -0.00020269462 -1.1056488e-08)
(-9.7698741e-05 -0.00019585757 -1.0720947e-08)
(-7.2124788e-05 -0.00018672184 -1.0008649e-08)
(-5.2989684e-05 -0.00017641767 -9.0887195e-09)
(-4.0056389e-05 -0.00016775999 -8.0901145e-09)
(-3.1888612e-05 -0.00016378535 -7.0981789e-09)
(-2.7073056e-05 -0.00016259304 -6.1610539e-09)
(-2.4388431e-05 -0.00016465538 -5.3004443e-09)
(-2.2864592e-05 -0.00017046617 -4.5218024e-09)
(-2.2883825e-05 -0.00017732934 -3.8234849e-09)
(-2.3498217e-05 -0.00018424118 -3.2010438e-09)
(-2.381216e-05 -0.00019095348 -2.6496022e-09)
(-2.348808e-05 -0.00019748597 -2.1643127e-09)
(-2.2359663e-05 -0.00020365075 -1.740903e-09)
(-2.0937483e-05 -0.00020917123 -1.3758061e-09)
(-1.9122099e-05 -0.00021346357 -1.0658433e-09)
(-1.6804128e-05 -0.00021622845 -8.0756064e-10)
(-1.4102268e-05 -0.00021733628 -5.9639265e-10)
(-1.1100069e-05 -0.00021664057 -4.2654603e-10)
(-7.9006608e-06 -0.00021627318 -2.9180032e-10)
(-4.6236362e-06 -0.00020614042 -1.8672015e-10)
(-1.4375755e-06 -0.00020355106 -9.9116178e-11)
(-0.00021390912 -0.00015721921 -3.2285402e-09)
(-0.00018049802 -0.00016971393 -3.999045e-09)
(-0.00014784686 -0.00017825254 -4.4275216e-09)
(-0.00011758838 -0.00018257154 -4.5335185e-09)
(-9.090162e-05 -0.0001821572 -4.3868324e-09)
(-6.852647e-05 -0.00017906436 -4.0729527e-09)
(-5.0529775e-05 -0.00017472799 -3.6684162e-09)
(-3.6760622e-05 -0.00017023704 -3.23126e-09)
(-2.6716822e-05 -0.00016562743 -2.7995589e-09)
(-1.9792077e-05 -0.00016282986 -2.3945917e-09)
(-1.5177297e-05 -0.00016351098 -2.0258077e-09)
(-1.2203547e-05 -0.00016570423 -1.6960558e-09)
(-1.0447334e-05 -0.00016866512 -1.4044865e-09)
(-9.4376512e-06 -0.00017275294 -1.1488446e-09)
(-9.2414934e-06 -0.00017746371 -9.2643921e-10)
(-9.3112002e-06 -0.00018229571 -7.3464974e-10)
(-9.5781561e-06 -0.00018684847 -5.7101624e-10)
(-9.5991059e-06 -0.00019072896 -4.3333858e-10)
(-9.2418824e-06 -0.00019352913 -3.1962486e-10)
(-8.4170021e-06 -0.00019517274 -2.2791175e-10)
(-7.2426367e-06 -0.00019556373 -1.5605234e-10)
(-5.7925271e-06 -0.00019437866 -1.0162457e-10)
(-4.1520267e-06 -0.0001935767 -6.2061587e-11)
(-2.4457084e-06 -0.00018431472 -3.4872508e-11)
(-7.8278255e-07 -0.00018002288 -1.5081451e-11)
(-0.00018006333 -0.00011211769 -1.1267175e-09)
(-0.00015421985 -0.00012050462 -1.4551408e-09)
(-0.00012844127 -0.00012619564 -1.6404694e-09)
(-0.00010402752 -0.00012891293 -1.6911303e-09)
(-8.1880021e-05 -0.00012813091 -1.6365803e-09)
(-6.2489718e-05 -0.00012540632 -1.5125711e-09)
(-4.6151325e-05 -0.00012195902 -1.351256e-09)
(-3.2816039e-05 -0.00011776485 -1.1770441e-09)
(-2.2340595e-05 -0.00011350835 -1.0057302e-09)
(-1.4452048e-05 -0.00011027821 -8.4610212e-10)
(-8.7976343e-06 -0.00010815949 -7.0202056e-10)
(-4.9715332e-06 -0.0001071741 -5.7469428e-10)
(-2.5377808e-06 -0.00010763821 -4.6368835e-10)
(-1.1926617e-06 -0.00010905355 -3.6790846e-10)
(-6.6150807e-07 -0.00011119915 -2.8604495e-10)
(-6.291443e-07 -0.00011382157 -2.1684652e-10)
(-8.5364749e-07 -0.00011652539 -1.5913154e-10)
(-1.1073593e-06 -0.00011904091 -1.118154e-10)
(-1.2713525e-06 -0.00012108051 -7.3942344e-11)
(-1.394388e-06 -0.00012251511 -4.4634269e-11)
(-1.3910766e-06 -0.000123227 -2.3032789e-11)
(-1.2634531e-06 -0.00012288227 -8.2810792e-12)
(-1.0208653e-06 -0.00012337479 4.7346788e-13)
(-6.9663708e-07 -0.00011505402 3.7527184e-12)
(-3.3275513e-07 -0.00011548007 3.1637318e-12)
(-0.00015450001 -7.670809e-05 -3.6013283e-10)
(-0.00013401931 -8.2485577e-05 -4.8668402e-10)
(-0.00011320322 -8.494949e-05 -5.603573e-10)
(-9.3079078e-05 -8.4550362e-05 -5.8288734e-10)
(-7.4435161e-05 -8.350844e-05 -5.6465455e-10)
(-5.7661553e-05 -8.0183287e-05 -5.1948132e-10)
(-4.3008886e-05 -7.5117203e-05 -4.5999415e-10)
(-3.0632101e-05 -7.0204749e-05 -3.9567686e-10)
(-2.0497644e-05 -6.5332162e-05 -3.3264346e-10)
(-1.2447102e-05 -6.0956047e-05 -2.7434005e-10)
(-6.2832834e-06 -5.7186904e-05 -2.2225992e-10)
(-1.7833156e-06 -5.4404215e-05 -1.7673998e-10)
(1.2916138e-06 -5.2734379e-05 -1.3757233e-10)
(3.1681867e-06 -5.2162158e-05 -1.0429622e-10)
(4.1281065e-06 -5.2418852e-05 -7.6360751e-11)
(4.4174392e-06 -5.3162434e-05 -5.3240974e-11)
(4.2608676e-06 -5.4306811e-05 -3.4435613e-11)
(3.8585734e-06 -5.5552742e-05 -1.9481591e-11)
(3.3319146e-06 -5.680201e-05 -7.9928147e-12)
(2.733967e-06 -5.7992492e-05 3.6028461e-13)
(2.1333885e-06 -5.8888241e-05 5.8623272e-12)
(1.5654589e-06 -5.9101919e-05 8.7613848e-12)
(1.0564631e-06 -6.0917836e-05 9.3241922e-12)
(5.296062e-07 -5.3708526e-05 7.4403629e-12)
(1.6936055e-08 -5.6951794e-05 4.2319934e-12)
(-0.00013513106 -5.5712477e-05 -1.1749147e-10)
(-0.00011860576 -5.8718449e-05 -1.5822073e-10)
(-0.00010162425 -6.0473795e-05 -1.8291205e-10)
(-8.4930634e-05 -5.9622694e-05 -1.9078222e-10)
(-6.9103872e-05 -5.6574217e-05 -1.8463777e-10)
(-5.4624162e-05 -5.3512366e-05 -1.6890023e-10)
(-4.1663017e-05 -4.9515415e-05 -1.4804823e-10)
(-3.040428e-05 -4.3999603e-05 -1.2555788e-10)
(-2.0848332e-05 -3.8345439e-05 -1.036654e-10)
(-1.2966828e-05 -3.3306967e-05 -8.3551492e-11)
(-6.659766e-06 -2.8770598e-05 -6.5760082e-11)
(-1.7927046e-06 -2.4900622e-05 -5.0380284e-11)
(1.7629731e-06 -2.1822501e-05 -3.7314764e-11)
(4.1854122e-06 -1.9559399e-05 -2.6388421e-11)
(5.6444778e-06 -1.8057025e-05 -1.7380252e-11)
(6.3465818e-06 -1.7226979e-05 -1.0074207e-11)
(6.4705143e-06 -1.7001691e-05 -4.2842537e-12)
(6.2196678e-06 -1.7263573e-05 1.5157295e-13)
(5.665741e-06 -1.7695009e-05 3.3654391e-12)
(4.9257658e-06 -1.8181302e-05 5.4647372e-12)
(4.075063e-06 -1.871696e-05 6.521597e-12)
(3.1693311e-06 -1.8808802e-05 6.5864876e-12)
(2.2415693e-06 -2.1241565e-05 5.7817079e-12)
(1.2025667e-06 -1.4796633e-05 3.8853329e-12)
(2.3259206e-07 -1.9326224e-05 2.1189248e-12)
(-0.00012026832 -4.3569596e-05 -4.275815e-11)
(-0.00010678144 -4.5908991e-05 -5.0970739e-11)
(-9.2775418e-05 -4.721099e-05 -5.6769093e-11)
(-7.8859205e-05 -4.6907825e-05 -5.8575627e-11)
(-6.5430714e-05 -4.4663992e-05 -5.64227e-11)
(-5.2867426e-05 -4.0865951e-05 -5.1368501e-11)
(-4.1459481e-05 -3.669664e-05 -4.4644473e-11)
(-3.1308854e-05 -3.2442296e-05 -3.7331777e-11)
(-2.2450114e-05 -2.7672567e-05 -3.0248427e-11)
(-1.4919944e-05 -2.232476e-05 -2.3807752e-11)
(-8.6771712e-06 -1.7384056e-05 -1.8149516e-11)
(-3.6648185e-06 -1.297725e-05 -1.3297292e-11)
(2.0432348e-07 -9.0758382e-06 -9.2152769e-12)
(3.0368495e-06 -5.7836287e-06 -5.8391165e-12)
(4.9481347e-06 -3.1368013e-06 -3.0965529e-12)
(6.0855431e-06 -1.1399235e-06 -9.1010875e-13)
(6.5959118e-06 2.093599e-07 7.7921474e-13)
(6.6150795e-06 1.0595178e-06 2.017218e-12)
(6.239853e-06 1.5669439e-06 2.8369739e-12)
(5.5816653e-06 1.7775775e-06 3.2615937e-12)
(4.7207106e-06 1.7778789e-06 3.2973861e-12)
(3.7209245e-06 2.3223935e-06 2.9442997e-12)
(2.6163039e-06 -4.4365399e-07 2.2954556e-12)
(1.4796187e-06 4.7039116e-06 1.1168453e-12)
(4.5809147e-07 7.3760982e-07 6.0701404e-13)
(-0.00010834126 -3.6530764e-05 -1.2072815e-11)
(-9.7273802e-05 -3.9119144e-05 -1.0860911e-11)
(-8.5678954e-05 -3.9813231e-05 -1.1150603e-11)
(-7.4002669e-05 -3.9571524e-05 -1.1496399e-11)
(-6.2618316e-05 -3.8191471e-05 -1.1254607e-11)
(-5.1781635e-05 -3.5462468e-05 -1.0390419e-11)
(-4.1736605e-05 -3.1624617e-05 -9.0480816e-12)
(-3.2618723e-05 -2.7467012e-05 -7.4269485e-12)
(-2.4525824e-05 -2.3077186e-05 -5.778229e-12)
(-1.746543e-05 -1.85142e-05 -4.2572054e-12)
(-1.144346e-05 -1.3779887e-05 -2.9269418e-12)
(-6.4452501e-06 -9.155421e-06 -1.7825401e-12)
(-2.4243062e-06 -4.9477398e-06 -8.1485583e-13)
(6.7859084e-07 -1.1901632e-06 -1.2951472e-14)
(2.9417697e-06 2.0668229e-06 6.4426137e-13)
(4.4629274e-06 4.8046575e-06 1.155738e-12)
(5.3481881e-06 6.9764551e-06 1.5284902e-12)
(5.6988289e-06 8.6199131e-06 1.7713437e-12)
(5.6037814e-06 9.8181769e-06 1.8820883e-12)
(5.1596025e-06 1.0624713e-05 1.8549832e-12)
(4.4466668e-06 1.1099318e-05 1.6762091e-12)
(3.5344813e-06 1.1880471e-05 1.3364464e-12)
(2.4756653e-06 9.3449078e-06 9.1304363e-13)
(1.495502e-06 1.4335355e-05 1.5413476e-13)
(6.036987e-07 1.0199596e-05 1.5537008e-13)
(-9.8476223e-05 -3.0878103e-05 4.9252611e-12)
(-8.936624e-05 -3.3271316e-05 7.5970869e-12)
(-7.973354e-05 -3.3931862e-05 8.1560361e-12)
(-6.9922593e-05 -3.4005991e-05 7.6103489e-12)
(-6.0240233e-05 -3.2971577e-05 6.6474765e-12)
(-5.0917602e-05 -3.0920454e-05 5.6598289e-12)
(-4.2126326e-05 -2.8034482e-05 4.8360652e-12)
(-3.4006712e-05 -2.4393049e-05 4.2143527e-12)
(-2.6658386e-05 -2.0395248e-05 3.7785764e-12)
(-2.012863e-05 -1.6233042e-05 3.4453684e-12)
(-1.4435019e-05 -1.1959825e-05 3.1589945e-12)
(-9.5742891e-06 -7.7560568e-06 2.9289316e-12)
(-5.534568e-06 -3.6544252e-06 2.7466979e-12)
(-2.2851516e-06 3.1897419e-07 2.5907368e-12)
(2.2191358e-07 3.98243e-06 2.4592991e-12)
(2.0483704e-06 7.1258909e-06 2.3474747e-12)
(3.2638598e-06 9.6720522e-06 2.2404358e-12)
(3.9432873e-06 1.1746482e-05 2.1161006e-12)
(4.1673196e-06 1.3387446e-05 1.9614365e-12)
(4.0157705e-06 1.4602637e-05 1.7645401e-12)
(3.5661567e-06 1.542879e-05 1.5052105e-12)
(2.8950163e-06 1.6114812e-05 1.1739158e-12)
(2.0870771e-06 1.4211342e-05 8.235942e-13)
(1.2893008e-06 1.9906535e-05 1.7742249e-13)
(5.1103864e-07 1.4863074e-05 2.2480519e-13)
(-9.0260377e-05 -2.5320994e-05 1.3375541e-11)
(-8.2719113e-05 -2.7718439e-05 1.5754953e-11)
(-7.4686438e-05 -2.8604668e-05 1.6169689e-11)
(-6.6423553e-05 -2.860495e-05 1.5294657e-11)
(-5.8180685e-05 -2.7790105e-05 1.3804293e-11)
(-5.0147618e-05 -2.6157834e-05 1.2121286e-11)
(-4.2479032e-05 -2.3833855e-05 1.0498523e-11)
(-3.5295623e-05 -2.0989408e-05 9.0544183e-12)
(-2.8683569e-05 -1.7526923e-05 7.828487e-12)
(-2.2700595e-05 -1.3829889e-05 6.8168247e-12)
(-1.7384593e-05 -1.0064955e-05 5.9614619e-12)
(-1.2749351e-05 -6.1864026e-06 5.2323043e-12)
(-8.7960127e-06 -2.2789215e-06 4.6185935e-12)
(-5.5082715e-06 1.583438e-06 4.099534e-12)
(-2.8600515e-06 5.1385392e-06 3.6575001e-12)
(-8.1484652e-07 8.2201153e-06 3.2809702e-12)
(6.7156688e-07 1.0910998e-05 2.9543303e-12)
(1.658577e-06 1.3203892e-05 2.6620537e-12)
(2.210534e-06 1.5040474e-05 2.3869918e-12)
(2.3951378e-06 1.6469506e-05 2.1073326e-12)
(2.2831798e-06 1.7494704e-05 1.8002217e-12)
(1.9494288e-06 1.8348328e-05 1.4480036e-12)
(1.4768587e-06 1.6764519e-05 1.0937358e-12)
(9.1330736e-07 2.2370918e-05 4.3981911e-13)
(3.1911068e-07 1.7487371e-05 3.8993587e-13)
(-8.3438989e-05 -2.0689511e-05 1.5489024e-11)
(-7.7156049e-05 -2.2723302e-05 1.7664772e-11)
(-7.0423266e-05 -2.3581632e-05 1.7964015e-11)
(-6.3441678e-05 -2.3572568e-05 1.707916e-11)
(-5.6403304e-05 -2.2885982e-05 1.5601813e-11)
(-4.9476235e-05 -2.1605572e-05 1.3904702e-11)
(-4.2785826e-05 -1.9612246e-05 1.2172097e-11)
(-3.6441871e-05 -1.7110924e-05 1.0556547e-11)
(-3.0524391e-05 -1.4380035e-05 9.1431882e-12)
(-2.508699e-05 -1.1295886e-05 7.9408457e-12)
(-2.0175328e-05 -7.9002845e-06 6.9277084e-12)
(-1.5813858e-05 -4.4197847e-06 6.0706942e-12)
(-1.2012526e-05 -8.7816902e-07 5.3412933e-12)
(-8.7647977e-06 2.6473772e-06 4.7192892e-12)
(-6.057377e-06 5.8385676e-06 4.1867552e-12)
(-3.8681854e-06 8.6852084e-06 3.7287135e-12)
(-2.1640442e-06 1.1293697e-05 3.3296764e-12)
(-9.0042722e-07 1.3596239e-05 2.9738239e-12)
(-2.9251241e-08 1.5562338e-05 2.6461297e-12)
(5.0410226e-07 1.7130964e-05 2.328055e-12)
(7.5900113e-07 1.8265507e-05 1.998844e-12)
(7.9758643e-07 1.9256044e-05 1.6319171e-12)
(6.7854606e-07 1.7863988e-05 1.2697248e-12)
(4.3590924e-07 2.319183e-05 6.0404713e-13)
(1.3542529e-07 1.838139e-05 4.7984499e-13)
(-7.7793498e-05 -1.6824555e-05 1.3495015e-11)
(-7.2527223e-05 -1.8459807e-05 1.5944744e-11)
(-6.6848802e-05 -1.9305496e-05 1.6532766e-11)
(-6.0921456e-05 -1.9377651e-05 1.5950762e-11)
(-5.4890062e-05 -1.8748057e-05 1.4722161e-11)
(-4.8899315e-05 -1.7634749e-05 1.3257299e-11)
(-4.3056318e-05 -1.6029845e-05 1.1763765e-11)
(-3.7451256e-05 -1.3912705e-05 1.0308834e-11)
(-3.2159908e-05 -1.1510258e-05 8.9752652e-12)
(-2.7240186e-05 -8.8441022e-06 7.811228e-12)
(-2.2729316e-05 -5.9239424e-06 6.815419e-12)
(-1.8655831e-05 -2.8821786e-06 5.9761282e-12)
(-1.5035068e-05 1.1490848e-07 5.2655308e-12)
(-1.1868008e-05 3.0807032e-06 4.66077e-12)
(-9.1481009e-06 5.9766071e-06 4.1437761e-12)
(-6.8606223e-06 8.6646923e-06 3.6956967e-12)
(-4.9798623e-06 1.1123287e-05 3.3027963e-12)
(-3.4767646e-06 1.330976e-05 2.9512028e-12)
(-2.3144933e-06 1.5181701e-05 2.6267231e-12)
(-1.4510243e-06 1.6705348e-05 2.3126527e-12)
(-8.4032883e-07 1.7826784e-05 1.9894147e-12)
(-4.3552297e-07 1.8817059e-05 1.6286374e-12)
(-1.962212e-07 1.7505797e-05 1.2760766e-12)
(-8.4359004e-08 2.2892831e-05 6.230477e-13)
(-4.4190529e-08 1.7954881e-05 4.7896931e-13)
(-7.3117195e-05 -1.3668416e-05 1.0089474e-11)
(-6.8669986e-05 -1.4931549e-05 1.2874618e-11)
(-6.384831e-05 -1.5819519e-05 1.387539e-11)
(-5.8784324e-05 -1.5975825e-05 1.3676653e-11)
(-5.3596319e-05 -1.5506605e-05 1.2802056e-11)
(-4.8391457e-05 -1.4558771e-05 1.1643357e-11)
(-4.3271555e-05 -1.3252976e-05 1.0436552e-11)
(-3.8312238e-05 -1.1519516e-05 9.252791e-12)
(-3.3577695e-05 -9.4268772e-06 8.1272562e-12)
(-2.9122643e-05 -7.0998624e-06 7.1132498e-12)
(-2.498299e-05 -4.6223303e-06 6.2334165e-12)
(-2.1185265e-05 -2.0375554e-06 5.4727149e-12)
(-1.7744948e-05 4.9149806e-07 4.824387e-12)
(-1.4670422e-05 2.9447178e-06 4.275953e-12)
(-1.195821e-05 5.4913581e-06 3.805483e-12)
(-9.5997669e-06 7.9796356e-06 3.3980866e-12)
(-7.5800855e-06 1.0211952e-05 3.0428171e-12)
(-5.8776502e-06 1.2201409e-05 2.7258931e-12)
(-4.4656547e-06 1.391968e-05 2.4313195e-12)
(-3.3121532e-06 1.5328312e-05 2.1442753e-12)
(-2.3827812e-06 1.6382857e-05 1.8451995e-12)
(-1.642439e-06 1.7477491e-05 1.5043859e-12)
(-1.0593779e-06 1.6095128e-05 1.1804296e-12)
(-6.0325412e-07 2.108487e-05 5.6148296e-13)
(-2.2193118e-07 1.6601319e-05 4.2510653e-13)
(-6.9207683e-05 -1.1235547e-05 6.9547156e-12)
(-6.5422141e-05 -1.2326185e-05 9.9855507e-12)
(-6.1298482e-05 -1.3232631e-05 1.1266154e-11)
(-5.6941255e-05 -1.3373109e-05 1.1360247e-11)
(-5.24503e-05 -1.3048352e-05 1.0790655e-11)
(-4.7909884e-05 -1.2344603e-05 9.9154424e-12)
(-4.3402035e-05 -1.1295965e-05 8.9632189e-12)
(-3.8996051e-05 -9.8788857e-06 8.022874e-12)
(-3.4747558e-05 -8.1552947e-06 7.1257425e-12)
(-3.0701388e-05 -6.1982786e-06 6.2944698e-12)
(-2.6892482e-05 -4.0936171e-06 5.5567221e-12)
(-2.334543e-05 -1.9117819e-06 4.9122237e-12)
(-2.0075717e-05 2.698927e-07 4.3453563e-12)
(-1.7093991e-05 2.2915323e-06 3.849293e-12)
(-1.4402165e-05 4.3547417e-06 3.4208373e-12)
(-1.1997453e-05 6.54732e-06 3.0530591e-12)
(-9.8720019e-06 8.5660797e-06 2.7342185e-12)
(-8.0106555e-06 1.0348419e-05 2.4515707e-12)
(-6.3927027e-06 1.1891461e-05 2.1897203e-12)
(-4.9955191e-06 1.3154922e-05 1.9342959e-12)
(-3.7934266e-06 1.4108459e-05 1.6651532e-12)
(-2.7592142e-06 1.5315694e-05 1.3554248e-12)
(-1.863286e-06 1.3822413e-05 1.0612909e-12)
(-1.0761486e-06 1.8188201e-05 4.8259743e-13)
(-3.5705809e-07 1.4540815e-05 3.7229776e-13)
(-6.5881414e-05 -9.5639964e-06 4.6267519e-12)
(-6.2635259e-05 -1.0522197e-05 7.71617e-12)
(-5.9081978e-05 -1.1312792e-05 9.1297216e-12)
(-5.5305948e-05 -1.1525139e-05 9.4210221e-12)
(-5.1387695e-05 -1.1361395e-05 9.087094e-12)
(-4.7402461e-05 -1.0808794e-05 8.4497593e-12)
(-4.341283e-05 -9.9887133e-06 7.7134825e-12)
(-3.9476729e-05 -8.9040277e-06 6.9677983e-12)
(-3.5644585e-05 -7.5214412e-06 6.2489661e-12)
(-3.1954119e-05 -5.9391779e-06 5.5735424e-12)
(-2.8436618e-05 -4.205063e-06 4.9594808e-12)
(-2.5115153e-05 -2.3873982e-06 4.4135331e-12)
(-2.2005794e-05 -5.4059544e-07 3.9268682e-12)
(-1.9118709e-05 1.2368519e-06 3.4954984e-12)
(-1.6460346e-05 2.8593992e-06 3.115131e-12)
(-1.4031604e-05 4.5699394e-06 2.7798157e-12)
(-1.182819e-05 6.3656217e-06 2.4837767e-12)
(-9.8415012e-06 7.9486517e-06 2.2204223e-12)
(-8.057202e-06 9.3091096e-06 1.9792187e-12)
(-6.4588317e-06 1.0448131e-05 1.746328e-12)
(-5.0271935e-06 1.1313993e-05 1.5023219e-12)
(-3.7410917e-06 1.2224053e-05 1.2208795e-12)
(-2.5752846e-06 1.0915522e-05 9.5344162e-13)
(-1.4951829e-06 1.5401531e-05 4.1283635e-13)
(-4.7763551e-07 1.153083e-05 3.2499809e-13)
(-6.297917e-05 -8.4168563e-06 2.9121448e-12)
(-6.0179939e-05 -9.2600304e-06 5.9274106e-12)
(-5.7097729e-05 -9.9405684e-06 7.4362104e-12)
(-5.3800763e-05 -1.0242156e-05 7.9080201e-12)
(-5.0357162e-05 -1.0200928e-05 7.7671771e-12)
(-4.6830264e-05 -9.8541532e-06 7.3108004e-12)
(-4.327479e-05 -9.2444077e-06 6.7320536e-12)
(-3.9737949e-05 -8.3887587e-06 6.1302042e-12)
(-3.6259617e-05 -7.3301284e-06 5.5402742e-12)
(-3.287619e-05 -6.1150234e-06 4.9844868e-12)
(-2.9614719e-05 -4.7382473e-06 4.4672906e-12)
(-2.6496396e-05 -3.2519913e-06 3.9928684e-12)
(-2.3537049e-05 -1.7227218e-06 3.5694274e-12)
(-2.0747682e-05 -1.9544892e-07 3.1946715e-12)
(-1.813508e-05 1.2500825e-06 2.8622746e-12)
(-1.5701183e-05 2.5519807e-06 2.5671085e-12)
(-1.344468e-05 3.8444347e-06 2.3026522e-12)
(-1.1361662e-05 5.1925388e-06 2.0607567e-12)
(-9.4446218e-06 6.4102982e-06 1.8350038e-12)
(-7.6816481e-06 7.4090682e-06 1.616427e-12)
(-6.0584236e-06 8.1811568e-06 1.3884126e-12)
(-4.5586184e-06 8.9877865e-06 1.1242791e-12)
(-3.1636264e-06 7.7827383e-06 8.7581863e-13)
(-1.8528084e-06 1.2055175e-05 3.6530963e-13)
(-6.0733817e-07 8.4753996e-06 2.9147602e-13)
(-6.0390778e-05 -7.6336467e-06 1.5712829e-12)
(-5.7955431e-05 -8.3706819e-06 4.5184616e-12)
(-5.5261478e-05 -8.9805029e-06 6.0785635e-12)
(-5.2362765e-05 -9.3337749e-06 6.6921637e-12)
(-4.9316141e-05 -9.4235864e-06 6.7235286e-12)
(-4.6170338e-05 -9.2340005e-06 6.4110923e-12)
(-4.2975302e-05 -8.7867416e-06 5.9460339e-12)
(-3.9774079e-05 -8.2388103e-06 5.4506186e-12)
(-3.6598067e-05 -7.5139012e-06 4.958526e-12)
(-3.3478952e-05 -6.5559115e-06 4.4873694e-12)
(-3.0441366e-05 -5.4940998e-06 4.0503292e-12)
(-2.7505094e-05 -4.3298582e-06 3.6421784e-12)
(-2.4684946e-05 -3.0956703e-06 3.2675822e-12)
(-2.1992158e-05 -1.8472662e-06 2.9362505e-12)
(-1.9433861e-05 -6.3306137e-07 2.6444065e-12)
(-1.7012082e-05 5.0142886e-07 2.3841088e-12)
(-1.4726813e-05 1.5520279e-06 2.1489147e-12)
(-1.2576706e-05 2.5135828e-06 1.9316684e-12)
(-1.055838e-05 3.4212848e-06 1.7254706e-12)
(-8.6651013e-06 4.2863825e-06 1.5216712e-12)
(-6.8871362e-06 4.9855138e-06 1.3075162e-12)
(-5.2127039e-06 5.7647957e-06 1.0568478e-12)
(-3.6301167e-06 4.6346838e-06 8.2343502e-13)
(-2.1327437e-06 8.5238072e-06 3.38169e-13)
(-7.0235217e-07 5.4439978e-06 2.7129128e-13)
(-5.8069964e-05 -7.0356624e-06 5.1012177e-13)
(-5.5908394e-05 -7.8034703e-06 3.4125395e-12)
(-5.351823e-05 -8.3530975e-06 5.0009094e-12)
(-5.0944665e-05 -8.7558559e-06 5.6965227e-12)
(-4.8226299e-05 -8.9379405e-06 5.8398033e-12)
(-4.5400871e-05 -8.9113782e-06 5.6558148e-12)
(-4.2511769e-05 -8.6820504e-06 5.2968177e-12)
(-3.9592284e-05 -8.3029681e-06 4.8792882e-12)
(-3.6674261e-05 -7.7871773e-06 4.4603338e-12)
(-3.3783008e-05 -7.1138305e-06 4.0555901e-12)
(-3.0941127e-05 -6.324212e-06 3.6769429e-12)
(-2.8166862e-05 -5.4557045e-06 3.3301856e-12)
(-2.5474191e-05 -4.5267174e-06 3.0101624e-12)
(-2.2874013e-05 -3.5542987e-06 2.7153729e-12)
(-2.0373788e-05 -2.5775578e-06 2.4501816e-12)
(-1.7977348e-05 -1.6361991e-06 2.2140028e-12)
(-1.5685169e-05 -7.6107488e-07 2.0012947e-12)
(-1.3496431e-05 3.5736377e-08 1.8049353e-12)
(-1.140973e-05 7.6506988e-07 1.6178326e-12)
(-9.4219622e-06 1.398531e-06 1.43138e-12)
(-7.5281505e-06 1.8854807e-06 1.2336038e-12)
(-5.7214652e-06 2.4976315e-06 1.0003023e-12)
(-3.9957765e-06 1.5024276e-06 7.8440719e-13)
(-2.3503629e-06 5.6917722e-06 3.22882e-13)
(-7.7001468e-07 2.2889341e-06 2.598687e-13)
(-5.5937527e-05 -6.499746e-06 -3.814437e-13)
(-5.3997482e-05 -7.2166038e-06 2.4527226e-12)
(-5.1848286e-05 -7.8943108e-06 4.0843137e-12)
(-4.9528397e-05 -8.4530176e-06 4.8555732e-12)
(-4.7070522e-05 -8.6886974e-06 5.0780488e-12)
(-4.4513479e-05 -8.7717962e-06 4.9839507e-12)
(-4.1882206e-05 -8.7171229e-06 4.7154593e-12)
(-3.9203358e-05 -8.5052056e-06 4.3752049e-12)
(-3.6505983e-05 -8.1772014e-06 4.0205076e-12)
(-3.3813398e-05 -7.7322236e-06 3.6698077e-12)
(-3.1144786e-05 -7.1758696e-06 3.3363084e-12)
(-2.8514561e-05 -6.5513275e-06 3.0331969e-12)
(-2.5937759e-05 -5.883694e-06 2.7593853e-12)
(-2.3425457e-05 -5.1743193e-06 2.5065703e-12)
(-2.0985286e-05 -4.4367653e-06 2.2723351e-12)
(-1.8622487e-05 -3.6991215e-06 2.0569876e-12)
(-1.6339176e-05 -2.9904356e-06 1.859616e-12)
(-1.4135519e-05 -2.3338489e-06 1.6777032e-12)
(-1.2010791e-05 -1.7445109e-06 1.5055638e-12)
(-9.9640417e-06 -1.2403727e-06 1.3348571e-12)
(-7.9935218e-06 -8.4491479e-07 1.1527233e-12)
(-6.0967912e-06 -3.1018549e-07 9.3672145e-13)
(-4.2717981e-06 -1.2132008e-06 7.3761616e-13)
(-2.5174248e-06 2.9340414e-06 3.0003779e-13)
(-8.2536811e-07 -4.3090347e-07 2.4222441e-13)
(-5.3888445e-05 -6.1569479e-06 -1.0552267e-12)
(-5.2154148e-05 -6.8352385e-06 1.6579663e-12)
(-5.0217437e-05 -7.518881e-06 3.2729089e-12)
(-4.8110013e-05 -8.1493125e-06 4.0885912e-12)
(-4.5868154e-05 -8.544728e-06 4.3832105e-12)
(-4.3525802e-05 -8.7906709e-06 4.3723882e-12)
(-4.1102758e-05 -8.854718e-06 4.1856844e-12)
(-3.8626131e-05 -8.7763074e-06 3.9097176e-12)
(-3.61184e-05 -8.6081259e-06 3.6085031e-12)
(-3.3597868e-05 -8.3614225e-06 3.3097833e-12)
(-3.1081206e-05 -8.0116873e-06 3.0203608e-12)
(-2.8581197e-05 -7.5840702e-06 2.7510759e-12)
(-2.6112315e-05 -7.1136795e-06 2.5080092e-12)
(-2.3685267e-05 -6.6122773e-06 2.2873824e-12)
(-2.1307775e-05 -6.0788089e-06 2.0842211e-12)
(-1.8985548e-05 -5.5366387e-06 1.8958792e-12)
(-1.6722798e-05 -5.0061547e-06 1.7204293e-12)
(-1.4521674e-05 -4.49757e-06 1.5557676e-12)
(-1.2383015e-05 -4.0237736e-06 1.3975348e-12)
(-1.0307013e-05 -3.5967178e-06 1.2391047e-12)
(-8.2939524e-06 -3.2484381e-06 1.069088e-12)
(-6.3445168e-06 -2.7360964e-06 8.6738225e-13)
(-4.4579146e-06 -3.5787337e-06 6.8318176e-13)
(-2.6286673e-06 3.5206039e-07 2.707049e-13)
(-8.5873783e-07 -2.7553616e-06 2.1923747e-13)
(-5.1886843e-05 -5.9099569e-06 -1.564713e-12)
(-5.0327237e-05 -6.6487331e-06 1.0243803e-12)
(-4.8576405e-05 -7.3372321e-06 2.5768529e-12)
(-4.666206e-05 -7.9626936e-06 3.399967e-12)
(-4.461282e-05 -8.4326909e-06 3.7477369e-12)
(-4.2450541e-05 -8.7657334e-06 3.8034872e-12)
(-4.0203999e-05 -8.9781018e-06 3.684782e-12)
(-3.7897514e-05 -9.080381e-06 3.4718619e-12)
(-3.5548831e-05 -9.0641256e-06 3.2217433e-12)
(-3.3173422e-05 -8.9626884e-06 2.9669761e-12)
(-3.0786781e-05 -8.7726408e-06 2.7184228e-12)
(-2.8406046e-05 -8.5082949e-06 2.4820936e-12)
(-2.6039975e-05 -8.2076747e-06 2.2659944e-12)
(-2.3696942e-05 -7.8663278e-06 2.0708833e-12)
(-2.1384835e-05 -7.4997873e-06 1.8921683e-12)
(-1.911013e-05 -7.1156462e-06 1.7267379e-12)
(-1.6878345e-05 -6.7202924e-06 1.572758e-12)
(-1.4693518e-05 -6.3344977e-06 1.4276683e-12)
(-1.2558613e-05 -5.9621284e-06 1.286656e-12)
(-1.0475457e-05 -5.6110308e-06 1.1431751e-12)
(-8.4461185e-06 -5.3227681e-06 9.8737598e-13)
(-6.4729215e-06 -4.8231982e-06 7.9969292e-13)
(-4.5558548e-06 -5.6560557e-06 6.3104845e-13)
(-2.6884583e-06 -2.049056e-06 2.4561648e-13)
(-8.7529338e-07 -4.7655062e-06 1.9865096e-13)
(-4.9928082e-05 -5.7209801e-06 -2.105183e-12)
(-4.8508452e-05 -6.5172146e-06 4.5291117e-13)
(-4.6911336e-05 -7.2242605e-06 1.9912307e-12)
(-4.5160382e-05 -7.8564186e-06 2.8195198e-12)
(-4.3276447e-05 -8.3862571e-06 3.1942789e-12)
(-4.1279268e-05 -8.802687e-06 3.2888296e-12)
(-3.9193749e-05 -9.1149936e-06 3.2166997e-12)
(-3.7037481e-05 -9.3253492e-06 3.0557201e-12)
(-3.4827884e-05 -9.4303827e-06 2.8545429e-12)
(-3.2581866e-05 -9.4480229e-06 2.6419256e-12)
(-3.0314164e-05 -9.4155048e-06 2.4310066e-12)
(-2.8040486e-05 -9.3220134e-06 2.2276279e-12)
(-2.5768508e-05 -9.1572678e-06 2.0378107e-12)
(-2.3506015e-05 -8.9475495e-06 1.8649131e-12)
(-2.1260772e-05 -8.705802e-06 1.7073237e-12)
(-1.9039714e-05 -8.4384409e-06 1.5620729e-12)
(-1.6848661e-05 -8.1530291e-06 1.4268136e-12)
(-1.469268e-05 -7.8635019e-06 1.298839e-12)
(-1.2576143e-05 -7.5679744e-06 1.1735597e-12)
(-1.0503325e-05 -7.2706511e-06 1.0449646e-12)
(-8.477768e-06 -7.0278985e-06 9.0439921e-13)
(-6.5018e-06 -6.522837e-06 7.3186136e-13)
(-4.5757577e-06 -7.4206443e-06 5.8019552e-13)
(-2.7066993e-06 -4.2259896e-06 2.2263853e-13)
(-8.8863861e-07 -6.3766485e-06 1.7796621e-13)
(-4.80007e-05 -5.5810048e-06 -2.6117264e-12)
(-4.6698966e-05 -6.3996683e-06 -8.3420829e-14)
(-4.5230337e-05 -7.1190312e-06 1.4659862e-12)
(-4.3614365e-05 -7.7824625e-06 2.3150089e-12)
(-4.1869726e-05 -8.3745761e-06 2.7114606e-12)
(-4.0016379e-05 -8.8513486e-06 2.8338866e-12)
(-3.8071495e-05 -9.235402e-06 2.7989721e-12)
(-3.6050811e-05 -9.533963e-06 2.6801913e-12)
(-3.3970775e-05 -9.7475047e-06 2.5192445e-12)
(-3.1847183e-05 -9.880549e-06 2.3421273e-12)
(-2.9693359e-05 -9.9500632e-06 2.1638029e-12)
(-2.751836e-05 -9.9618582e-06 1.9911995e-12)
(-2.5334149e-05 -9.9146625e-06 1.8274887e-12)
(-2.3150235e-05 -9.8194101e-06 1.6755073e-12)
(-2.097425e-05 -9.6855982e-06 1.5363513e-12)
(-1.8813067e-05 -9.5172512e-06 1.4083671e-12)
(-1.6672696e-05 -9.3198233e-06 1.2890139e-12)
(-1.4558695e-05 -9.1008256e-06 1.175666e-12)
(-1.2476176e-05 -8.8650205e-06 1.0642889e-12)
(-1.0430287e-05 -8.6189815e-06 9.4937995e-13)
(-8.4252913e-06 -8.3940508e-06 8.2269435e-13)
(-6.4645347e-06 -7.8614188e-06 6.6619835e-13)
(-4.5519358e-06 -8.8664616e-06 5.2954128e-13)
(-2.6883388e-06 -6.1121211e-06 1.9911079e-13)
(-8.8044479e-07 -7.62645e-06 1.6070632e-13)
(-4.609942e-05 -5.4662454e-06 -3.0472505e-12)
(-4.4898381e-05 -6.3030884e-06 -5.5194398e-13)
(-4.3539769e-05 -7.0060834e-06 9.8282831e-13)
(-4.2040206e-05 -7.7005382e-06 1.8525248e-12)
(-4.0416419e-05 -8.3677078e-06 2.2854624e-12)
(-3.868523e-05 -8.8902918e-06 2.4395819e-12)
(-3.686182e-05 -9.3336611e-06 2.4390829e-12)
(-3.4961611e-05 -9.7019875e-06 2.354888e-12)
(-3.2998895e-05 -9.9989637e-06 2.2270288e-12)
(-3.0986721e-05 -1.022426e-05 2.0800672e-12)
(-2.8936837e-05 -1.0376477e-05 1.9282145e-12)
(-2.6858214e-05 -1.0469222e-05 1.7803717e-12)
(-2.4762297e-05 -1.0508887e-05 1.6391997e-12)
(-2.265888e-05 -1.0498933e-05 1.5060312e-12)
(-2.0555938e-05 -1.0447608e-05 1.3826365e-12)
(-1.8460664e-05 -1.0358269e-05 1.2686825e-12)
(-1.6379541e-05 -1.0234001e-05 1.1625169e-12)
(-1.4318519e-05 -1.0078408e-05 1.0617437e-12)
(-1.2283081e-05 -9.8970639e-06 9.6268868e-13)
(-1.0277847e-05 -9.6966908e-06 8.6017347e-13)
(-8.3071518e-06 -9.5073983e-06 7.4643248e-13)
(-6.3755645e-06 -9.1101948e-06 6.0451744e-13)
(-4.4882818e-06 -9.8684047e-06 4.7707314e-13)
(-2.6468382e-06 -7.0105654e-06 1.6946033e-13)
(-8.6264618e-07 -8.8268095e-06 1.4103914e-13)
(-4.4224519e-05 -5.3589986e-06 -3.3627974e-12)
(-4.3110469e-05 -6.1894455e-06 -9.4686795e-13)
(-4.1847265e-05 -6.9326381e-06 5.6806684e-13)
(-4.044926e-05 -7.6394479e-06 1.4410741e-12)
(-3.8931406e-05 -8.3066852e-06 1.8934667e-12)
(-3.7308148e-05 -8.8781114e-06 2.0820136e-12)
(-3.5593318e-05 -9.3749712e-06 2.1179127e-12)
(-3.3800597e-05 -9.7994037e-06 2.0663878e-12)
(-3.1942746e-05 -1.0154391e-05 1.9681261e-12)
(-3.0031473e-05 -1.044266e-05 1.8480879e-12)
(-2.8077665e-05 -1.0670807e-05 1.7213391e-12)
(-2.6091976e-05 -1.0839262e-05 1.5953742e-12)
(-2.4083731e-05 -1.0945088e-05 1.4728519e-12)
(-2.2061723e-05 -1.0999717e-05 1.3564355e-12)
(-2.0034257e-05 -1.1010496e-05 1.2475914e-12)
(-1.8008812e-05 -1.0978718e-05 1.1461356e-12)
(-1.599225e-05 -1.0909496e-05 1.0513924e-12)
(-1.3990729e-05 -1.0805478e-05 9.6132525e-13)
(-1.2009867e-05 -1.0668429e-05 8.7251153e-13)
(-1.0054546e-05 -1.050285e-05 7.8020039e-13)
(-8.1293638e-06 -1.0343004e-05 6.7737248e-13)
(-6.2390129e-06 -9.9900873e-06 5.477493e-13)
(-4.3877988e-06 -1.0590916e-05 4.3090651e-13)
(-2.5930227e-06 -7.7187724e-06 1.4611623e-13)
(-8.5127395e-07 -9.6141137e-06 1.2538656e-13)
(-4.2380558e-05 -5.2508834e-06 -3.5537702e-12)
(-4.1342537e-05 -6.0758316e-06 -1.2575161e-12)
(-4.0163033e-05 -6.8357959e-06 2.1074664e-13)
(-3.8854694e-05 -7.5492932e-06 1.0805651e-12)
(-3.7430771e-05 -8.2172888e-06 1.5466327e-12)
(-3.5904027e-05 -8.8174299e-06 1.7606647e-12)
(-3.4286967e-05 -9.3470764e-06 1.8259459e-12)
(-3.2591824e-05 -9.8107897e-06 1.8037182e-12)
(-3.0830229e-05 -1.020892e-05 1.7333418e-12)
(-2.9013101e-05 -1.054443e-05 1.6386911e-12)
(-2.7150803e-05 -1.0821555e-05 1.5337599e-12)
(-2.5253449e-05 -1.1039603e-05 1.4266788e-12)
(-2.3329917e-05 -1.1203557e-05 1.3220557e-12)
(-2.1388536e-05 -1.1314436e-05 1.2217498e-12)
(-1.943741e-05 -1.137292e-05 1.1267173e-12)
(-1.7484027e-05 -1.1385836e-05 1.0375479e-12)
(-1.553549e-05 -1.135721e-05 9.5365461e-13)
(-1.3598128e-05 -1.1289155e-05 8.7329752e-13)
(-1.167761e-05 -1.1182773e-05 7.9363744e-13)
(-9.7795369e-06 -1.1042081e-05 7.1040897e-13)
(-7.9090524e-06 -1.0899412e-05 6.1721338e-13)
(-6.071466e-06 -1.0546275e-05 4.9731581e-13)
(-4.2728763e-06 -1.1070111e-05 3.9246576e-13)
(-2.5249451e-06 -8.3066286e-06 1.3117612e-13)
(-8.2752121e-07 -1.0108253e-05 1.131574e-13)
(-4.0575465e-05 -5.1218515e-06 -3.7319776e-12)
(-3.9604572e-05 -5.9398441e-06 -1.5220861e-12)
(-3.8499325e-05 -6.7111432e-06 -8.8081776e-14)
(-3.7271035e-05 -7.4147926e-06 7.7128743e-13)
(-3.5931188e-05 -8.0767244e-06 1.2402074e-12)
(-3.4491554e-05 -8.6964818e-06 1.4711114e-12)
(-3.2963352e-05 -9.246298e-06 1.5597373e-12)
(-3.1357798e-05 -9.7340057e-06 1.562222e-12)
(-2.9685482e-05 -1.0159372e-05 1.5154823e-12)
(-2.7956666e-05 -1.0525242e-05 1.4429295e-12)
(-2.6181212e-05 -1.0832835e-05 1.3581133e-12)
(-2.4368424e-05 -1.1085192e-05 1.269261e-12)
(-2.2527103e-05 -1.1285985e-05 1.1811664e-12)
(-2.0665416e-05 -1.1433421e-05 1.0958196e-12)
(-1.8790776e-05 -1.1529396e-05 1.0144169e-12)
(-1.6910681e-05 -1.1578213e-05 9.3736015e-13)
(-1.5032806e-05 -1.1580975e-05 8.6406116e-13)
(-1.3163463e-05 -1.1539833e-05 7.9321475e-13)
(-1.1308384e-05 -1.1455349e-05 7.2240022e-13)
(-9.4729585e-06 -1.1331812e-05 6.4797064e-13)
(-7.6631142e-06 -1.1197843e-05 5.6412797e-13)
(-5.8845948e-06 -1.0850006e-05 4.5438722e-13)
(-4.1440595e-06 -1.1333605e-05 3.6127707e-13)
(-2.4467204e-06 -8.7357611e-06 1.2176118e-13)
(-7.9901224e-07 -1.037977e-05 1.0483943e-13)
(-3.8819467e-05 -4.9631748e-06 -3.960525e-12)
(-3.7908277e-05 -5.7680163e-06 -1.7927184e-12)
(-3.6869429e-05 -6.5295539e-06 -3.8641711e-13)
(-3.5713081e-05 -7.208105e-06 4.6826628e-13)
(-3.4449671e-05 -7.8724928e-06 9.5500315e-13)
(-3.3089312e-05 -8.5111882e-06 1.2064779e-12)
(-3.1642599e-05 -9.0578765e-06 1.3114425e-12)
(-3.011977e-05 -9.5494454e-06 1.332761e-12)
(-2.8530658e-05 -9.9884338e-06 1.3072271e-12)
(-2.6884764e-05 -1.0372455e-05 1.2553719e-12)
(-2.5191961e-05 -1.0702775e-05 1.1901943e-12)
(-2.3460245e-05 -1.0978649e-05 1.1189631e-12)
(-2.1698823e-05 -1.1200891e-05 1.046529e-12)
(-1.9915753e-05 -1.1371447e-05 9.7557759e-13)
(-1.8117422e-05 -1.1490806e-05 9.0703586e-13)
(-1.6310391e-05 -1.1562439e-05 8.4136452e-13)
(-1.4505135e-05 -1.1587708e-05 7.7831814e-13)
(-1.2706872e-05 -1.156644e-05 7.1683484e-13)
(-1.0921074e-05 -1.1499568e-05 6.5479314e-13)
(-9.1521605e-06 -1.1389909e-05 5.8902066e-13)
(-7.4067039e-06 -1.1263259e-05 5.1451801e-13)
(-5.6906072e-06 -1.0928415e-05 4.1516595e-13)
(-4.0074993e-06 -1.1383238e-05 3.3281922e-13)
(-2.3661289e-06 -8.9794427e-06 1.1405533e-13)
(-7.7097191e-07 -1.0444474e-05 9.748815e-14)
(-3.7124365e-05 -4.7653694e-06 -4.2385675e-12)
(-3.6266733e-05 -5.5437679e-06 -2.1054511e-12)
(-3.528776e-05 -6.2765763e-06 -7.1304603e-13)
(-3.4196518e-05 -6.9569393e-06 1.5419255e-13)
(-3.3002429e-05 -7.6068412e-06 6.6526198e-13)
(-3.1714937e-05 -8.2189231e-06 9.4032054e-13)
(-3.034339e-05 -8.7706178e-06 1.0700917e-12)
(-2.8897385e-05 -9.267946e-06 1.1147504e-12)
(-2.7386218e-05 -9.7115168e-06 1.1099999e-12)
(-2.5818896e-05 -1.0097976e-05 1.0764722e-12)
(-2.4204589e-05 -1.0433538e-05 1.028695e-12)
(-2.2550694e-05 -1.0721346e-05 9.7446273e-13)
(-2.0867233e-05 -1.0957101e-05 9.1729425e-13)
(-1.9164545e-05 -1.1140612e-05 8.5980859e-13)
(-1.7447403e-05 -1.1272767e-05 8.0324397e-13)
(-1.5719439e-05 -1.1359772e-05 7.4836355e-13)
(-1.3984361e-05 -1.140126e-05 6.9515419e-13)
(-1.2250742e-05 -1.1394238e-05 6.4274552e-13)
(-1.0526984e-05 -1.1337908e-05 5.8897481e-13)
(-8.8213112e-06 -1.1236256e-05 5.3118045e-13)
(-7.1390212e-06 -1.1116866e-05 4.6532992e-13)
(-5.4852298e-06 -1.0789579e-05 3.7621981e-13)
(-3.8621467e-06 -1.1218343e-05 3.0384882e-13)
(-2.2797401e-06 -9.0238067e-06 1.0486356e-13)
(-7.4193118e-07 -1.0308853e-05 8.8383595e-14)
(-3.5502841e-05 -4.5319166e-06 -4.5253192e-12)
(-3.469355e-05 -5.2747406e-06 -2.4306285e-12)
(-3.3768907e-05 -5.9768515e-06 -1.0450161e-12)
(-3.2736957e-05 -6.6407272e-06 -1.6430718e-13)
(-3.1606038e-05 -7.2608733e-06 3.6892847e-13)
(-3.0384878e-05 -7.8472744e-06 6.7206411e-13)
(-2.9083094e-05 -8.3925975e-06 8.3043617e-13)
(-2.7709121e-05 -8.880319e-06 9.0012085e-13)
(-2.6271702e-05 -9.3165827e-06 9.1766551e-13)
(-2.4779247e-05 -9.7062456e-06 9.0582838e-13)
(-2.3244112e-05 -1.0045582e-05 8.767565e-13)
(-2.1675599e-05 -1.0333428e-05 8.3781478e-13)
(-2.0069509e-05 -1.0574799e-05 7.9412409e-13)
(-1.843277e-05 -1.0767264e-05 7.4882478e-13)
(-1.6778004e-05 -1.0906588e-05 7.0350671e-13)
(-1.5115564e-05 -1.0992129e-05 6.5870764e-13)
(-1.344699e-05 -1.1030879e-05 6.1473842e-13)
(-1.177999e-05 -1.1028732e-05 5.7095744e-13)
(-1.0122114e-05 -1.0982329e-05 5.250661e-13)
(-8.4814771e-06 -1.0892514e-05 4.7477048e-13)
(-6.8631187e-06 -1.0780993e-05 4.16771e-13)
(-5.2717839e-06 -1.0472994e-05 3.3784014e-13)
(-3.7124108e-06 -1.0862554e-05 2.7385825e-13)
(-2.1899872e-06 -8.8721231e-06 9.3462467e-14)
(-7.1268603e-07 -9.9899872e-06 7.8414251e-14)
(-3.3967668e-05 -4.2654816e-06 -4.8000503e-12)
(-3.3202201e-05 -4.9647181e-06 -2.74539e-12)
(-3.2326691e-05 -5.6313155e-06 -1.3619947e-12)
(-3.1348481e-05 -6.2673423e-06 -4.6747081e-13)
(-3.0275593e-05 -6.8441277e-06 8.416904e-14)
(-2.9116825e-05 -7.4026527e-06 4.119348e-13)
(-2.7879824e-05 -7.936177e-06 5.9714054e-13)
(-2.6574949e-05 -8.4039656e-06 6.9249731e-13)
(-2.5214615e-05 -8.8263034e-06 7.3376023e-13)
(-2.3801265e-05 -9.2086909e-06 7.4248345e-13)
(-2.2332553e-05 -9.5483491e-06 7.3085571e-13)
(-2.0819493e-05 -9.828772e-06 7.0718235e-13)
(-1.9273979e-05 -1.0051885e-05 6.7713444e-13)
(-1.7699314e-05 -1.0231632e-05 6.436563e-13)
(-1.6106023e-05 -1.0371246e-05 6.086444e-13)
(-1.4504889e-05 -1.0464474e-05 5.7301244e-13)
(-1.2904042e-05 -1.0510763e-05 5.3727608e-13)
(-1.1308266e-05 -1.0515968e-05 5.0129513e-13)
(-9.7219178e-06 -1.0477555e-05 4.6302782e-13)
(-8.1492477e-06 -1.0397035e-05 4.2028887e-13)
(-6.5960165e-06 -1.0288768e-05 3.697655e-13)
(-5.0676453e-06 -1.0016528e-05 3.0123876e-13)
(-3.5684757e-06 -1.0358232e-05 2.4454358e-13)
(-2.1053378e-06 -8.5593633e-06 8.2048913e-14)
(-6.8507181e-07 -9.5430186e-06 7.0464276e-14)
(-3.2531547e-05 -3.9628013e-06 -5.0758048e-12)
(-3.1805761e-05 -4.6142021e-06 -3.0470325e-12)
(-3.0974912e-05 -5.239415e-06 -1.6572544e-12)
(-3.0046039e-05 -5.8330829e-06 -7.4896792e-13)
(-2.9026922e-05 -6.3841978e-06 -1.7924442e-13)
(-2.7928147e-05 -6.9077747e-06 1.6936088e-13)
(-2.6759589e-05 -7.4026249e-06 3.7658169e-13)
(-2.5523587e-05 -7.855802e-06 4.9435552e-13)
(-2.421703e-05 -8.2645392e-06 5.5724591e-13)
(-2.2852899e-05 -8.6151249e-06 5.8549312e-13)
(-2.1437178e-05 -8.9135639e-06 5.9094801e-13)
(-1.9976256e-05 -9.1765171e-06 5.8199255e-13)
(-1.8490003e-05 -9.4013083e-06 5.6445508e-13)
(-1.6985843e-05 -9.5806665e-06 5.417795e-13)
(-1.5466504e-05 -9.7167634e-06 5.1633714e-13)
(-1.3935892e-05 -9.8111868e-06 4.89715e-13)
(-1.2401469e-05 -9.862128e-06 4.6214249e-13)
(-1.0869574e-05 -9.8706202e-06 4.3339758e-13)
(-9.3457244e-06 -9.8371093e-06 4.0214278e-13)
(-7.8349342e-06 -9.7641597e-06 3.665383e-13)
(-6.342528e-06 -9.6621199e-06 3.2347092e-13)
(-4.8738704e-06 -9.4181873e-06 2.6448803e-13)
(-3.4320782e-06 -9.7201669e-06 2.1523258e-13)
(-2.0242481e-06 -8.115197e-06 7.0585294e-14)
(-6.5765573e-07 -8.9635096e-06 6.2001895e-14)
(-3.120658e-05 -3.6276718e-06 -5.358682e-12)
(-3.0516781e-05 -4.22929e-06 -3.3371329e-12)
(-2.9727466e-05 -4.8067162e-06 -1.9396959e-12)
(-2.8846139e-05 -5.3548867e-06 -1.0177967e-12)
(-2.7884331e-05 -5.8724433e-06 -4.295373e-13)
(-2.6844241e-05 -6.3630742e-06 -6.142728e-14)
(-2.5721606e-05 -6.8200397e-06 1.6563272e-13)
(-2.4523264e-05 -7.2235109e-06 3.0327916e-13)
(-2.3257788e-05 -7.5813165e-06 3.8464111e-13)
(-2.1938297e-05 -7.9077969e-06 4.2991386e-13)
(-2.0582187e-05 -8.1974483e-06 4.5169108e-13)
(-1.9194252e-05 -8.4475422e-06 4.5746287e-13)
(-1.7775291e-05 -8.6574435e-06 4.5230615e-13)
(-1.6333563e-05 -8.8264061e-06 4.4034797e-13)
(-1.4875138e-05 -8.9551447e-06 4.2439453e-13)
(-1.3405671e-05 -9.0445163e-06 4.0615637e-13)
(-1.1931934e-05 -9.0940639e-06 3.8625179e-13)
(-1.0459528e-05 -9.1046567e-06 3.6468175e-13)
(-8.9941047e-06 -9.0755831e-06 3.4030978e-13)
(-7.5409535e-06 -9.0096269e-06 3.1168392e-13)
(-6.1052725e-06 -8.9167584e-06 2.7618123e-13)
(-4.6922689e-06 -8.6921209e-06 2.2619611e-13)
(-3.3050562e-06 -8.969299e-06 1.8534657e-13)
(-1.9484709e-06 -7.5621688e-06 5.9162272e-14)
(-6.3202632e-07 -8.2744638e-06 5.3074543e-14)
(-3.0004748e-05 -3.2682611e-06 -5.6474444e-12)
(-2.9349135e-05 -3.8141017e-06 -3.6307752e-12)
(-2.8604294e-05 -4.3392431e-06 -2.227311e-12)
(-2.7771997e-05 -4.8442749e-06 -1.2912617e-12)
(-2.6849502e-05 -5.3210258e-06 -6.8411377e-13)
(-2.5835913e-05 -5.7466973e-06 -2.9591085e-13)
(-2.4741748e-05 -6.1364076e-06 -4.8802142e-14)
(-2.3580861e-05 -6.5043518e-06 1.0806267e-13)
(-2.2371712e-05 -6.8388803e-06 2.0714442e-13)
(-2.1116273e-05 -7.1386316e-06 2.6864785e-13)
(-1.9818383e-05 -7.4033171e-06 3.0541702e-13)
(-1.8485383e-05 -7.6319295e-06 3.2527211e-13)
(-1.7122554e-05 -7.8238762e-06 3.3318099e-13)
(-1.5736561e-05 -7.9790893e-06 3.3291946e-13)
(-1.4333631e-05 -8.0975299e-06 3.2723676e-13)
(-1.2919741e-05 -8.1793411e-06 3.1795488e-13)
(-1.1501013e-05 -8.2251334e-06 3.0609857e-13)
(-1.0083049e-05 -8.2359274e-06 2.9196348e-13)
(-8.6713064e-06 -8.210997e-06 2.7480884e-13)
(-7.2710409e-06 -8.1525507e-06 2.5348219e-13)
(-5.8873008e-06 -8.0699741e-06 2.2580654e-13)
(-4.5251878e-06 -7.8587662e-06 1.8491282e-13)
(-3.1879639e-06 -8.116534e-06 1.5313632e-13)
(-1.8794427e-06 -6.9024245e-06 4.5792493e-14)
(-6.0912602e-07 -7.4893846e-06 4.3089684e-14)
(-2.8945467e-05 -2.8871624e-06 -5.9624148e-12)
(-2.832587e-05 -3.3771363e-06 -3.9505052e-12)
(-2.7610724e-05 -3.8481542e-06 -2.5401568e-12)
(-2.6799302e-05 -4.2839264e-06 -1.5881221e-12)
(-2.5892257e-05 -4.6814679e-06 -9.6075529e-13)
(-2.4904051e-05 -5.0489809e-06 -5.5093636e-13)
(-2.3855145e-05 -5.4031729e-06 -2.8251398e-13)
(-2.2750267e-05 -5.7352595e-06 -1.0557472e-13)
(-2.1590972e-05 -6.0323462e-06 1.2086685e-14)
(-2.0383721e-05 -6.2987193e-06 9.0724449e-14)
(-1.9134669e-05 -6.5336108e-06 1.4317125e-13)
(-1.7850422e-05 -6.7365344e-06 1.7770124e-13)
(-1.6537012e-05 -6.9072559e-06 1.9954209e-13)
(-1.5200654e-05 -7.0456142e-06 2.1219637e-13)
(-1.3847413e-05 -7.1515871e-06 2.1820736e-13)
(-1.2483188e-05 -7.2253296e-06 2.1936953e-13)
(-1.1113755e-05 -7.2669841e-06 2.167799e-13)
(-9.7446566e-06 -7.2770991e-06 2.1099101e-13)
(-8.3812312e-06 -7.2556372e-06 2.0180672e-13)
(-7.0285763e-06 -7.2040911e-06 1.8843959e-13)
(-5.6915879e-06 -7.1329479e-06 1.6933739e-13)
(-4.3752423e-06 -6.9360798e-06 1.3832234e-13)
(-3.0831565e-06 -7.1682028e-06 1.1597037e-13)
(-1.8185389e-06 -6.1389872e-06 2.8248018e-14)
(-5.8832558e-07 -6.6162836e-06 3.0983783e-14)
(-2.8033527e-05 -2.4915033e-06 -6.3184867e-12)
(-2.7430732e-05 -2.9039169e-06 -4.3068163e-12)
(-2.6721609e-05 -3.2892983e-06 -2.8867053e-12)
(-2.5920005e-05 -3.6496349e-06 -1.917441e-12)
(-2.5042365e-05 -3.9923336e-06 -1.2683452e-12)
(-2.4100553e-05 -4.316771e-06 -8.3504929e-13)
(-2.3094327e-05 -4.6215159e-06 -5.4378216e-13)
(-2.2028913e-05 -4.9044351e-06 -3.4515834e-13)
(-2.0910045e-05 -5.1605401e-06 -2.0727214e-13)
(-1.974395e-05 -5.3896646e-06 -1.0991969e-13)
(-1.8536857e-05 -5.5916134e-06 -4.0188431e-14)
(-1.7295045e-05 -5.766109e-06 1.0361176e-14)
(-1.602459e-05 -5.9131472e-06 4.7237164e-14)
(-1.4731487e-05 -6.0325519e-06 7.3949264e-14)
(-1.3421627e-05 -6.1241728e-06 9.2882537e-14)
(-1.2100767e-05 -6.1881091e-06 1.0578343e-13)
(-1.0774519e-05 -6.2244215e-06 1.1384019e-13)
(-9.4482726e-06 -6.2332489e-06 1.1773498e-13)
(-8.1272409e-06 -6.2148445e-06 1.1767265e-13)
(-6.8164257e-06 -6.1703153e-06 1.1334516e-13)
(-5.5206556e-06 -6.111479e-06 1.0380421e-13)
(-4.2446667e-06 -5.9368858e-06 8.3820903e-14)
(-2.9930825e-06 -6.1366036e-06 7.1518596e-14)
(-1.7663246e-06 -5.2832828e-06 4.6544039e-15)
(-5.6905225e-07 -5.6692845e-06 1.5530126e-14)
(-2.7253232e-05 -2.0443882e-06 -6.6812875e-12)
(-2.6647528e-05 -2.3729724e-06 -4.6713254e-12)
(-2.5952801e-05 -2.6823613e-06 -3.2452727e-12)
(-2.5181149e-05 -2.9820624e-06 -2.2618271e-12)
(-2.4338985e-05 -3.2676934e-06 -1.5925239e-12)
(-2.3428235e-05 -3.53676e-06 -1.1365807e-12)
(-2.2453354e-05 -3.7867177e-06 -8.2242025e-13)
(-2.1420319e-05 -4.0183487e-06 -6.0152894e-13)
(-2.0334992e-05 -4.2297628e-06 -4.4262984e-13)
(-1.9203341e-05 -4.4183481e-06 -3.2575133e-13)
(-1.8031443e-05 -4.5844024e-06 -2.380148e-13)
(-1.6825375e-05 -4.7276803e-06 -1.709592e-13)
(-1.559111e-05 -4.8484866e-06 -1.188496e-13)
(-1.4334503e-05 -4.9467718e-06 -7.797254e-14)
(-1.3061297e-05 -5.0221053e-06 -4.589645e-14)
(-1.17771e-05 -5.0744021e-06 -2.0814375e-14)
(-1.0487376e-05 -5.104054e-06 -1.3854321e-15)
(-9.1974164e-06 -5.1114864e-06 1.3196125e-14)
(-7.9123201e-06 -5.0969671e-06 2.3303569e-14)
(-6.6369946e-06 -5.0610691e-06 2.8916944e-14)
(-5.3762759e-06 -5.0127969e-06 2.9508112e-14)
(-4.1345496e-06 -4.8693649e-06 2.1377908e-14)
(-2.9183446e-06 -5.0337175e-06 1.9908591e-14)
(-1.7232721e-06 -4.3430352e-06 -2.5020889e-14)
(-5.5178911e-07 -4.6534959e-06 -3.8291211e-15)
(-2.6604979e-05 -1.5604039e-06 -6.9125522e-12)
(-2.6012291e-05 -1.8079779e-06 -4.9347241e-12)
(-2.5342313e-05 -2.051149e-06 -3.5288526e-12)
(-2.4596229e-05 -2.2853208e-06 -2.5504216e-12)
(-2.3777273e-05 -2.5077639e-06 -1.8750559e-12)
(-2.2890097e-05 -2.716229e-06 -1.4071685e-12)
(-2.1939989e-05 -2.9080499e-06 -1.0776197e-12)
(-2.0932702e-05 -3.0862246e-06 -8.3980096e-13)
(-1.9873982e-05 -3.2499415e-06 -6.6381236e-13)
(-1.8769795e-05 -3.3953951e-06 -5.303618e-13)
(-1.7626059e-05 -3.5233811e-06 -4.2692377e-13)
(-1.6448627e-05 -3.6335886e-06 -3.4523752e-13)
(-1.5243323e-05 -3.7263278e-06 -2.7960511e-13)
(-1.4015949e-05 -3.801718e-06 -2.2618004e-13)
(-1.2772124e-05 -3.8595919e-06 -1.8233259e-13)
(-1.1517324e-05 -3.8998806e-06 -1.4614077e-13)
(-1.0256887e-05 -3.9228517e-06 -1.1620583e-13)
(-8.9960106e-06 -3.9288294e-06 -9.1632006e-14)
(-7.7397449e-06 -3.9183751e-06 -7.1875081e-14)
(-6.4929075e-06 -3.8918526e-06 -5.6747563e-14)
(-5.2602636e-06 -3.8536739e-06 -4.6410878e-14)
(-4.0459732e-06 -3.7477153e-06 -4.2990913e-14)
(-2.8585515e-06 -3.8743469e-06 -3.4024437e-14)
(-1.6890185e-06 -3.3335798e-06 -5.7278772e-14)
(-5.3794652e-07 -3.5819799e-06 -2.5484818e-14)
(-2.6118409e-05 -1.0627004e-06 -6.7450467e-12)
(-2.5547538e-05 -1.2388911e-06 -4.8859089e-12)
(-2.4895845e-05 -1.4093954e-06 -3.5682193e-12)
(-2.416676e-05 -1.5725401e-06 -2.6482516e-12)
(-2.3364962e-05 -1.727082e-06 -2.0068665e-12)
(-2.2495481e-05 -1.8715428e-06 -1.5555131e-12)
(-2.1563765e-05 -2.0051809e-06 -1.231433e-12)
(-2.0575545e-05 -2.128144e-06 -9.9266238e-13)
(-1.9536477e-05 -2.2406284e-06 -8.1212446e-13)
(-1.8452465e-05 -2.3416036e-06 -6.721886e-13)
(-1.7329374e-05 -2.4307517e-06 -5.6117488e-13)
(-1.6172954e-05 -2.50831e-06 -4.7134306e-13)
(-1.4988936e-05 -2.5735304e-06 -3.9765995e-13)
(-1.3783009e-05 -2.6261976e-06 -3.3654155e-13)
(-1.2560701e-05 -2.6665727e-06 -2.8532294e-13)
(-1.1327419e-05 -2.6947368e-06 -2.4204786e-13)
(-1.0088411e-05 -2.7107969e-06 -2.0529359e-13)
(-8.8487833e-06 -2.7150243e-06 -1.740719e-13)
(-7.6135086e-06 -2.7082934e-06 -1.4768305e-13)
(-6.3874888e-06 -2.6904984e-06 -1.2578106e-13)
(-5.1752754e-06 -2.6645051e-06 -1.0810893e-13)
(-3.9810737e-06 -2.5956346e-06 -9.5731914e-14)
(-2.8138559e-06 -2.6832466e-06 -7.9036162e-14)
(-1.6625723e-06 -2.2892276e-06 -8.3526453e-14)
(-5.2873454e-07 -2.4825519e-06 -4.4377455e-14)
(-2.5838345e-05 -5.7956464e-07 -5.8111327e-12)
(-2.5281078e-05 -6.7858573e-07 -4.2502607e-12)
(-2.464167e-05 -7.7459935e-07 -3.1502329e-12)
(-2.3924259e-05 -8.6602011e-07 -2.3813347e-12)
(-2.3133833e-05 -9.524506e-07 -1.8413629e-12)
(-2.2275662e-05 -1.0333054e-06 -1.4565843e-12)
(-2.1355277e-05 -1.1084995e-06 -1.1760354e-12)
(-2.0378352e-05 -1.1775507e-06 -9.6604125e-13)
(-1.9350798e-05 -1.2402339e-06 -8.046993e-13)
(-1.8278385e-05 -1.2969209e-06 -6.7762635e-13)
(-1.7166956e-05 -1.3472512e-06 -5.7541749e-13)
(-1.6022321e-05 -1.3909737e-06 -4.9172947e-13)
(-1.4850199e-05 -1.4278883e-06 -4.2223179e-13)
(-1.365617e-05 -1.4579429e-06 -3.6381845e-13)
(-1.2445738e-05 -1.4811837e-06 -3.1425988e-13)
(-1.122427e-05 -1.4977165e-06 -2.7182491e-13)
(-9.9969889e-06 -1.5076887e-06 -2.3527064e-13)
(-8.7689729e-06 -1.5110035e-06 -2.037242e-13)
(-7.5451428e-06 -1.5072294e-06 -1.76605e-13)
(-6.3303792e-06 -1.4969216e-06 -1.5345286e-13)
(-5.1292033e-06 -1.4834677e-06 -1.3365393e-13)
(-3.9459646e-06 -1.4466922e-06 -1.1754851e-13)
(-2.7881148e-06 -1.498526e-06 -9.8638405e-14)
(-1.6465085e-06 -1.2543719e-06 -9.1215411e-14)
(-5.2488853e-07 -1.3879035e-06 -5.3296926e-14)
(-2.5711853e-05 -1.29844e-07 -3.7265369e-12)
(-2.5162676e-05 -1.522089e-07 -2.7376394e-12)
(-2.4530543e-05 -1.7440592e-07 -2.0493201e-12)
(-2.3819875e-05 -1.9601658e-07 -1.5673276e-12)
(-2.3035689e-05 -2.1647413e-07 -1.2267886e-12)
(-2.2183376e-05 -2.356366e-07 -9.8188552e-13)
(-2.1268564e-05 -2.5352015e-07 -8.0139094e-13)
(-2.0297037e-05 -2.6996802e-07 -6.6477724e-13)
(-1.927467e-05 -2.8487744e-07 -5.586471e-13)
(-1.8207365e-05 -2.9841738e-07 -4.7420794e-13)
(-1.710097e-05 -3.1053174e-07 -4.0574131e-13)
(-1.5961316e-05 -3.2104399e-07 -3.493496e-13)
(-1.4794121e-05 -3.2990909e-07 -3.0228914e-13)
(-1.3604977e-05 -3.3712958e-07 -2.6257388e-13)
(-1.2399377e-05 -3.4283448e-07 -2.2868029e-13)
(-1.118269e-05 -3.4719203e-07 -1.9936965e-13)
(-9.9601516e-06 -3.5010223e-07 -1.7391616e-13)
(-8.7368457e-06 -3.5137014e-07 -1.5175041e-13)
(-7.5176933e-06 -3.5001057e-07 -1.3241893e-13)
(-6.3073654e-06 -3.4739626e-07 -1.158866e-13)
(-5.1105448e-06 -3.4486389e-07 -1.0150371e-13)
(-3.931602e-06 -3.3473911e-07 -8.9149998e-14)
(-2.7760315e-06 -3.5562067e-07 -7.5857634e-14)
(-1.6387932e-06 -2.636689e-07 -6.6614842e-14)
(-5.2484201e-07 -3.218988e-07 -4.2438227e-14)
)
;

boundaryField
{
    Walls
    {
        type            noSlip;
    }
    Inlet
    {
        type            pressureInletVelocity;
        value           nonuniform List<vector> 3((1.4431992 -0 -0) (1.4643946 -0 -0) (1.593231 -0 -0));
    }
    Outlet
    {
        type            pressureInletOutletVelocity;
        value           nonuniform List<vector> 
86
(
(-2.6996827e-05 0 0)
(-2.7004616e-05 0 0)
(-2.6826625e-05 0 0)
(-2.6547203e-05 0 0)
(-2.6174325e-05 0 0)
(-2.5711853e-05 0 0)
(-2.5162676e-05 1.7460114e-19 3.0781278e-19)
(-2.4530543e-05 -1.7021483e-19 2.600693e-19)
(-2.3819875e-05 0 0)
(-2.3035689e-05 0 0)
(-2.2183376e-05 0 0)
(-2.1268564e-05 0 0)
(-2.0297037e-05 -1.4083898e-19 -1.2911176e-19)
(-1.927467e-05 1.3374489e-19 -1.1352627e-19)
(-1.8207365e-05 0 0)
(-1.710097e-05 0 0)
(-1.5961316e-05 0 0)
(-1.4794121e-05 0 0)
(-1.3604977e-05 0 0)
(-1.2399377e-05 0 0)
(-1.118269e-05 0 0)
(-9.9601516e-06 0 0)
(-8.7368457e-06 0 0)
(-7.5176933e-06 0 0)
(-6.3073654e-06 0 0)
(-5.1105448e-06 0 0)
(-3.931602e-06 0 0)
(-2.7760315e-06 3.8525177e-20 0)
(-1.6387932e-06 -2.2742825e-20 0)
(-5.2484201e-07 0 0)
(-2.7270001e-06 0.10191632 -1.7459873e-07)
(8.6348362e-05 0.070917215 -1.5905705e-07)
(2.6015643e-05 0.021402652 -1.1652992e-07)
(0 -0.0069184081 0)
(0 -0.011689761 0)
(0 -0.0060500882 0)
(0 -0.0014196045 0)
(-2.2178891e-06 0.00014563158 -2.4470413e-09)
(-2.4327692e-06 0.00017683992 -1.1627397e-09)
(0 -8.8941007e-05 0)
(0 -0.00020355106 0)
(0 -0.00018002288 0)
(0 -0.00011548007 0)
(0 -5.6951794e-05 0)
(0 -1.9326224e-05 0)
(4.5809147e-07 7.3760982e-07 6.0701404e-13)
(6.036987e-07 1.0199596e-05 1.5537008e-13)
(5.1103864e-07 1.4863074e-05 2.2480519e-13)
(3.1911068e-07 1.7487371e-05 3.8993587e-13)
(1.3542529e-07 1.838139e-05 4.7984499e-13)
(-4.4190529e-08 1.7954881e-05 4.7896931e-13)
(-2.2193118e-07 1.6601319e-05 4.2510653e-13)
(-3.5705809e-07 1.4540815e-05 3.7229776e-13)
(-4.7763551e-07 1.153083e-05 3.2499809e-13)
(-6.0733817e-07 8.4753996e-06 2.9147602e-13)
(-7.0235217e-07 5.4439978e-06 2.7129128e-13)
(-7.7001468e-07 2.2889341e-06 2.598687e-13)
(-8.2536811e-07 -4.3090347e-07 2.4222441e-13)
(0 -2.7553616e-06 0)
(0 -4.7655062e-06 0)
(0 -6.3766485e-06 0)
(0 -7.62645e-06 0)
(0 -8.8268095e-06 0)
(0 -9.6141137e-06 0)
(0 -1.0108253e-05 0)
(0 -1.037977e-05 0)
(0 -1.0444474e-05 0)
(0 -1.0308853e-05 0)
(0 -9.9899872e-06 0)
(0 -9.5430186e-06 0)
(0 -8.9635096e-06 0)
(0 -8.2744638e-06 0)
(0 -7.4893846e-06 0)
(0 -6.6162836e-06 0)
(0 -5.6692845e-06 0)
(0 -4.6534959e-06 0)
(0 -3.5819799e-06 0)
(0 -2.4825519e-06 0)
(0 -1.3879035e-06 0)
(0 -3.218988e-07 0)
(0 -0.00086972916 0)
(0 -0.0046288847 0)
(0 -0.010454887 0)
(0 -0.0074081368 0)
(-1.9573435e-05 0.01828643 -1.1468567e-07)
(-8.576319e-05 0.067451301 -1.5777751e-07)
)
;
    }
    Front
    {
        type            wedge;
    }
    Back
    {
        type            wedge;
    }
    defaultFaces
    {
        type            empty;
    }
}


// ************************************************************************* //
