/*--------------------------------*- C++ -*----------------------------------*\
| =========                 |                                                 |
| \\      /  F ield         | OpenFOAM: The Open Source CFD Toolbox           |
|  \\    /   O peration     | Version:  4.0                                   |
|   \\  /    A nd           | Web:      www.OpenFOAM.org                      |
|    \\/     M anipulation  |                                                 |
\*---------------------------------------------------------------------------*/
FoamFile
{
    version     2.0;
    format      ascii;
    class       volVectorField;
    location    "0.43";
    object      U;
}
// * * * * * * * * * * * * * * * * * * * * * * * * * * * * * * * * * * * * * //

dimensions      [0 1 -1 0 0 0 0];

internalField   nonuniform List<vector> 
1740
(
(1.6204192 0.0019517759 4.5905158e-06)
(1.5064936 -0.012446521 8.9155173e-07)
(1.6434868 -0.011210902 8.200807e-08)
(1.6620644 0.0078084946 8.6966649e-06)
(1.5369975 -0.036901818 1.4185532e-06)
(1.6493669 -0.0318842 2.9400451e-07)
(1.6325411 0.018438458 1.119148e-05)
(1.6285889 -0.022750933 2.5613907e-06)
(1.5287505 -0.028602711 4.0451004e-07)
(1.5818166 0.00018083787 1.3568679e-05)
(1.7310902 0.013899639 3.2322144e-06)
(1.5703093 0.0028352535 5.8663538e-07)
(1.5918472 -0.0087651209 1.4955699e-05)
(1.645157 0.026168814 4.3737165e-06)
(1.5809316 0.023322202 7.8230164e-07)
(1.6117526 0.0010627881 1.6591098e-05)
(1.5557604 0.020619266 5.1076097e-06)
(1.6217043 0.009826536 9.4537488e-07)
(1.529617 0.005698658 1.7251626e-05)
(1.5496964 -0.010103897 5.8571997e-06)
(1.6194475 -0.011286945 1.1533747e-06)
(1.5453622 -0.010032267 1.8241655e-05)
(1.6512686 -0.024085542 6.6742865e-06)
(1.5477025 -0.010573657 1.3336766e-06)
(1.5723882 -0.019510233 1.8608791e-05)
(1.6549112 -0.0027759989 7.3003287e-06)
(1.5774169 -0.00085055827 1.5220776e-06)
(1.6529735 0.011552292 1.8970189e-05)
(1.5499522 0.011539269 7.954225e-06)
(1.5522222 0.00044665681 1.7231102e-06)
(1.5702959 0.035292885 1.9469971e-05)
(1.5996145 0.025763419 8.5479151e-06)
(1.5883664 -0.00011880012 1.9581605e-06)
(1.4486075 0.0059451519 1.9908002e-05)
(1.6885006 0.011817968 9.1655204e-06)
(1.6298001 -2.9433405e-05 2.1383689e-06)
(1.4642309 -0.022588648 2.0237515e-05)
(1.589433 -0.0026123585 9.6176644e-06)
(1.5547179 0.0055431495 2.3627104e-06)
(1.5788757 -0.0099470914 2.0405857e-05)
(1.6074335 0.0085723433 1.0104402e-05)
(1.599476 0.0055409703 2.5004306e-06)
(1.5905046 -0.0020939997 2.1041149e-05)
(1.5962137 0.0066236818 1.0660799e-05)
(1.6994578 0.0048585441 2.7257317e-06)
(1.5083341 -0.015432227 2.1145867e-05)
(1.5106373 -0.016115916 1.1133567e-05)
(1.6185736 -0.0044380726 2.938487e-06)
(1.5853974 -0.020592252 2.1146949e-05)
(1.5333414 -0.012983784 1.1428225e-05)
(1.5473269 -0.0033123408 3.0900146e-06)
(1.698149 -0.0056322919 2.1393011e-05)
(1.5382139 0.003652252 1.1914291e-05)
(1.6415221 0.0030565144 3.267671e-06)
(1.6328303 0.0071054223 2.1679721e-05)
(1.5382862 0.00041417857 1.2286993e-05)
(1.6327755 -0.00022544821 3.4414396e-06)
(1.5884168 0.001995074 2.1345197e-05)
(1.5385798 -0.0086176629 1.253653e-05)
(1.6001385 -0.0067815568 3.6393258e-06)
(1.6846366 0.0015803852 2.1692584e-05)
(1.5397409 0.0043774185 1.2931233e-05)
(1.5901857 0.0022292088 3.8463578e-06)
(1.6195777 0.0087235841 2.2054678e-05)
(1.5317565 0.018957459 1.3186587e-05)
(1.6359396 0.01316888 3.9818181e-06)
(1.5676785 0.013132228 2.2009313e-05)
(1.5251568 0.0072656427 1.3456987e-05)
(1.6364801 -0.0031934269 4.1597708e-06)
(1.5502126 0.0051700064 2.2130463e-05)
(1.6155062 -0.0087607662 1.3815267e-05)
(1.6143925 -0.015392256 4.2633704e-06)
(1.5453156 -0.021254446 2.2684103e-05)
(1.5924336 -0.041696732 1.4207279e-05)
(1.6093112 -0.013030997 4.4368572e-06)
(1.6781894 -0.021148159 2.2873644e-05)
(1.6027197 -0.023700791 1.4511163e-05)
(1.512613 -0.008326713 4.5489038e-06)
(1.6328485 0.0065424404 2.2285388e-05)
(1.6311041 0.0065342811 1.4729285e-05)
(1.5416782 0.0050962848 4.679437e-06)
(1.6012256 -0.0048954107 2.22146e-05)
(1.5143855 0.0032875762 1.504352e-05)
(1.5337571 0.0044534679 4.8076758e-06)
(1.6174271 0.015704128 2.1874923e-05)
(1.4618817 0.0057240762 1.5140243e-05)
(1.5530763 -0.00062941108 4.814162e-06)
(1.3603078 0.058062111 2.3296197e-05)
(1.305791 0.10977491 1.5722122e-05)
(1.4320725 0.057760768 5.5395578e-06)
(0.85277024 0.37110233 1.2060734e-05)
(0.81850833 0.93967845 1.0089902e-05)
(0.75999049 1.2647698 5.4200772e-06)
(0.23688048 0.11774147 1.6175916e-06)
(0.19531724 0.37868093 3.1547728e-06)
(0.098678939 0.5185715 7.1504827e-07)
(-0.028417753 -0.012711529 1.2131202e-06)
(-0.027763317 -0.02699319 1.6740472e-06)
(-0.016658571 -0.030681635 5.8128772e-07)
(-0.0069869851 -0.0030216221 4.4828868e-07)
(-0.0068239418 -0.0078597464 7.312004e-07)
(-0.0049239394 -0.010369399 3.3267064e-07)
(-0.00024631311 -0.0004050883 1.2361987e-07)
(-0.00027074102 -0.0010847552 2.4360978e-07)
(-0.00015053869 -0.0015488737 1.0753081e-07)
(0.00047726246 -5.126829e-05 2.6496648e-08)
(0.00054159027 -0.00012888494 5.4103754e-08)
(0.0007005479 -0.00015021636 -7.5132646e-09)
(0.0004933459 2.0794924e-05 -3.5036674e-09)
(0.00055035706 5.5531648e-05 -1.2835847e-08)
(0.00065865499 0.00012434392 -5.250843e-08)
(0.00045337337 4.1347836e-05 -1.2754545e-08)
(0.00047724247 0.00011288529 -3.3552404e-08)
(0.00050075812 0.00021165182 -6.3605841e-08)
(0.00039938517 3.7094422e-05 -1.34179e-08)
(0.00040340806 9.6154449e-05 -3.4804266e-08)
(0.00039722029 0.00015627941 -5.8592287e-08)
(0.00033288374 1.917596e-05 -1.0657981e-08)
(0.00033060403 5.0170894e-05 -2.8846271e-08)
(0.00031858754 8.627762e-05 -4.7582468e-08)
(0.00027873902 8.3211312e-06 -7.610588e-09)
(0.00027407678 1.9889879e-05 -2.158834e-08)
(0.00026057843 3.6977528e-05 -3.5965063e-08)
(0.0002408746 5.1959157e-06 -5.316733e-09)
(0.00023573067 1.1800553e-05 -1.5500539e-08)
(0.00022279601 1.8941832e-05 -2.6116873e-08)
(0.0002133624 4.8597783e-06 -3.7570929e-09)
(0.00020858911 1.2719738e-05 -1.0987503e-08)
(0.00019709953 2.1484267e-05 -1.8538599e-08)
(0.00019139416 7.0032193e-06 -2.7432494e-09)
(0.00018725563 1.5573701e-05 -7.7521059e-09)
(0.00017736455 2.3769427e-05 -1.2925012e-08)
(0.00017206119 6.5518041e-06 -1.9648878e-09)
(0.00016854812 1.5522349e-05 -5.3880065e-09)
(0.00016013116 2.4343875e-05 -8.8262614e-09)
(0.00015425485 5.9293047e-06 -1.3608478e-09)
(0.00015130292 1.4265544e-05 -3.6371128e-09)
(0.00014417285 2.2962042e-05 -5.8586691e-09)
(0.00013794701 5.3106355e-06 -9.0451447e-10)
(0.00013548711 1.2560182e-05 -2.3618788e-09)
(0.0001294645 1.9882683e-05 -3.7526891e-09)
(0.00012326817 4.5747313e-06 -5.6922832e-10)
(0.00012122483 1.0793974e-05 -1.4689607e-09)
(0.00011614768 1.6940796e-05 -2.3131085e-09)
(0.00011021549 3.9410223e-06 -3.4546818e-10)
(0.00010851802 9.1929666e-06 -8.8041904e-10)
(0.00010423714 1.4594863e-05 -1.3756324e-09)
(9.8664462e-05 3.4753074e-06 -2.1060597e-10)
(9.7252534e-05 8.0800044e-06 -5.1955137e-10)
(9.3634291e-05 1.2773451e-05 -7.960666e-10)
(8.8440192e-05 3.0995921e-06 -1.3299534e-10)
(8.7263293e-05 7.2703183e-06 -3.0867137e-10)
(8.4195435e-05 1.1376863e-05 -4.5379892e-10)
(7.9375683e-05 2.7785813e-06 -8.7126713e-11)
(7.8391804e-05 6.5285851e-06 -1.8654943e-10)
(7.5782682e-05 1.0274124e-05 -2.5881238e-10)
(7.1331424e-05 2.4936141e-06 -6.2886639e-11)
(7.0505921e-05 5.8637925e-06 -1.1980068e-10)
(6.8278675e-05 9.2420342e-06 -1.5100786e-10)
(6.4193112e-05 2.2567533e-06 -5.232246e-11)
(6.3497872e-05 5.3345039e-06 -8.5525068e-11)
(6.1589585e-05 8.3358742e-06 -9.3303414e-11)
(5.7868994e-05 1.9912665e-06 -4.2464669e-11)
(5.728119e-05 4.7359444e-06 -6.4518053e-11)
(5.5640333e-05 7.5168586e-06 -6.2391724e-11)
(5.2284117e-05 1.7510961e-06 -3.578e-11)
(5.1784838e-05 4.1466748e-06 -5.0688733e-11)
(5.0367845e-05 6.5956795e-06 -4.4308084e-11)
(4.7370101e-05 1.5307197e-06 -3.201585e-11)
(4.6944208e-05 3.6404442e-06 -4.2739753e-11)
(4.5715043e-05 5.7842587e-06 -3.4320488e-11)
(4.3060445e-05 1.3132211e-06 -2.9424317e-11)
(4.2695738e-05 3.1561233e-06 -3.7847688e-11)
(4.1625945e-05 5.0533587e-06 -2.8905549e-11)
(3.9292054e-05 1.1594075e-06 -2.8117147e-11)
(3.8978765e-05 2.7802724e-06 -3.484299e-11)
(3.8043991e-05 4.3890538e-06 -2.6018067e-11)
(3.600712e-05 1.0018899e-06 -2.7300952e-11)
(3.5737201e-05 2.4041302e-06 -3.3079275e-11)
(3.4916669e-05 3.8330381e-06 -2.4617303e-11)
(3.3154199e-05 8.6090149e-07 -2.6600536e-11)
(3.2920755e-05 2.0685214e-06 -3.1808446e-11)
(3.2197434e-05 3.3226154e-06 -2.389236e-11)
(3.0685919e-05 7.2863748e-07 -2.5818906e-11)
(3.0483107e-05 1.7567734e-06 -3.0674073e-11)
(2.9842445e-05 2.8577238e-06 -2.3465977e-11)
(2.855609e-05 6.386809e-07 -2.5580375e-11)
(2.8379215e-05 1.5516535e-06 -2.9980409e-11)
(2.7808599e-05 2.4258585e-06 -2.3216704e-11)
(2.6720329e-05 5.4622946e-07 -2.5064749e-11)
(2.6565633e-05 1.3279295e-06 -2.9207186e-11)
(2.6054564e-05 2.1041164e-06 -2.302707e-11)
(2.5138163e-05 4.6634144e-07 -2.4525296e-11)
(2.5002331e-05 1.1377791e-06 -2.8450296e-11)
(2.4542441e-05 1.8135263e-06 -2.2794858e-11)
(2.3774256e-05 3.9956476e-07 -2.4002735e-11)
(2.3654517e-05 9.7765174e-07 -2.7710811e-11)
(2.3238407e-05 1.5586767e-06 -2.2516459e-11)
(2.2597984e-05 3.4292122e-07 -2.3483042e-11)
(2.2491993e-05 8.4098715e-07 -2.7018827e-11)
(2.2113311e-05 1.3410812e-06 -2.2245751e-11)
(2.1582995e-05 2.9448263e-07 -2.3007229e-11)
(2.1488753e-05 7.2398495e-07 -2.6417346e-11)
(2.1142114e-05 1.1555092e-06 -2.2013248e-11)
(2.0706911e-05 2.5264043e-07 -2.2555304e-11)
(2.0622713e-05 6.222863e-07 -2.5871854e-11)
(2.0303535e-05 9.9449191e-07 -2.1801046e-11)
(1.9951112e-05 2.1860506e-07 -2.2174583e-11)
(1.9875514e-05 5.3846805e-07 -2.5418623e-11)
(1.9579866e-05 8.5577602e-07 -2.1645883e-11)
(1.930042e-05 1.8676059e-07 -2.181732e-11)
(1.9232177e-05 4.6063709e-07 -2.5044075e-11)
(1.8956665e-05 7.3297227e-07 -2.1553441e-11)
(1.8742542e-05 1.5883913e-07 -2.1511238e-11)
(1.8680559e-05 3.924238e-07 -2.4760778e-11)
(1.8422224e-05 6.2517015e-07 -2.1525143e-11)
(1.8267377e-05 1.343242e-07 -2.1267378e-11)
(1.8210693e-05 3.3218349e-07 -2.4578451e-11)
(1.7966914e-05 5.2917035e-07 -2.1566987e-11)
(1.7866347e-05 1.1244071e-07 -2.10986e-11)
(1.7814104e-05 2.7838393e-07 -2.4506558e-11)
(1.7582544e-05 4.4353351e-07 -2.1688175e-11)
(1.7531939e-05 9.2753441e-08 -2.1030263e-11)
(1.7483365e-05 2.3006547e-07 -2.4553356e-11)
(1.7261919e-05 3.6697541e-07 -2.1866433e-11)
(1.7257114e-05 7.4946159e-08 -2.1077518e-11)
(1.7211494e-05 1.8585989e-07 -2.4673144e-11)
(1.699825e-05 2.9619189e-07 -2.1994205e-11)
(1.7039297e-05 5.9098018e-08 -2.1177258e-11)
(1.6995984e-05 1.4772218e-07 -2.4713796e-11)
(1.6789163e-05 2.3639116e-07 -2.1866102e-11)
(1.6862839e-05 4.5615746e-08 -2.1161165e-11)
(1.6821182e-05 1.1543581e-07 -2.4179587e-11)
(1.6619197e-05 1.8632765e-07 -2.093409e-11)
(1.6768599e-05 3.4432369e-08 -2.0609371e-11)
(1.6728042e-05 8.5788395e-08 -2.2000687e-11)
(1.6529043e-05 1.3581835e-07 -1.8140595e-11)
(1.6608853e-05 1.9575899e-08 -1.7826783e-11)
(1.6568365e-05 4.8410956e-08 -1.5809176e-11)
(1.6371727e-05 7.5470261e-08 -1.1927841e-11)
(-0.045301275 1.980685 -3.8186738e-07)
(-0.033033635 1.7223181 -3.4712217e-06)
(-0.060324631 0.35831024 -2.5262316e-07)
(-0.043062207 0.16262243 -1.0182582e-06)
(-0.013718471 -0.03754201 -2.1140361e-07)
(-0.010612295 -0.040202275 -6.2154836e-07)
(-0.0040849798 -0.012499759 -1.0437395e-07)
(-0.0039056594 -0.013641694 -3.9987838e-07)
(-0.00032081336 -0.0021789487 -1.0540994e-07)
(-0.00062393175 -0.0028619622 -2.8649078e-07)
(0.00065438546 -0.00019978169 -1.1622707e-07)
(0.00047810846 -0.00035535384 -2.2365019e-07)
(0.00067838261 0.00020689024 -1.1486588e-07)
(0.00059628007 0.00026307869 -1.8050041e-07)
(0.00049834036 0.00032449788 -1.0337186e-07)
(0.00046215246 0.00041015327 -1.4553705e-07)
(0.00037235701 0.0002226788 -8.6129474e-08)
(0.00033249162 0.00029138024 -1.1463041e-07)
(0.00029460644 0.00012350101 -6.753351e-08)
(0.00026185672 0.00015249583 -8.7531077e-08)
(0.00023941805 5.2148773e-05 -5.0617156e-08)
(0.00021370428 6.1032596e-05 -6.4928426e-08)
(0.00020473989 2.6811384e-05 -3.6737803e-08)
(0.00018428049 3.1102291e-05 -4.6951348e-08)
(0.00018168231 2.7492757e-05 -2.6031248e-08)
(0.00016468984 3.088036e-05 -3.3181272e-08)
(0.00016420197 3.1213844e-05 -1.8042151e-08)
(0.00014970993 3.675937e-05 -2.2912022e-08)
(0.00014889063 3.2465984e-05 -1.2207861e-08)
(0.00013642446 3.9988805e-05 -1.5420941e-08)
(0.00013459021 3.0700085e-05 -8.0258386e-09)
(0.00012384078 3.7315566e-05 -1.0078829e-08)
(0.00012131711 2.6688581e-05 -5.1012495e-09)
(0.0001120637 3.2515495e-05 -6.374865e-09)
(0.00010922443 2.2588477e-05 -3.1270097e-09)
(0.00010126039 2.7485912e-05 -3.8946339e-09)
(9.8345677e-05 1.9279725e-05 -1.8507999e-09)
(9.1486364e-05 2.3605865e-05 -2.2992945e-09)
(8.8611938e-05 1.7093999e-05 -1.0623375e-09)
(8.2700969e-05 2.0831434e-05 -1.3146841e-09)
(7.9907565e-05 1.5387944e-05 -5.9491594e-10)
(7.4806697e-05 1.8786283e-05 -7.3029822e-10)
(7.2112497e-05 1.3810087e-05 -3.2808474e-10)
(6.7702795e-05 1.7065064e-05 -3.9601704e-10)
(6.5126536e-05 1.2433857e-05 -1.8062377e-10)
(6.1307705e-05 1.5406539e-05 -2.1091918e-10)
(5.8874162e-05 1.1165469e-05 -1.0104752e-10)
(5.555923e-05 1.3765054e-05 -1.1113647e-10)
(5.3293914e-05 1.0056284e-05 -5.9232794e-11)
(5.0409003e-05 1.2305335e-05 -5.8846986e-11)
(4.8333467e-05 8.9594162e-06 -3.7073952e-11)
(4.5816214e-05 1.1012447e-05 -3.2065126e-11)
(4.3944866e-05 7.8391521e-06 -2.5212238e-11)
(4.1742239e-05 9.7336503e-06 -1.8475264e-11)
(4.0079673e-05 6.8483831e-06 -1.9316367e-11)
(3.8146542e-05 8.4700073e-06 -1.1863409e-11)
(3.6688855e-05 5.9095481e-06 -1.6589735e-11)
(3.4986864e-05 7.3186649e-06 -9.0960336e-12)
(3.3725211e-05 5.186367e-06 -1.5537435e-11)
(3.222191e-05 6.4223041e-06 -8.2657023e-12)
(3.1145252e-05 4.5220333e-06 -1.5317022e-11)
(2.9812402e-05 5.5889877e-06 -8.3878998e-12)
(2.8908339e-05 3.9046411e-06 -1.5488532e-11)
(2.7721363e-05 4.8374392e-06 -8.9573713e-12)
(2.6975166e-05 3.2748426e-06 -1.5747225e-11)
(2.5913082e-05 4.1428956e-06 -9.6105375e-12)
(2.5307438e-05 2.863066e-06 -1.604486e-11)
(2.4352162e-05 3.5332133e-06 -1.0213454e-11)
(2.3869181e-05 2.4611042e-06 -1.6256849e-11)
(2.3005614e-05 3.0429191e-06 -1.0740371e-11)
(2.2628409e-05 2.1141986e-06 -1.639854e-11)
(2.184395e-05 2.6224969e-06 -1.1183473e-11)
(2.1557564e-05 1.8206143e-06 -1.6509896e-11)
(2.0841137e-05 2.260564e-06 -1.1571351e-11)
(2.0632899e-05 1.5697767e-06 -1.6614553e-11)
(1.9974951e-05 1.9486123e-06 -1.1925838e-11)
(1.9834242e-05 1.3527479e-06 -1.6713476e-11)
(1.9226579e-05 1.6788029e-06 -1.225721e-11)
(1.914482e-05 1.1584794e-06 -1.6839902e-11)
(1.8580396e-05 1.4387534e-06 -1.2594295e-11)
(1.8550958e-05 9.9342914e-07 -1.7004644e-11)
(1.8023661e-05 1.2342317e-06 -1.29437e-11)
(1.8041566e-05 8.4812279e-07 -1.7198762e-11)
(1.7546021e-05 1.0537465e-06 -1.3295473e-11)
(1.7607504e-05 7.1794962e-07 -1.742348e-11)
(1.7138941e-05 8.9204927e-07 -1.3649449e-11)
(1.7240983e-05 6.0153257e-07 -1.7683654e-11)
(1.6795125e-05 7.4710304e-07 -1.4001583e-11)
(1.6935147e-05 4.9806909e-07 -1.7942432e-11)
(1.6508126e-05 6.1885905e-07 -1.4310937e-11)
(1.6683485e-05 4.0272108e-07 -1.8070347e-11)
(1.6271777e-05 5.0134361e-07 -1.4452151e-11)
(1.6483809e-05 3.2207335e-07 -1.7845134e-11)
(1.6084116e-05 4.0169434e-07 -1.4219917e-11)
(1.6320959e-05 2.5460446e-07 -1.6788789e-11)
(1.5930368e-05 3.1788547e-07 -1.3229658e-11)
(1.6235194e-05 1.8510056e-07 -1.4090456e-11)
(1.5850214e-05 2.3154021e-07 -1.0896312e-11)
(1.6081438e-05 1.028023e-07 -8.8337143e-12)
(1.5701083e-05 1.2907196e-07 -6.6556652e-12)
(-0.0030488427 3.3389337e-05 -1.0441619e-07)
(-0.0029585295 4.4647719e-05 -2.4716252e-07)
(-0.0027924271 7.8660678e-05 -3.4892519e-07)
(-0.0026150994 6.8087764e-05 -4.1246734e-07)
(-0.0024372266 6.6230419e-05 -4.4597523e-07)
(-0.0022691445 4.9274886e-05 -4.5872027e-07)
(-0.0021058024 3.1970249e-05 -4.5776614e-07)
(-0.0019448878 7.610075e-06 -4.4810932e-07)
(-0.0017863866 -2.4073398e-05 -4.3322684e-07)
(-0.0016315947 -6.0832535e-05 -4.1551537e-07)
(-0.0014821362 -0.00010289164 -3.9662546e-07)
(-0.0013386363 -0.00014928845 -3.7753701e-07)
(-0.0012014769 -0.00019838822 -3.5870375e-07)
(-0.0010709876 -0.0002487387 -3.4018478e-07)
(-0.00094728887 -0.0002987957 -3.2182376e-07)
(-0.00083033241 -0.00034698789 -3.0334236e-07)
(-0.00071997574 -0.00039316191 -2.8435947e-07)
(-0.00061612047 -0.0004359745 -2.6434024e-07)
(-0.00051819808 -0.00047242984 -2.4269359e-07)
(-0.00042588708 -0.00050126018 -2.1873582e-07)
(-0.0003388565 -0.00052302852 -1.9172334e-07)
(-0.00025655677 -0.00053683798 -1.6056426e-07)
(-0.00017848283 -0.0005423841 -1.2431258e-07)
(-0.00010435421 -0.00054595683 -8.2397952e-08)
(-3.3803645e-05 -0.00051516157 -3.4206936e-08)
(0.00014103211 -7.5768261e-05 -1.2054315e-07)
(0.00016399862 -0.00040607163 -2.8145939e-07)
(0.00019155527 -0.00057045857 -3.899031e-07)
(0.00020635473 -0.00086045783 -4.5152448e-07)
(0.00021826004 -0.0010948574 -4.7944037e-07)
(0.00024005106 -0.0013463671 -4.8640233e-07)
(0.00026724563 -0.0015941839 -4.8055912e-07)
(0.00029473311 -0.001862278 -4.6714446e-07)
(0.00031590108 -0.002149912 -4.494223e-07)
(0.00032959131 -0.0024346822 -4.2952104e-07)
(0.00033537349 -0.0027144882 -4.0905416e-07)
(0.00033432116 -0.0029868879 -3.8887346e-07)
(0.00032713982 -0.0032472883 -3.6931617e-07)
(0.00031447868 -0.0034926454 -3.5029204e-07)
(0.00029703644 -0.0037205341 -3.3155935e-07)
(0.0002755318 -0.0039314691 -3.1281409e-07)
(0.00025069122 -0.0041360794 -2.9372299e-07)
(0.00022340321 -0.0043275862 -2.736291e-07)
(0.00019417151 -0.0044818794 -2.5198359e-07)
(0.00016363252 -0.0045903083 -2.2804609e-07)
(0.00013221691 -0.0046497974 -2.013271e-07)
(0.00010054138 -0.0046623142 -1.7012983e-07)
(6.9177649e-05 -0.0046308248 -1.3318245e-07)
(3.8721814e-05 -0.004541144 -8.8897832e-08)
(1.046376e-05 -0.0043351377 -3.8516716e-08)
(0.00090859363 -0.00025948374 -1.5922361e-07)
(0.00096823284 -0.001389555 -3.5813515e-07)
(0.0010034569 -0.0018628887 -4.7608553e-07)
(0.0010522745 -0.0026949464 -5.289191e-07)
(0.0010996644 -0.0033701357 -5.4365831e-07)
(0.0011379305 -0.0040793581 -5.3864388e-07)
(0.0011581974 -0.0047860095 -5.2311281e-07)
(0.0011560131 -0.0056552508 -5.0265649e-07)
(0.0011350142 -0.0066662775 -4.7975055e-07)
(0.0010988414 -0.007616449 -4.5568115e-07)
(0.0010492824 -0.0084560788 -4.3231029e-07)
(0.00099081142 -0.0091758152 -4.1015702e-07)
(0.00092561363 -0.0097705939 -3.8939532e-07)
(0.00085481827 -0.010247104 -3.6956477e-07)
(0.00077993056 -0.010611612 -3.5026219e-07)
(0.00070224248 -0.01086574 -3.3112863e-07)
(0.00062306612 -0.011000918 -3.1220102e-07)
(0.00054350816 -0.011034443 -2.9221428e-07)
(0.00046421105 -0.010994879 -2.7100623e-07)
(0.00038660648 -0.010898631 -2.4786436e-07)
(0.00031031284 -0.010755585 -2.2191901e-07)
(0.00023578454 -0.010573581 -1.91763e-07)
(0.00016336214 -0.010358956 -1.5544556e-07)
(9.3670447e-05 -0.010082843 -1.0963369e-07)
(2.8695386e-05 -0.0097026942 -5.3998838e-08)
(0.003368925 -0.000977589 -2.419461e-07)
(0.0033422719 -0.0045238381 -4.999087e-07)
(0.0033042613 -0.0057323482 -6.1759471e-07)
(0.0031607799 -0.0087841514 -6.4597329e-07)
(0.002989183 -0.011483508 -6.3680672e-07)
(0.0027764754 -0.013925421 -6.1297349e-07)
(0.0025486511 -0.015686949 -5.8307566e-07)
(0.002312334 -0.016637353 -5.5378071e-07)
(0.0020815975 -0.016932112 -5.251373e-07)
(0.0018607985 -0.016823381 -4.9516381e-07)
(0.001648832 -0.016409821 -4.6802704e-07)
(0.0014528878 -0.015802302 -4.432039e-07)
(0.0012698588 -0.0150161 -4.2111903e-07)
(0.001094223 -0.014104435 -4.0036085e-07)
(0.00093612545 -0.013122965 -3.8037005e-07)
(0.00079539297 -0.012116147 -3.6088993e-07)
(0.00067061395 -0.011121075 -3.4160224e-07)
(0.00055994373 -0.010170234 -3.2206118e-07)
(0.00046176216 -0.0092867314 -3.0178329e-07)
(0.00037356872 -0.0084956416 -2.8014275e-07)
(0.00029476381 -0.0078104803 -2.5633512e-07)
(0.00022336705 -0.0072317937 -2.2918293e-07)
(0.00015770181 -0.0067602093 -1.9690584e-07)
(9.5912697e-05 -0.0063550915 -1.5650522e-07)
(3.5830248e-05 -0.0060698874 -9.8558799e-08)
(0.011028229 -0.0086456801 -4.2976549e-07)
(0.0086452136 -0.025360504 -7.3968138e-07)
(0.0074775601 -0.027408556 -8.2170886e-07)
(0.0058157458 -0.031341118 -8.0826227e-07)
(0.0044504665 -0.028582197 -7.6806239e-07)
(0.0032760448 -0.024751251 -7.1969473e-07)
(0.0023010828 -0.0201417 -6.7206935e-07)
(0.0015289968 -0.015269621 -6.2780656e-07)
(0.00092921074 -0.010384198 -5.8863419e-07)
(0.00046713962 -0.0059085331 -5.5274915e-07)
(0.00012389106 -0.0018775625 -5.2051755e-07)
(-0.00012646299 0.0015981467 -4.9062204e-07)
(-0.00030057228 0.004835456 -4.6678949e-07)
(-0.00041135845 0.0079409181 -4.4426485e-07)
(-0.00047816561 0.010795443 -4.2254625e-07)
(-0.00050768162 0.013272155 -4.0182253e-07)
(-0.00050766129 0.015338792 -3.8179568e-07)
(-0.000484539 0.017011632 -3.6209339e-07)
(-0.00044354987 0.01831796 -3.422901e-07)
(-0.00038963234 0.019291248 -3.2189774e-07)
(-0.00032519391 0.019956703 -3.0030264e-07)
(-0.00025358915 0.020335473 -2.7663497e-07)
(-0.00017732566 0.020425222 -2.4947732e-07)
(-9.9768781e-05 0.02028379 -2.2301315e-07)
(-2.2776278e-05 0.01956636 -1.9664763e-07)
(0.012873752 0.024900065 -7.9436238e-07)
(0.0022026117 0.0011260215 -1.1223441e-06)
(-0.00016256249 0.050578664 -1.1241632e-06)
(-0.0017041782 0.053794846 -1.0501691e-06)
(-0.0031205231 0.067645067 -9.726776e-07)
(-0.0041868635 0.077648033 -8.8587566e-07)
(-0.0047653052 0.084590679 -8.0802639e-07)
(-0.0049110684 0.090333475 -7.4038131e-07)
(-0.0047904345 0.094504013 -6.8162909e-07)
(-0.0045421308 0.097073992 -6.3148049e-07)
(-0.0042247911 0.098512393 -5.8927934e-07)
(-0.0038558876 0.098866779 -5.4543691e-07)
(-0.0034883892 0.098489698 -5.2068535e-07)
(-0.0031347581 0.097096502 -4.9377275e-07)
(-0.0027791872 0.094870786 -4.6723737e-07)
(-0.0024349928 0.09238872 -4.4336123e-07)
(-0.002110629 0.089715276 -4.2113544e-07)
(-0.0018065271 0.086931093 -3.9998551e-07)
(-0.0015216736 0.084111393 -3.7946959e-07)
(-0.0012535898 0.081313584 -3.5915882e-07)
(-0.0010009459 0.07857373 -3.3857867e-07)
(-0.00076126549 0.075932665 -3.1714031e-07)
(-0.00053197505 0.073361647 -2.9422949e-07)
(-0.00031113471 0.071047921 -2.7067088e-07)
(-9.3143322e-05 0.067550183 -2.4765061e-07)
(-0.0028062495 1.1918532 -2.5220241e-06)
(-0.0014172033 0.97163106 -2.0014674e-06)
(-0.0014452371 0.87320633 -1.624523e-06)
(-0.0010236616 0.77866531 -1.3371772e-06)
(-0.00081006936 0.68099773 -1.1217594e-06)
(-0.00065659977 0.58869886 -9.6309495e-07)
(-0.00053043741 0.50975975 -8.4509996e-07)
(-0.00043134142 0.44567502 -7.5703784e-07)
(-0.00035020613 0.39288843 -6.8555307e-07)
(-0.00028398638 0.34789079 -6.3069972e-07)
(-0.00023062571 0.30906122 -5.8843469e-07)
(-0.00018689815 0.27564587 -5.5188437e-07)
(-0.00015381688 0.24707749 -5.2173562e-07)
(-0.00013179995 0.22262189 -4.9547933e-07)
(-0.00011093287 0.20161911 -4.7166923e-07)
(-9.2414983e-05 0.18358719 -4.4960201e-07)
(-7.7257094e-05 0.16809382 -4.2867121e-07)
(-6.429222e-05 0.15477504 -4.0849526e-07)
(-5.287118e-05 0.14332755 -3.8881965e-07)
(-4.2643956e-05 0.13350157 -3.6938988e-07)
(-3.348489e-05 0.12508047 -3.4988753e-07)
(-2.5056985e-05 0.11792175 -3.2984658e-07)
(-1.7178842e-05 0.11178303 -3.089917e-07)
(-9.8021589e-06 0.10694725 -2.871041e-07)
(-2.7536019e-06 0.10091806 -2.6356034e-07)
(-0.01262673 0.097778908 -1.2305218e-06)
(-0.0019111276 0.10435563 -1.268487e-06)
(0.0004062408 0.10899817 -1.2223123e-06)
(0.001935701 0.10990712 -1.1314043e-06)
(0.0033243969 0.11116947 -1.0283687e-06)
(0.0043610889 0.11221214 -9.2796586e-07)
(0.004912313 0.11342163 -8.3813231e-07)
(0.0050312675 0.11457506 -7.6067841e-07)
(0.0048543962 0.1150649 -6.7784289e-07)
(0.0045759069 0.11489774 -6.360618e-07)
(0.0042702258 0.11399381 -5.9362879e-07)
(0.0039128761 0.11217075 -5.5077396e-07)
(0.0035309059 0.10952833 -5.1487204e-07)
(0.0031526732 0.10640812 -4.8404784e-07)
(0.0027879793 0.10305455 -4.5692217e-07)
(0.0024439794 0.099587517 -4.3249419e-07)
(0.0021169204 0.096087502 -4.1004791e-07)
(0.0018102109 0.092620374 -3.8903806e-07)
(0.0015231953 0.089235297 -3.6899842e-07)
(0.0012542319 0.085968847 -3.4946828e-07)
(0.0010010981 0.082841627 -3.2991886e-07)
(0.00076142054 0.079882709 -3.0964779e-07)
(0.00053241537 0.077053861 -2.8899165e-07)
(0.00031186408 0.074546392 -2.6678565e-07)
(9.3884098e-05 0.070834237 -2.4456018e-07)
(-0.0085293604 -0.038309051 -8.4758109e-07)
(-0.0072671986 -0.03617476 -9.1180927e-07)
(-0.005906974 -0.034523331 -8.9877248e-07)
(-0.0045626221 -0.031151379 -8.5263916e-07)
(-0.0033519187 -0.026321771 -7.9429976e-07)
(-0.0023172208 -0.020930897 -7.3300166e-07)
(-0.0014734081 -0.015439967 -6.7608343e-07)
(-0.00081388133 -0.010046485 -6.2412391e-07)
(-0.00031466268 -0.0052337956 -5.7594644e-07)
(5.9684739e-05 -0.00099316124 -5.3991349e-07)
(0.00032830075 0.0026834591 -5.0680399e-07)
(0.00051329636 0.0063133501 -4.7596756e-07)
(0.00063287545 0.0097715269 -4.4825663e-07)
(0.00070136263 0.012862519 -4.2332715e-07)
(0.00072799316 0.015519026 -4.0060117e-07)
(0.00071840462 0.017745395 -3.7957138e-07)
(0.00068748342 0.019579651 -3.5985231e-07)
(0.00063721884 0.02105424 -3.4099993e-07)
(0.00057161191 0.022187072 -3.2255634e-07)
(0.00049423047 0.022999129 -3.0399376e-07)
(0.00040811723 0.023511351 -2.845708e-07)
(0.00031569423 0.023743729 -2.6290172e-07)
(0.00022027688 0.023706275 -2.4204323e-07)
(0.00012469613 0.0234421 -2.1669248e-07)
(3.0385233e-05 0.022573084 -1.9199034e-07)
(-0.0040067371 -0.014867307 -5.721845e-07)
(-0.0039079147 -0.017176083 -6.4717806e-07)
(-0.0036935415 -0.019808033 -6.6151928e-07)
(-0.0034143389 -0.021717107 -6.4448823e-07)
(-0.0031116533 -0.022912903 -6.1465727e-07)
(-0.0028080388 -0.023329079 -5.8267493e-07)
(-0.0025156874 -0.023132775 -5.4328523e-07)
(-0.0022343361 -0.02252488 -5.066344e-07)
(-0.0019695159 -0.021657631 -4.7343182e-07)
(-0.0017288371 -0.020590078 -4.4509906e-07)
(-0.0015062995 -0.019395846 -4.194042e-07)
(-0.0012986981 -0.018056878 -3.9576446e-07)
(-0.0011102671 -0.016644987 -3.7412468e-07)
(-0.00094257188 -0.015212365 -3.5429238e-07)
(-0.00079558892 -0.013795624 -3.3575894e-07)
(-0.0006707028 -0.012435731 -3.1812011e-07)
(-0.00055849094 -0.011172343 -3.0129282e-07)
(-0.00046062761 -0.010029549 -2.8472918e-07)
(-0.00037568786 -0.0090116144 -2.6793207e-07)
(-0.00030185945 -0.0081210191 -2.5030743e-07)
(-0.00023731075 -0.0073591535 -2.3103749e-07)
(-0.00018014365 -0.0067262978 -2.0899764e-07)
(-0.00012838363 -0.0062196236 -1.8303347e-07)
(-7.9787209e-05 -0.0057993577 -1.4795537e-07)
(-3.1575357e-05 -0.0055209264 -9.5104517e-08)
(-0.00092386916 -0.0036541336 -4.1015708e-07)
(-0.001073664 -0.0044796515 -4.783569e-07)
(-0.0012067839 -0.005295359 -5.0461805e-07)
(-0.0013083522 -0.0060699372 -5.0477832e-07)
(-0.0013626722 -0.0068748606 -4.9051911e-07)
(-0.001373951 -0.0078744387 -4.6898483e-07)
(-0.0013588688 -0.0090050808 -4.4274166e-07)
(-0.0013218605 -0.01001961 -4.1629453e-07)
(-0.0012673295 -0.010894118 -3.9147707e-07)
(-0.0012016834 -0.011616213 -3.6895864e-07)
(-0.0011277281 -0.012198751 -3.4829597e-07)
(-0.0010484761 -0.012640358 -3.2918203e-07)
(-0.0009654153 -0.012946231 -3.114281e-07)
(-0.00087981997 -0.013101913 -2.9524402e-07)
(-0.00079372792 -0.013137555 -2.7968272e-07)
(-0.00070600274 -0.013090358 -2.6488571e-07)
(-0.00062293327 -0.012982182 -2.5016883e-07)
(-0.00054166086 -0.01282651 -2.352659e-07)
(-0.00046225162 -0.01263223 -2.1971433e-07)
(-0.00038449769 -0.012406536 -2.0292239e-07)
(-0.00030842587 -0.012155168 -1.8399258e-07)
(-0.00023422785 -0.011883669 -1.6161265e-07)
(-0.00016223684 -0.01159549 -1.338364e-07)
(-9.3052336e-05 -0.011253215 -9.6599215e-08)
(-2.8792764e-05 -0.010819841 -4.90683e-08)
(0.00027453143 -0.00063624246 -3.0696326e-07)
(0.00014060128 -0.00098139444 -3.6058071e-07)
(2.9118105e-05 -0.0013636382 -3.8781725e-07)
(-8.0741776e-05 -0.0017270451 -3.9578186e-07)
(-0.00017284095 -0.0020798306 -3.9113932e-07)
(-0.00024378787 -0.0024586128 -3.7883096e-07)
(-0.00030018152 -0.002851736 -3.6204325e-07)
(-0.00034166342 -0.0032305228 -3.4359411e-07)
(-0.00036877749 -0.003596859 -3.2517358e-07)
(-0.00038409027 -0.0039460326 -3.0759572e-07)
(-0.00038873617 -0.0042759249 -2.9103048e-07)
(-0.00038473356 -0.0045852264 -2.7545966e-07)
(-0.00037385093 -0.0048833382 -2.6081982e-07)
(-0.00035845758 -0.0051924459 -2.4704971e-07)
(-0.00033841419 -0.0054998118 -2.3383372e-07)
(-0.0003132942 -0.0057672096 -2.2096514e-07)
(-0.00028499839 -0.0059861325 -2.0806721e-07)
(-0.00025372434 -0.0061542853 -1.947904e-07)
(-0.0002199556 -0.0062708937 -1.8068067e-07)
(-0.00018470223 -0.0063352367 -1.6535522e-07)
(-0.00014866021 -0.0063485092 -1.4795663e-07)
(-0.00011245023 -0.0063133383 -1.2728406e-07)
(-7.679472e-05 -0.006234389 -1.020738e-07)
(-4.2489412e-05 -0.0060943369 -7.0202568e-08)
(-1.1283658e-05 -0.0058227097 -3.2192899e-08)
(0.00051168394 0.00027889611 -2.3596586e-07)
(0.00040565449 0.00024055474 -2.7564204e-07)
(0.00033359236 0.00016812131 -2.9930582e-07)
(0.00027981705 8.2154766e-05 -3.096508e-07)
(0.00022935097 -1.7596236e-05 -3.1016641e-07)
(0.00018390172 -0.00012770156 -3.0399231e-07)
(0.00014504458 -0.00024402328 -2.9361238e-07)
(0.00011114595 -0.00036228113 -2.810382e-07)
(8.1971389e-05 -0.0004821431 -2.6765308e-07)
(5.7406815e-05 -0.00060331143 -2.5426936e-07)
(3.6975309e-05 -0.00072413831 -2.4126523e-07)
(2.0117862e-05 -0.00084095732 -2.2878769e-07)
(5.7658495e-06 -0.00095275004 -2.1686371e-07)
(-7.0114804e-06 -0.0010593646 -2.0543933e-07)
(-1.6562567e-05 -0.0011570383 -1.9435116e-07)
(-2.2388357e-05 -0.001242273 -1.8340003e-07)
(-2.5455369e-05 -0.0013152823 -1.7231859e-07)
(-2.6183072e-05 -0.0013754999 -1.6080641e-07)
(-2.48255e-05 -0.0014220269 -1.4850818e-07)
(-2.2180991e-05 -0.0014540295 -1.350243e-07)
(-1.872341e-05 -0.0014711645 -1.199051e-07)
(-1.4721025e-05 -0.0014739032 -1.0241169e-07)
(-1.0416516e-05 -0.0014647355 -8.1863475e-08)
(-5.867761e-06 -0.0014430951 -5.7518265e-08)
(-1.128551e-06 -0.0013699769 -2.8310675e-08)
(0.00041352038 0.00047354646 -1.8286263e-07)
(0.00035696525 0.00051802973 -2.1147668e-07)
(0.00030924805 0.00054362632 -2.304244e-07)
(0.000274339 0.000560067 -2.4047776e-07)
(0.00024313417 0.00056962417 -2.433092e-07)
(0.00021261061 0.00057208562 -2.407973e-07)
(0.00018597159 0.00056907991 -2.3464271e-07)
(0.00016277847 0.00055864891 -2.2627479e-07)
(0.00014245678 0.0005418811 -2.1675529e-07)
(0.00012482722 0.00052232554 -2.0679682e-07)
(0.00010902358 0.00050110643 -1.9680811e-07)
(9.4759123e-05 0.00047887399 -1.8700324e-07)
(8.1918303e-05 0.00045622184 -1.7746433e-07)
(7.1133455e-05 0.0004345252 -1.6817799e-07)
(6.1794572e-05 0.00041495784 -1.5905022e-07)
(5.3424859e-05 0.00039742392 -1.4993127e-07)
(4.5572629e-05 0.00038144462 -1.4062487e-07)
(3.8299354e-05 0.00036685034 -1.3089864e-07)
(3.1500598e-05 0.00035335034 -1.2049451e-07)
(2.5276961e-05 0.00034065128 -1.0913572e-07)
(1.957035e-05 0.00032856555 -9.6551064e-08)
(1.4294616e-05 0.00031708634 -8.2512352e-08)
(9.4349659e-06 0.00030590931 -6.7074651e-08)
(5.1181771e-06 0.00029346037 -5.1118514e-08)
(1.5949169e-06 0.00028311632 -3.7887755e-08)
(0.00029580265 0.00035557434 -1.404816e-07)
(0.00026249532 0.00040470201 -1.6121871e-07)
(0.00023484999 0.00044411551 -1.7588222e-07)
(0.00021227858 0.00047680131 -1.8459226e-07)
(0.00019080398 0.00050123713 -1.8815318e-07)
(0.00017037517 0.00052293186 -1.8764469e-07)
(0.00015222572 0.00054090417 -1.8416736e-07)
(0.00013576442 0.00055330738 -1.787015e-07)
(0.00012031906 0.00056275727 -1.7204297e-07)
(0.00010545769 0.00056895971 -1.6475979e-07)
(9.1631128e-05 0.00057199876 -1.5723027e-07)
(7.900194e-05 0.00057181505 -1.4967147e-07)
(6.7854373e-05 0.00056901424 -1.4218502e-07)
(5.8346419e-05 0.00056459735 -1.3478667e-07)
(4.9909489e-05 0.00055908855 -1.2742397e-07)
(4.2250745e-05 0.00055243926 -1.1999354e-07)
(3.547715e-05 0.0005448831 -1.1235361e-07)
(2.9413776e-05 0.00053663803 -1.0433679e-07)
(2.3960518e-05 0.00052751461 -9.5765955e-08)
(1.9083835e-05 0.00051742277 -8.6472978e-08)
(1.4705471e-05 0.00050640015 -7.6343832e-08)
(1.0757187e-05 0.00049459823 -6.5394119e-08)
(7.2161702e-06 0.00048208707 -5.3983605e-08)
(4.0373145e-06 0.00046794781 -4.3220168e-08)
(1.2038961e-06 0.0004469973 -3.5659354e-08)
(0.0002289655 0.00017793563 -1.0578072e-07)
(0.0001995738 0.00020104396 -1.2084977e-07)
(0.00017599717 0.00022336764 -1.3203047e-07)
(0.00015683947 0.00024356685 -1.3922306e-07)
(0.00014031219 0.00025720402 -1.4277991e-07)
(0.00012611224 0.00026855865 -1.4331054e-07)
(0.00011312211 0.00027699422 -1.4150889e-07)
(0.00010112317 0.00028199272 -1.3804166e-07)
(8.9728359e-05 0.00028668638 -1.3347807e-07)
(7.8875753e-05 0.00029009087 -1.2825804e-07)
(6.8907834e-05 0.00029134053 -1.2269178e-07)
(5.9807432e-05 0.00029061038 -1.1697606e-07)
(5.1449406e-05 0.00028819901 -1.1121499e-07)
(4.3931858e-05 0.00028423301 -1.0544017e-07)
(3.7153207e-05 0.0002793894 -9.9626451e-08)
(3.1052874e-05 0.0002740093 -9.3705979e-08)
(2.580016e-05 0.00026800366 -8.7580786e-08)
(2.1147724e-05 0.00026130492 -8.1136103e-08)
(1.6987648e-05 0.0002543138 -7.4255402e-08)
(1.3342564e-05 0.00024725959 -6.6843631e-08)
(1.0165402e-05 0.00024016091 -5.8861837e-08)
(7.4240298e-06 0.00023307805 -5.0388792e-08)
(5.0167071e-06 0.00022598744 -4.1731924e-08)
(2.7922671e-06 0.00021957795 -3.3615722e-08)
(7.5396276e-07 0.00020974486 -2.7610305e-08)
(0.00018828715 6.7156584e-05 -7.7995906e-08)
(0.00016634626 7.1256438e-05 -8.8997306e-08)
(0.00014883201 7.5757778e-05 -9.7411164e-08)
(0.00013204468 8.1135302e-05 -1.0309844e-07)
(0.0001172904 8.4901146e-05 -1.062249e-07)
(0.00010343528 8.5851438e-05 -1.0715191e-07)
(9.142664e-05 8.5585885e-05 -1.0631426e-07)
(8.088785e-05 8.479954e-05 -1.0415389e-07)
(7.1523415e-05 8.352307e-05 -1.0106865e-07)
(6.3270214e-05 8.1342033e-05 -9.7382498e-08)
(5.5764096e-05 7.8425647e-05 -9.3336571e-08)
(4.8979596e-05 7.5206266e-05 -8.9093172e-08)
(4.2897457e-05 7.1436836e-05 -8.4745794e-08)
(3.7453476e-05 6.7063276e-05 -8.0331383e-08)
(3.2503147e-05 6.2315666e-05 -7.5841814e-08)
(2.8061526e-05 5.7564221e-05 -7.1235153e-08)
(2.3857589e-05 5.2953843e-05 -6.644648e-08)
(1.9949068e-05 4.8467382e-05 -6.1399448e-08)
(1.6320771e-05 4.4096843e-05 -5.6019288e-08)
(1.304285e-05 3.9921283e-05 -5.0248912e-08)
(1.0135243e-05 3.6124584e-05 -4.4067552e-08)
(7.5455618e-06 3.2693011e-05 -3.7508148e-08)
(5.1952871e-06 2.8749199e-05 -3.064486e-08)
(3.0190232e-06 3.0087444e-05 -2.3434377e-08)
(9.3580949e-07 2.4808208e-05 -1.4895757e-08)
(0.00016466628 3.0876461e-05 -5.6261894e-08)
(0.00014782532 2.8610878e-05 -6.4182281e-08)
(0.00013428997 2.6057648e-05 -7.0377382e-08)
(0.00012286059 2.5031102e-05 -7.4729395e-08)
(0.00011149077 2.5490414e-05 -7.7306341e-08)
(9.9675012e-05 2.3486212e-05 -7.8299719e-08)
(8.8748735e-05 1.9959191e-05 -7.7984672e-08)
(7.9344845e-05 1.689218e-05 -7.6655332e-08)
(7.1238946e-05 1.3086124e-05 -7.4586559e-08)
(6.3811647e-05 9.5042607e-06 -7.2011708e-08)
(5.6868104e-05 5.937554e-06 -6.9110848e-08)
(5.0531509e-05 2.2873025e-06 -6.6011017e-08)
(4.4848394e-05 -1.6794372e-06 -6.279012e-08)
(3.9745109e-05 -5.8383649e-06 -5.9484003e-08)
(3.5060471e-05 -9.6850774e-06 -5.6094289e-08)
(3.0670613e-05 -1.3063587e-05 -5.2597053e-08)
(2.6511562e-05 -1.6105037e-05 -4.8951081e-08)
(2.2598007e-05 -1.9035065e-05 -4.5106948e-08)
(1.8928039e-05 -2.1723626e-05 -4.1016267e-08)
(1.5493558e-05 -2.3993619e-05 -3.6640589e-08)
(1.228767e-05 -2.5777819e-05 -3.1957058e-08)
(9.2809231e-06 -2.7020343e-05 -2.6951075e-08)
(6.470951e-06 -2.8390112e-05 -2.1571316e-08)
(3.8562431e-06 -2.4855725e-05 -1.5576628e-08)
(1.2999761e-06 -2.5769155e-05 -8.1439694e-09)
(0.0001485056 3.2166101e-05 -3.9696093e-08)
(0.00013452123 3.1510862e-05 -4.5276568e-08)
(0.0001231123 2.9947706e-05 -4.9707064e-08)
(0.00011361991 2.8483292e-05 -5.2899448e-08)
(0.00010524692 2.7406991e-05 -5.4876137e-08)
(9.7375959e-05 2.7605961e-05 -5.5749453e-08)
(8.8645509e-05 2.7357105e-05 -5.5684945e-08)
(8.0162462e-05 2.5195495e-05 -5.4871547e-08)
(7.2600589e-05 2.2185095e-05 -5.3494486e-08)
(6.5428819e-05 1.874908e-05 -5.1715815e-08)
(5.8791469e-05 1.5295097e-05 -4.96662e-08)
(5.2667098e-05 1.1881293e-05 -4.7441367e-08)
(4.7077834e-05 8.8832478e-06 -4.5102772e-08)
(4.1955717e-05 6.3291956e-06 -4.2681963e-08)
(3.7273487e-05 3.9997112e-06 -4.0185865e-08)
(3.2879718e-05 1.6942692e-06 -3.7602337e-08)
(2.8708137e-05 -6.0049109e-07 -3.4906773e-08)
(2.4731626e-05 -2.5777009e-06 -3.2068165e-08)
(2.0935068e-05 -4.24412e-06 -2.9055128e-08)
(1.7294834e-05 -5.7133559e-06 -2.5840289e-08)
(1.3810147e-05 -6.8992593e-06 -2.2400184e-08)
(1.0482748e-05 -7.7864339e-06 -1.8705351e-08)
(7.3174305e-06 -9.118327e-06 -1.4690534e-08)
(4.2423405e-06 -5.7961929e-06 -1.0191804e-08)
(1.2896795e-06 -7.5532063e-06 -4.8666992e-09)
(0.00013571442 4.0904233e-05 -2.7349371e-08)
(0.0001234415 4.4076451e-05 -3.1170218e-08)
(0.00011325301 4.6100257e-05 -3.4235924e-08)
(0.00010486312 4.7648619e-05 -3.6483305e-08)
(9.7765598e-05 4.9106944e-05 -3.7916682e-08)
(9.150442e-05 5.018838e-05 -3.859598e-08)
(8.5292379e-05 5.0887098e-05 -3.8621747e-08)
(7.8073289e-05 5.1384169e-05 -3.8114714e-08)
(7.074773e-05 5.0923074e-05 -3.7196007e-08)
(6.4089826e-05 4.9237192e-05 -3.5976101e-08)
(5.7943218e-05 4.7200671e-05 -3.4547226e-08)
(5.224508e-05 4.5156407e-05 -3.2978362e-08)
(4.6988147e-05 4.3246874e-05 -3.131592e-08)
(4.2112314e-05 4.1457118e-05 -2.9585808e-08)
(3.7575187e-05 3.9746428e-05 -2.7796865e-08)
(3.3306089e-05 3.8065926e-05 -2.594445e-08)
(2.9229954e-05 3.6406157e-05 -2.4014794e-08)
(2.5313286e-05 3.4835096e-05 -2.1989159e-08)
(2.1540394e-05 3.3396232e-05 -1.9847629e-08)
(1.7883098e-05 3.2014647e-05 -1.7571178e-08)
(1.4344468e-05 3.0646581e-05 -1.5140966e-08)
(1.0928305e-05 2.9437005e-05 -1.2533148e-08)
(7.6407473e-06 2.6997937e-05 -9.7084204e-09)
(4.4726702e-06 2.963911e-05 -6.6029889e-09)
(1.4260488e-06 2.5536723e-05 -3.1504085e-09)
(0.00012419054 4.5515931e-05 -1.8348832e-08)
(0.00011321731 4.9783645e-05 -2.0877934e-08)
(0.00010391853 5.4101362e-05 -2.2922137e-08)
(9.617513e-05 5.7877912e-05 -2.4436581e-08)
(8.9610657e-05 6.132152e-05 -2.5418003e-08)
(8.3776174e-05 6.4101299e-05 -2.5898519e-08)
(7.8579477e-05 6.5668219e-05 -2.5938809e-08)
(7.3226946e-05 6.6734392e-05 -2.561332e-08)
(6.706497e-05 6.7903503e-05 -2.5000299e-08)
(6.1167941e-05 6.8398667e-05 -2.4173366e-08)
(5.5649231e-05 6.8062615e-05 -2.319406e-08)
(5.0430929e-05 6.7270907e-05 -2.2110801e-08)
(4.5527953e-05 6.6206407e-05 -2.0957797e-08)
(4.0918827e-05 6.5050551e-05 -1.9755264e-08)
(3.6592118e-05 6.3866827e-05 -1.8511664e-08)
(3.2494767e-05 6.2633992e-05 -1.7226535e-08)
(2.8568662e-05 6.1368763e-05 -1.5892941e-08)
(2.4780885e-05 6.0036564e-05 -1.450028e-08)
(2.1120473e-05 5.8685578e-05 -1.3036459e-08)
(1.7578849e-05 5.7292658e-05 -1.1489147e-08)
(1.4144022e-05 5.5787495e-05 -9.8457391e-09)
(1.0810554e-05 5.4456101e-05 -8.0923566e-09)
(7.5756045e-06 5.1533325e-05 -6.2141572e-09)
(4.4872553e-06 5.4065285e-05 -4.2049039e-09)
(1.5071336e-06 4.9136282e-05 -2.0898922e-09)
(0.00011311101 4.308354e-05 -1.1948572e-08)
(0.00010324221 4.7918905e-05 -1.3567134e-08)
(9.4658336e-05 5.2396284e-05 -1.4881244e-08)
(8.7368974e-05 5.6482438e-05 -1.5860137e-08)
(8.1115563e-05 6.0246095e-05 -1.6498853e-08)
(7.554903e-05 6.3669527e-05 -1.6815395e-08)
(7.0507813e-05 6.645492e-05 -1.6843917e-08)
(6.6074257e-05 6.8108216e-05 -1.662975e-08)
(6.1632605e-05 6.9379281e-05 -1.6222474e-08)
(5.6754767e-05 7.0730309e-05 -1.5669183e-08)
(5.1885571e-05 7.1547199e-05 -1.501132e-08)
(4.7315476e-05 7.1719564e-05 -1.428141e-08)
(4.2882695e-05 7.1471956e-05 -1.3503125e-08)
(3.8653137e-05 7.0956592e-05 -1.2691514e-08)
(3.4631381e-05 7.020984e-05 -1.1854313e-08)
(3.0781542e-05 6.9384632e-05 -1.0992893e-08)
(2.7079231e-05 6.8517084e-05 -1.0104285e-08)
(2.3508102e-05 6.7483576e-05 -9.1829445e-09)
(2.0053211e-05 6.6319315e-05 -8.2218979e-09)
(1.6705898e-05 6.5072732e-05 -7.2136909e-09)
(1.3457866e-05 6.3675812e-05 -6.1508652e-09)
(1.0301098e-05 6.2388817e-05 -5.0266008e-09)
(7.2384209e-06 5.9426608e-05 -3.8375762e-09)
(4.2742046e-06 6.1952209e-05 -2.5936168e-09)
(1.4011988e-06 5.678298e-05 -1.3266201e-09)
(0.00010265535 3.7627747e-05 -7.5325784e-09)
(9.3821312e-05 4.1718525e-05 -8.5353544e-09)
(8.5953475e-05 4.5451415e-05 -9.3508775e-09)
(7.9154872e-05 4.91653e-05 -9.9592684e-09)
(7.3289061e-05 5.2466271e-05 -1.0355955e-08)
(6.8116057e-05 5.5461096e-05 -1.0550444e-08)
(6.3397158e-05 5.8191758e-05 -1.0563033e-08)
(5.9123083e-05 6.0528612e-05 -1.0420925e-08)
(5.5393079e-05 6.2208583e-05 -1.015409e-08)
(5.1528109e-05 6.3426837e-05 -9.7921577e-09)
(4.7572411e-05 6.4563222e-05 -9.361447e-09)
(4.3556991e-05 6.5428005e-05 -8.8835599e-09)
(3.9608403e-05 6.5838794e-05 -8.3744486e-09)
(3.5845494e-05 6.5769245e-05 -7.8448155e-09)
(3.2163957e-05 6.5420989e-05 -7.3004891e-09)
(2.8615476e-05 6.4978873e-05 -6.7435764e-09)
(2.5186387e-05 6.438266e-05 -6.1733217e-09)
(2.1874406e-05 6.3621693e-05 -5.5869841e-09)
(1.8662381e-05 6.2746945e-05 -4.9808393e-09)
(1.5547416e-05 6.1763803e-05 -4.3506842e-09)
(1.252512e-05 6.0565102e-05 -3.6923994e-09)
(9.5916566e-06 5.9585784e-05 -3.0028949e-09)
(6.7431446e-06 5.6707668e-05 -2.2823118e-09)
(3.9741398e-06 5.8951733e-05 -1.5391662e-09)
(1.2846519e-06 5.4439528e-05 -7.8946678e-10)
(9.3029474e-05 3.1699767e-05 -4.5913415e-09)
(8.514515e-05 3.5119094e-05 -5.1940076e-09)
(7.7986098e-05 3.8136315e-05 -5.6837742e-09)
(7.1697392e-05 4.1039476e-05 -6.0486092e-09)
(6.6240154e-05 4.376441e-05 -6.2853395e-09)
(6.1462571e-05 4.6288973e-05 -6.3988156e-09)
(5.7188347e-05 4.8551686e-05 -6.4006888e-09)
(5.328679e-05 5.0539986e-05 -6.3070379e-09)
(4.963178e-05 5.2333714e-05 -6.135954e-09)
(4.6290388e-05 5.3870674e-05 -5.9054484e-09)
(4.3024426e-05 5.5035582e-05 -5.6318178e-09)
(3.9598412e-05 5.5925691e-05 -5.3286992e-09)
(3.623736e-05 5.6597417e-05 -5.0065755e-09)
(3.2846621e-05 5.7035656e-05 -4.6726204e-09)
(2.9504964e-05 5.7205087e-05 -4.3311083e-09)
(2.629226e-05 5.7061245e-05 -3.9839565e-09)
(2.3174004e-05 5.6627285e-05 -3.6313179e-09)
(2.0123837e-05 5.6039723e-05 -3.2720295e-09)
(1.7163576e-05 5.5397507e-05 -2.9041758e-09)
(1.4294234e-05 5.461965e-05 -2.5254889e-09)
(1.1511739e-05 5.3646692e-05 -2.1338129e-09)
(8.8175144e-06 5.2828833e-05 -1.7277555e-09)
(6.1998728e-06 5.0171961e-05 -1.3078643e-09)
(3.653582e-06 5.2542547e-05 -8.7884663e-10)
(1.1753487e-06 4.8126186e-05 -4.4662885e-10)
(8.4291475e-05 2.724623e-05 -2.7063645e-09)
(7.7271665e-05 2.9978068e-05 -3.0579572e-09)
(7.0781796e-05 3.2505624e-05 -3.3432496e-09)
(6.4989141e-05 3.4746626e-05 -3.5552098e-09)
(5.9916194e-05 3.6881294e-05 -3.6917043e-09)
(5.5480342e-05 3.8951782e-05 -3.7552764e-09)
(5.1555164e-05 4.084865e-05 -3.752381e-09)
(4.8008024e-05 4.2562501e-05 -3.6923064e-09)
(4.4723952e-05 4.4164352e-05 -3.5857219e-09)
(4.1656107e-05 4.5615862e-05 -3.443333e-09)
(3.8620222e-05 4.6873951e-05 -3.2750146e-09)
(3.5705573e-05 4.7917155e-05 -3.0891056e-09)
(3.280291e-05 4.8668359e-05 -2.8921282e-09)
(2.9839236e-05 4.9107605e-05 -2.6887027e-09)
(2.6938879e-05 4.9384896e-05 -2.4818154e-09)
(2.4037908e-05 4.9505449e-05 -2.2729522e-09)
(2.1186286e-05 4.9439263e-05 -2.0624831e-09)
(1.8391516e-05 4.9162508e-05 -1.8500023e-09)
(1.5680135e-05 4.865307e-05 -1.6345959e-09)
(1.3060948e-05 4.7971803e-05 -1.4150942e-09)
(1.0522229e-05 4.7095105e-05 -1.1903796e-09)
(8.0559611e-06 4.6360901e-05 -9.5978005e-10)
(5.6660329e-06 4.3969793e-05 -7.2357719e-10)
(3.3362193e-06 4.6803017e-05 -4.840503e-10)
(1.0731087e-06 4.2227241e-05 -2.4266677e-10)
(7.6409709e-05 2.3844038e-05 -1.5445336e-09)
(7.017202e-05 2.64086e-05 -1.7434883e-09)
(6.4303962e-05 2.8629271e-05 -1.9046951e-09)
(5.898417e-05 3.0558237e-05 -2.0241382e-09)
(5.4271564e-05 3.2376361e-05 -2.1004433e-09)
(5.0132705e-05 3.4024861e-05 -2.1348312e-09)
(4.6482186e-05 3.5644618e-05 -2.1308925e-09)
(4.3213885e-05 3.7192326e-05 -2.0937687e-09)
(4.0219747e-05 3.8621181e-05 -2.0295402e-09)
(3.7414784e-05 3.9874989e-05 -1.9444487e-09)
(3.4711167e-05 4.0981867e-05 -1.844289e-09)
(3.2069383e-05 4.1957064e-05 -1.7340256e-09)
(2.9435824e-05 4.2743445e-05 -1.6175936e-09)
(2.6880553e-05 4.3357757e-05 -1.4978748e-09)
(2.4338913e-05 4.3767106e-05 -1.3767585e-09)
(2.1766653e-05 4.3943926e-05 -1.2552904e-09)
(1.9222555e-05 4.3942285e-05 -1.1338546e-09)
(1.674939e-05 4.3771143e-05 -1.0123641e-09)
(1.4330004e-05 4.343581e-05 -8.903922e-10)
(1.1957432e-05 4.292132e-05 -7.6735461e-10)
(9.6440322e-06 4.2223654e-05 -6.4267972e-10)
(7.3876406e-06 4.167923e-05 -5.1601974e-10)
(5.19426e-06 3.9543271e-05 -3.8742823e-10)
(3.0566314e-06 4.2528483e-05 -2.5799287e-10)
(9.8096564e-07 3.8020473e-05 -1.2771933e-10)
(6.9304653e-05 2.1489967e-05 -8.5503614e-10)
(6.3768243e-05 2.3902663e-05 -9.6366235e-10)
(5.8476014e-05 2.5930588e-05 -1.0517462e-09)
(5.3605884e-05 2.763586e-05 -1.1168582e-09)
(4.9236271e-05 2.921405e-05 -1.1581462e-09)
(4.5368641e-05 3.071047e-05 -1.1761932e-09)
(4.1951513e-05 3.2128624e-05 -1.1728031e-09)
(3.8905663e-05 3.3464205e-05 -1.1507752e-09)
(3.6144683e-05 3.4749822e-05 -1.113467e-09)
(3.3554781e-05 3.5910281e-05 -1.0643732e-09)
(3.1116773e-05 3.6914535e-05 -1.006792e-09)
(2.8744773e-05 3.7795013e-05 -9.4358694e-10)
(2.6404305e-05 3.8540711e-05 -8.7706434e-10)
(2.4085972e-05 3.9146507e-05 -8.0894279e-10)
(2.1776151e-05 3.9580125e-05 -7.403757e-10)
(1.9517608e-05 3.9828721e-05 -6.7204393e-10)
(1.7291201e-05 3.9908782e-05 -6.0424698e-10)
(1.5100928e-05 3.9824212e-05 -5.36997e-10)
(1.2943425e-05 3.9572253e-05 -4.70115e-10)
(1.0811964e-05 3.9161756e-05 -4.033165e-10)
(8.7227492e-06 3.8563761e-05 -3.3631359e-10)
(6.684058e-06 3.816107e-05 -2.6892311e-10)
(4.6967874e-06 3.6199376e-05 -2.0108645e-10)
(2.764911e-06 3.9149733e-05 -1.3339115e-10)
(8.9258495e-07 3.4881161e-05 -6.5353537e-11)
(6.2890232e-05 1.9687877e-05 -4.6008401e-10)
(5.7980542e-05 2.1789559e-05 -5.1647995e-10)
(5.3218549e-05 2.3681563e-05 -5.6256489e-10)
(4.8772817e-05 2.5288259e-05 -5.9674536e-10)
(4.4732551e-05 2.6699295e-05 -6.1828426e-10)
(4.1121974e-05 2.8088795e-05 -6.2740179e-10)
(3.7915848e-05 2.9375194e-05 -6.2498709e-10)
(3.5057988e-05 3.0520967e-05 -6.1247321e-10)
(3.2477324e-05 3.1633484e-05 -5.9163257e-10)
(3.0094676e-05 3.2695189e-05 -5.6435487e-10)
(2.7864541e-05 3.366697e-05 -5.3245027e-10)
(2.571841e-05 3.4502643e-05 -4.9750265e-10)
(2.3623087e-05 3.5191716e-05 -4.6081323e-10)
(2.1556934e-05 3.574344e-05 -4.2337064e-10)
(1.9510636e-05 3.6135235e-05 -3.858563e-10)
(1.7489945e-05 3.6388071e-05 -3.4868881e-10)
(1.5488942e-05 3.6508326e-05 -3.1207062e-10)
(1.3506304e-05 3.6468087e-05 -2.760419e-10)
(1.1553289e-05 3.6275079e-05 -2.4053227e-10)
(9.6444386e-06 3.5931361e-05 -2.0540901e-10)
(7.7768753e-06 3.536155e-05 -1.7052893e-10)
(5.9547073e-06 3.5014239e-05 -1.3580486e-10)
(4.1793567e-06 3.3174198e-05 -1.0114569e-10)
(2.4624925e-06 3.5949604e-05 -6.6940093e-11)
(8.0150391e-07 3.1949443e-05 -3.2579296e-11)
(5.7095237e-05 1.7875335e-05 -2.4089475e-10)
(5.2744079e-05 1.980221e-05 -2.680318e-10)
(4.8466843e-05 2.1586017e-05 -2.9065904e-10)
(4.4419519e-05 2.313356e-05 -3.0767454e-10)
(4.0695213e-05 2.4431084e-05 -3.183804e-10)
(3.7332687e-05 2.5677278e-05 -3.2279057e-10)
(3.4326034e-05 2.6812659e-05 -3.2126872e-10)
(3.1639531e-05 2.7828037e-05 -3.1448657e-10)
(2.9219796e-05 2.8792776e-05 -3.033426e-10)
(2.7006953e-05 2.9718043e-05 -2.8881286e-10)
(2.4946902e-05 3.0577722e-05 -2.7184429e-10)
(2.2992967e-05 3.1353532e-05 -2.5328468e-10)
(2.1104814e-05 3.2025703e-05 -2.338329e-10)
(1.9257711e-05 3.2558903e-05 -2.1402811e-10)
(1.7437549e-05 3.2935654e-05 -1.9425639e-10)
(1.5639e-05 3.3158078e-05 -1.7476349e-10)
(1.3857927e-05 3.3261393e-05 -1.5568067e-10)
(1.2095079e-05 3.3241743e-05 -1.3704894e-10)
(1.0356317e-05 3.3077974e-05 -1.1884469e-10)
(8.6492441e-06 3.2784878e-05 -1.0100978e-10)
(6.9771138e-06 3.2259125e-05 -8.3476833e-11)
(5.342983e-06 3.1965281e-05 -6.6210515e-11)
(3.7489731e-06 3.0206335e-05 -4.9122768e-11)
(2.212211e-06 3.2718351e-05 -3.2511571e-11)
(7.240792e-07 2.9156019e-05 -1.5717715e-11)
(5.1867604e-05 1.611194e-05 -1.2287369e-10)
(4.8011496e-05 1.7992311e-05 -1.34215e-10)
(4.4175157e-05 1.9551538e-05 -1.440615e-10)
(4.0499204e-05 2.0966734e-05 -1.5176561e-10)
(3.707634e-05 2.2177817e-05 -1.5667471e-10)
(3.3953563e-05 2.3270232e-05 -1.5863248e-10)
(3.1139421e-05 2.4268117e-05 -1.5775226e-10)
(2.8614705e-05 2.5182132e-05 -1.5429779e-10)
(2.6341631e-05 2.6022344e-05 -1.486667e-10)
(2.4274502e-05 2.6805933e-05 -1.4133016e-10)
(2.2359904e-05 2.7550802e-05 -1.3275579e-10)
(2.0567841e-05 2.822499e-05 -1.2337025e-10)
(1.8853598e-05 2.8801462e-05 -1.1353839e-10)
(1.7192291e-05 2.9281976e-05 -1.035455e-10)
(1.5565936e-05 2.9644654e-05 -9.3593238e-11)
(1.3963944e-05 2.9881645e-05 -8.3817793e-11)
(1.2380988e-05 2.9991468e-05 -7.429896e-11)
(1.0815782e-05 2.9967073e-05 -6.5069556e-11)
(9.2710465e-06 2.9828556e-05 -5.6129088e-11)
(7.7510247e-06 2.9575201e-05 -4.7456204e-11)
(6.2590893e-06 2.9116999e-05 -3.9023413e-11)
(4.7986531e-06 2.8932485e-05 -3.0821712e-11)
(3.3713396e-06 2.718386e-05 -2.2772945e-11)
(1.9888769e-06 2.929507e-05 -1.5136634e-11)
(6.5125997e-07 2.6326153e-05 -7.2750884e-12)
(4.7168616e-05 1.4404557e-05 -6.1073458e-11)
(4.3750507e-05 1.6197354e-05 -6.4272286e-11)
(4.0312293e-05 1.7618368e-05 -6.7458681e-11)
(3.6979796e-05 1.8851902e-05 -7.0216844e-11)
(3.3841795e-05 1.9938469e-05 -7.207119e-11)
(3.094964e-05 2.0881243e-05 -7.2764596e-11)
(2.8321821e-05 2.1747963e-05 -7.2272532e-11)
(2.5951845e-05 2.2551928e-05 -7.0654772e-11)
(2.3814611e-05 2.3285098e-05 -6.8040666e-11)
(2.1875158e-05 2.3963319e-05 -6.4620235e-11)
(2.0093819e-05 2.4561787e-05 -6.0601742e-11)
(1.8435362e-05 2.5108131e-05 -5.6186567e-11)
(1.6867757e-05 2.5611064e-05 -5.1549879e-11)
(1.5362238e-05 2.6017276e-05 -4.6831392e-11)
(1.390003e-05 2.6327164e-05 -4.2136722e-11)
(1.2467872e-05 2.6548899e-05 -3.7539937e-11)
(1.1057886e-05 2.6661391e-05 -3.3083494e-11)
(9.6665841e-06 2.6649607e-05 -2.8788482e-11)
(8.294012e-06 2.653219e-05 -2.4664603e-11)
(6.9420248e-06 2.6317657e-05 -2.0710407e-11)
(5.6134104e-06 2.5910717e-05 -1.6917835e-11)
(4.3108773e-06 2.5910551e-05 -1.3294705e-11)
(3.0395453e-06 2.4154091e-05 -9.7668044e-12)
(1.7939954e-06 2.5928406e-05 -6.5809612e-12)
(5.7844542e-07 2.3560472e-05 -3.1341637e-12)
(4.2966886e-05 1.2799252e-05 -2.9562353e-11)
(3.9934622e-05 1.4410147e-05 -2.8774135e-11)
(3.6853692e-05 1.5759346e-05 -2.8718005e-11)
(3.3836309e-05 1.687081e-05 -2.897462e-11)
(3.0965084e-05 1.7802287e-05 -2.924942e-11)
(2.829287e-05 1.8579165e-05 -2.9294171e-11)
(2.5844463e-05 1.9320352e-05 -2.900484e-11)
(2.3622781e-05 2.0017568e-05 -2.833736e-11)
(2.1613254e-05 2.0622337e-05 -2.729052e-11)
(1.9790691e-05 2.1178919e-05 -2.5913611e-11)
(1.8124438e-05 2.1684339e-05 -2.4277181e-11)
(1.658186e-05 2.2144737e-05 -2.245708e-11)
(1.5136534e-05 2.2535236e-05 -2.0526866e-11)
(1.3761879e-05 2.2856049e-05 -1.8550336e-11)
(1.2437702e-05 2.3118415e-05 -1.6577766e-11)
(1.1149523e-05 2.3303555e-05 -1.4645261e-11)
(9.8875937e-06 2.3396256e-05 -1.2779605e-11)
(8.6464003e-06 2.3388829e-05 -1.0997191e-11)
(7.4237397e-06 2.3294035e-05 -9.3068311e-12)
(6.2199342e-06 2.3111296e-05 -7.7136607e-12)
(5.0365497e-06 2.2782053e-05 -6.2206284e-12)
(3.8760891e-06 2.2682208e-05 -4.8397699e-12)
(2.7431273e-06 2.1128823e-05 -3.509658e-12)
(1.6203298e-06 2.3180581e-05 -2.4717899e-12)
(5.1248196e-07 2.0533964e-05 -1.1343645e-12)
(3.9231374e-05 1.1347741e-05 -1.4040091e-11)
(3.6537702e-05 1.2763349e-05 -1.1364756e-11)
(3.3776381e-05 1.3966266e-05 -9.7826364e-12)
(3.1045747e-05 1.4969932e-05 -8.9009624e-12)
(2.8422069e-05 1.5814627e-05 -8.4299258e-12)
(2.5957258e-05 1.643402e-05 -8.1469941e-12)
(2.3679996e-05 1.7005504e-05 -7.9426378e-12)
(2.1599717e-05 1.7586606e-05 -7.7254785e-12)
(1.9710314e-05 1.8105539e-05 -7.4474054e-12)
(1.7994602e-05 1.8563826e-05 -7.0842594e-12)
(1.6429186e-05 1.8974525e-05 -6.6326594e-12)
(1.4987972e-05 1.934249e-05 -6.1074881e-12)
(1.364501e-05 1.9657839e-05 -5.5287021e-12)
(1.2378783e-05 1.9919972e-05 -4.9193993e-12)
(1.116979e-05 2.0128455e-05 -4.3009127e-12)
(1.0002034e-05 2.0260809e-05 -3.6907734e-12)
(8.8645872e-06 2.0324446e-05 -3.1058517e-12)
(7.7507416e-06 2.0323342e-05 -2.5578714e-12)
(6.6566684e-06 2.0241165e-05 -2.0532642e-12)
(5.5811818e-06 2.0083389e-05 -1.5998097e-12)
(4.5247876e-06 1.9792071e-05 -1.206739e-12)
(3.4890937e-06 1.9685399e-05 -8.9018517e-13)
(2.4762249e-06 1.831224e-05 -5.9494312e-13)
(1.4615353e-06 2.0512555e-05 -5.5706992e-13)
(4.6008814e-07 1.7819131e-05 -1.9316949e-13)
(3.5928755e-05 9.9532105e-06 -6.7533476e-12)
(3.3532078e-05 1.12305e-05 -3.3411718e-12)
(3.1055126e-05 1.2284247e-05 -1.0505987e-12)
(2.8583959e-05 1.3160814e-05 3.7369964e-13)
(2.6187737e-05 1.3878728e-05 1.1682272e-12)
(2.3916119e-05 1.441789e-05 1.5736902e-12)
(2.1800575e-05 1.4912391e-05 1.7481766e-12)
(1.9854018e-05 1.5400175e-05 1.7744353e-12)
(1.807732e-05 1.580378e-05 1.7097225e-12)
(1.6459677e-05 1.6163788e-05 1.6114558e-12)
(1.498387e-05 1.6486213e-05 1.5147486e-12)
(1.362916e-05 1.6770963e-05 1.434376e-12)
(1.2373783e-05 1.701725e-05 1.3772655e-12)
(1.1197283e-05 1.7224843e-05 1.3401739e-12)
(1.0081809e-05 1.7384198e-05 1.3168622e-12)
(9.0142025e-06 1.7490642e-05 1.2999604e-12)
(7.9798576e-06 1.754411e-05 1.2811674e-12)
(6.9724807e-06 1.7539242e-05 1.2528405e-12)
(5.9868599e-06 1.7465641e-05 1.2082061e-12)
(5.0206525e-06 1.7313577e-05 1.1385177e-12)
(4.0733915e-06 1.7062485e-05 1.031049e-12)
(3.1454913e-06 1.6995006e-05 8.6757206e-13)
(2.2411982e-06 1.5751703e-05 6.9848237e-13)
(1.3236593e-06 1.7973836e-05 2.9532426e-13)
(4.1426388e-07 1.5363383e-05 2.2496978e-13)
(3.302353e-05 8.6297834e-06 -3.7437926e-12)
(3.0886735e-05 9.7859996e-06 -7.6491187e-14)
(2.8661866e-05 1.0733526e-05 2.4565569e-12)
(2.6424032e-05 1.1500476e-05 4.1345036e-12)
(2.4235315e-05 1.2124513e-05 5.1192986e-12)
(2.2142402e-05 1.2631247e-05 5.6139338e-12)
(2.0177572e-05 1.2993316e-05 5.7920274e-12)
(1.8356838e-05 1.334731e-05 5.7490518e-12)
(1.6685178e-05 1.3716506e-05 5.5557583e-12)
(1.5157491e-05 1.3997395e-05 5.2765106e-12)
(1.3761653e-05 1.4236014e-05 4.9553579e-12)
(1.2481671e-05 1.4453772e-05 4.6209079e-12)
(1.1299729e-05 1.4645958e-05 4.2915888e-12)
(1.0198048e-05 1.4802801e-05 3.9749157e-12)
(9.1595367e-06 1.4922799e-05 3.6728346e-12)
(8.1714393e-06 1.5003729e-05 3.3839639e-12)
(7.2219174e-06 1.504039e-05 3.1043512e-12)
(6.3026349e-06 1.5029842e-05 2.8285683e-12)
(5.4070643e-06 1.4965993e-05 2.5494879e-12)
(4.5325982e-06 1.4839835e-05 2.2580673e-12)
(3.6783323e-06 1.4633738e-05 1.9411839e-12)
(2.8446666e-06 1.4591198e-05 1.5804971e-12)
(2.0411256e-06 1.3439884e-05 1.2211488e-12)
(1.205923e-06 1.5619415e-05 6.4295412e-13)
(3.6873117e-07 1.3144557e-05 3.9298042e-13)
(3.0478489e-05 7.485827e-06 -2.9323579e-12)
(2.8569188e-05 8.4262077e-06 8.1150617e-13)
(2.6567108e-05 9.2803814e-06 3.4075679e-12)
(2.4537886e-05 9.9966761e-06 5.1654587e-12)
(2.2537157e-05 1.0558353e-05 6.2644244e-12)
(2.0608551e-05 1.0984834e-05 6.8533015e-12)
(1.8782939e-05 1.130487e-05 7.0772539e-12)
(1.7079378e-05 1.154778e-05 7.0490248e-12)
(1.5505117e-05 1.1801436e-05 6.8431683e-12)
(1.4059726e-05 1.2050518e-05 6.5217705e-12)
(1.2735469e-05 1.2246261e-05 6.1363458e-12)
(1.1520377e-05 1.2405945e-05 5.7206954e-12)
(1.0400161e-05 1.2535615e-05 5.298286e-12)
(9.3597956e-06 1.2643137e-05 4.8829183e-12)
(8.3848913e-06 1.2731083e-05 4.4812209e-12)
(7.4607631e-06 1.2791906e-05 4.0947943e-12)
(6.5796198e-06 1.2814872e-05 3.7215783e-12)
(5.731107e-06 1.279587e-05 3.3569242e-12)
(4.9093184e-06 1.2739758e-05 2.9936973e-12)
(4.1106172e-06 1.264038e-05 2.6232227e-12)
(3.3339247e-06 1.2474494e-05 2.2333426e-12)
(2.5799173e-06 1.2466337e-05 1.8060286e-12)
(1.8775777e-06 1.1391618e-05 1.3831136e-12)
(1.1029666e-06 1.3469972e-05 7.5450938e-13)
(3.1935586e-07 1.1189296e-05 4.4138878e-13)
(2.8258772e-05 6.5197651e-06 -3.2245291e-12)
(2.654778e-05 7.3287635e-06 5.0926115e-13)
(2.474164e-05 8.038006e-06 3.1479527e-12)
(2.2897961e-05 8.6292679e-06 4.9483506e-12)
(2.1066356e-05 9.1161391e-06 6.1098969e-12)
(1.9287116e-05 9.501234e-06 6.7765465e-12)
(1.7589702e-05 9.7918435e-06 7.0695968e-12)
(1.5993879e-05 9.9942769e-06 7.0931339e-12)
(1.4509702e-05 1.013349e-05 6.9296213e-12)
(1.3139454e-05 1.0302896e-05 6.6390385e-12)
(1.1879378e-05 1.0470222e-05 6.2710183e-12)
(1.0720931e-05 1.0585577e-05 5.8613882e-12)
(9.6529786e-06 1.0677139e-05 5.4346968e-12)
(8.6630562e-06 1.0752244e-05 5.0081405e-12)
(7.7386792e-06 1.0806417e-05 4.5909131e-12)
(6.8679451e-06 1.0833975e-05 4.1867314e-12)
(6.0410775e-06 1.0840591e-05 3.7954844e-12)
(5.2491457e-06 1.0823482e-05 3.4136345e-12)
(4.4865253e-06 1.0775868e-05 3.0345553e-12)
(3.7482611e-06 1.069648e-05 2.6500236e-12)
(3.033315e-06 1.055604e-05 2.2492274e-12)
(2.3347974e-06 1.0604763e-05 1.8135851e-12)
(1.7464273e-06 9.5763432e-06 1.3856549e-12)
(1.0004596e-06 1.1473459e-05 7.6461035e-13)
(2.6469548e-07 9.43664e-06 4.3886574e-13)
(2.6331486e-05 5.6624409e-06 -4.0021196e-12)
(2.4792458e-05 6.3600901e-06 -3.3391408e-13)
(2.3157918e-05 6.9450696e-06 2.3431587e-12)
(2.147817e-05 7.4422611e-06 4.1970478e-12)
(1.9797631e-05 7.8660723e-06 5.4081602e-12)
(1.8152935e-05 8.194936e-06 6.1401239e-12)
(1.6572265e-05 8.4258668e-06 6.505613e-12)
(1.5075247e-05 8.5974688e-06 6.5957839e-12)
(1.3673651e-05 8.726487e-06 6.4915286e-12)
(1.2372036e-05 8.7932253e-06 6.2594019e-12)
(1.1169504e-05 8.8774791e-06 5.9455156e-12)
(1.0060752e-05 8.9749752e-06 5.5817931e-12)
(9.0373418e-06 9.036637e-06 5.1924164e-12)
(8.0892377e-06 9.0856067e-06 4.7956241e-12)
(7.2059582e-06 9.1149161e-06 4.4017917e-12)
(6.3772006e-06 9.1291906e-06 4.0157503e-12)
(5.5937396e-06 9.1261079e-06 3.6398329e-12)
(4.8474462e-06 9.1045809e-06 3.2718495e-12)
(4.1318171e-06 9.0645521e-06 2.9058091e-12)
(3.4419455e-06 8.9938986e-06 2.5347995e-12)
(2.7753888e-06 8.8467843e-06 2.1490838e-12)
(2.1326396e-06 8.9916709e-06 1.7290958e-12)
(1.5298901e-06 7.9734928e-06 1.321233e-12)
(8.7800039e-07 9.6263177e-06 7.3161512e-13)
(2.5047434e-07 7.9185318e-06 4.1447258e-13)
(2.4663995e-05 4.8895698e-06 -4.8818141e-12)
(2.3274045e-05 5.4828427e-06 -1.3164049e-12)
(2.1789325e-05 5.9904738e-06 1.3339709e-12)
(2.0253904e-05 6.4057946e-06 3.2335718e-12)
(1.8707362e-05 6.7455631e-06 4.5135745e-12)
(1.7183146e-05 7.0299153e-06 5.3040994e-12)
(1.5707834e-05 7.2309541e-06 5.7345299e-12)
(1.4300763e-05 7.3654152e-06 5.8958322e-12)
(1.2974425e-05 7.4689393e-06 5.8596638e-12)
(1.1735368e-05 7.5330557e-06 5.6921835e-12)
(1.0584599e-05 7.549378e-06 5.4386091e-12)
(9.5195429e-06 7.5598244e-06 5.1310458e-12)
(8.5342419e-06 7.6072609e-06 4.7938821e-12)
(7.6210678e-06 7.6416543e-06 4.4439722e-12)
(6.7712405e-06 7.6458245e-06 4.0914698e-12)
(5.9759298e-06 7.6460545e-06 3.7412281e-12)
(5.2267848e-06 7.6336975e-06 3.3957904e-12)
(4.5162326e-06 7.6053725e-06 3.0545389e-12)
(3.8377684e-06 7.5635528e-06 2.7136403e-12)
(3.1860286e-06 7.4993712e-06 2.3674619e-12)
(2.5556658e-06 7.3765664e-06 2.0073224e-12)
(1.9504461e-06 7.4862072e-06 1.6142346e-12)
(1.2759213e-06 6.5367604e-06 1.2319413e-12)
(7.7290053e-07 8.1240511e-06 6.7994486e-13)
(2.8534099e-07 6.4636082e-06 3.8673974e-13)
(2.3224489e-05 4.1458611e-06 -5.690844e-12)
(2.1963791e-05 4.6987202e-06 -2.2551791e-12)
(2.06098e-05 5.1471111e-06 3.3165912e-13)
(1.9201235e-05 5.5108773e-06 2.2254936e-12)
(1.7773327e-05 5.7864099e-06 3.5559063e-12)
(1.6356599e-05 6.0044193e-06 4.4183416e-12)
(1.497589e-05 6.17705e-06 4.9129099e-12)
(1.3650049e-05 6.2912368e-06 5.1421932e-12)
(1.2392063e-05 6.36193e-06 5.178288e-12)
(1.1209638e-05 6.4040415e-06 5.0764798e-12)
(1.0105618e-05 6.4187782e-06 4.8817815e-12)
(9.0792946e-06 6.4246645e-06 4.6292112e-12)
(8.1270011e-06 6.4085093e-06 4.3449882e-12)
(7.2431197e-06 6.3857731e-06 4.044665e-12)
(6.4206033e-06 6.3819229e-06 3.7377322e-12)
(5.6520508e-06 6.3734025e-06 3.4290292e-12)
(4.9300806e-06 6.3495794e-06 3.1206883e-12)
(4.2476793e-06 6.3127556e-06 2.8126594e-12)
(3.5984078e-06 6.2694087e-06 2.5021534e-12)
(2.9762367e-06 6.2123795e-06 2.184612e-12)
(2.3745365e-06 6.0965538e-06 1.8534383e-12)
(1.7857561e-06 6.1592225e-06 1.4902542e-12)
(1.1598568e-06 5.3424123e-06 1.1355042e-12)
(7.0469604e-07 6.936748e-06 6.2175701e-13)
(2.8896512e-07 5.3251172e-06 3.552283e-13)
(2.1982795e-05 3.5648148e-06 -6.4115947e-12)
(2.0834132e-05 4.0233397e-06 -3.0929041e-12)
(1.9594307e-05 4.4117745e-06 -5.8070507e-13)
(1.8297242e-05 4.7305579e-06 1.2790481e-12)
(1.6974348e-05 4.9783899e-06 2.6153241e-12)
(1.5653419e-05 5.1517596e-06 3.5310495e-12)
(1.4357539e-05 5.2702344e-06 4.0991999e-12)
(1.3104914e-05 5.3583318e-06 4.3958822e-12)
(1.1908756e-05 5.4092376e-06 4.4988045e-12)
(1.0777567e-05 5.4303208e-06 4.4627131e-12)
(9.7156919e-06 5.4335541e-06 4.328201e-12)
(8.7240015e-06 5.4219043e-06 4.1308849e-12)
(7.80063e-06 5.3945538e-06 3.8972567e-12)
(6.9415797e-06 5.3653424e-06 3.6432962e-12)
(6.1415791e-06 5.3350603e-06 3.3787711e-12)
(5.3945552e-06 5.2966577e-06 3.1098297e-12)
(4.6941444e-06 5.258172e-06 2.8390931e-12)
(4.0340453e-06 5.2161564e-06 2.565979e-12)
(3.4082448e-06 5.1732427e-06 2.287946e-12)
(2.8109903e-06 5.1204841e-06 2.0010235e-12)
(2.2363503e-06 5.0130175e-06 1.6995632e-12)
(1.6786515e-06 5.0570936e-06 1.3672941e-12)
(1.1236181e-06 4.3250823e-06 1.0422655e-12)
(6.6129595e-07 5.8872273e-06 5.6712362e-13)
(2.5487815e-07 4.3665874e-06 3.2494814e-13)
(2.0911522e-05 3.0722252e-06 -7.0465399e-12)
(1.9860079e-05 3.4667009e-06 -3.8484376e-12)
(1.8719906e-05 3.7915579e-06 -1.401392e-12)
(1.752074e-05 4.0430456e-06 4.3405419e-13)
(1.6290814e-05 4.2669108e-06 1.7659329e-12)
(1.5055165e-05 4.4300565e-06 2.6989914e-12)
(1.3835379e-05 4.5186686e-06 3.3141525e-12)
(1.2648789e-05 4.5760487e-06 3.6739618e-12)
(1.1508589e-05 4.6027664e-06 3.8420875e-12)
(1.0423905e-05 4.6053114e-06 3.868144e-12)
(9.4001352e-06 4.5953919e-06 3.7920076e-12)
(8.4395107e-06 4.5689997e-06 3.6498046e-12)
(7.541631e-06 4.5302068e-06 3.4659146e-12)
(6.7040323e-06 4.4905108e-06 3.2562645e-12)
(5.922873e-06 4.4482997e-06 3.0323531e-12)
(5.1933352e-06 4.4033416e-06 2.8011861e-12)
(4.5101022e-06 4.3586606e-06 2.5657443e-12)
(3.8677215e-06 4.313971e-06 2.3257792e-12)
(3.2608375e-06 4.2578383e-06 2.0793736e-12)
(2.6843623e-06 4.1921089e-06 1.823033e-12)
(2.1335189e-06 4.0966374e-06 1.5511524e-12)
(1.6047143e-06 4.1370299e-06 1.2497261e-12)
(1.0923551e-06 3.4719596e-06 9.5450324e-13)
(6.4078623e-07 4.962738e-06 5.1746629e-13)
(2.3070937e-07 3.5691158e-06 2.9740837e-13)
(1.9986773e-05 2.6494625e-06 -7.6194525e-12)
(1.9019707e-05 2.9876209e-06 -4.5352672e-12)
(1.7966401e-05 3.2751255e-06 -2.14899e-12)
(1.6853205e-05 3.5055775e-06 -3.3656585e-13)
(1.5705328e-05 3.6581217e-06 1.0009258e-12)
(1.4545548e-05 3.7684501e-06 1.9524645e-12)
(1.3393879e-05 3.8582638e-06 2.5979678e-12)
(1.2266812e-05 3.9049321e-06 3.0022649e-12)
(1.1177349e-05 3.9265548e-06 3.2187067e-12)
(1.0134978e-05 3.9242805e-06 3.2966531e-12)
(9.1458923e-06 3.8943257e-06 3.277295e-12)
(8.2133852e-06 3.8521037e-06 3.1885101e-12)
(7.3382878e-06 3.8053773e-06 3.0517538e-12)
(6.5194676e-06 3.7567561e-06 2.885049e-12)
(5.7543206e-06 3.7062291e-06 2.7007752e-12)
(5.0391817e-06 3.6539612e-06 2.506073e-12)
(4.3697423e-06 3.6017484e-06 2.3041059e-12)
(3.7413985e-06 3.548652e-06 2.095629e-12)
(3.1495071e-06 3.4917938e-06 1.8792566e-12)
(2.5896227e-06 3.4283984e-06 1.6520527e-12)
(2.0577749e-06 3.3387143e-06 1.408877e-12)
(1.5510563e-06 3.3759061e-06 1.1373263e-12)
(1.0653947e-06 2.7671365e-06 8.7086322e-13)
(6.2579736e-07 4.1582349e-06 4.7095676e-13)
(2.1770696e-07 2.9006017e-06 2.7147602e-13)
(1.9187993e-05 2.2845565e-06 -8.1433097e-12)
(1.8294073e-05 2.5750848e-06 -5.1605377e-12)
(1.7316473e-05 2.8161766e-06 -2.8297756e-12)
(1.6278654e-05 3.0146877e-06 -1.0413935e-12)
(1.5203061e-05 3.1541825e-06 2.9737626e-13)
(1.4110653e-05 3.2462292e-06 1.2667674e-12)
(1.301984e-05 3.3107978e-06 1.9399287e-12)
(1.1946351e-05 3.340263e-06 2.3796655e-12)
(1.0902877e-05 3.3417999e-06 2.6383094e-12)
(9.8990602e-06 3.3231727e-06 2.7637608e-12)
(8.941661e-06 3.2921689e-06 2.7912019e-12)
(8.034805e-06 3.2518352e-06 2.7465283e-12)
(7.1803405e-06 3.202643e-06 2.6528315e-12)
(6.3782347e-06 3.1485114e-06 2.5273516e-12)
(5.6269668e-06 3.091532e-06 2.3813268e-12)
(4.923891e-06 3.0337769e-06 2.2214459e-12)
(4.2656177e-06 2.9771235e-06 2.0514612e-12)
(3.6483252e-06 2.9200003e-06 1.8729635e-12)
(3.0680271e-06 2.8626965e-06 1.6851328e-12)
(2.5208248e-06 2.8009895e-06 1.4857338e-12)
(2.0031656e-06 2.7160643e-06 1.2704066e-12)
(1.5121942e-06 2.7508704e-06 1.0277652e-12)
(1.0440782e-06 2.1888985e-06 7.8984767e-13)
(6.1445065e-07 3.456716e-06 4.2718768e-13)
(2.1067253e-07 2.3466347e-06 2.4658984e-13)
(1.84978e-05 1.9688749e-06 -8.6325496e-12)
(1.7667264e-05 2.2207555e-06 -5.7458276e-12)
(1.6755564e-05 2.429763e-06 -3.467579e-12)
(1.5783624e-05 2.5892535e-06 -1.7006284e-12)
(1.4771729e-05 2.7065033e-06 -3.6039922e-13)
(1.3738966e-05 2.7904379e-06 6.2651179e-13)
(1.2702467e-05 2.8405159e-06 1.3267033e-12)
(1.167712e-05 2.8592832e-06 1.8005794e-12)
(1.0675233e-05 2.8498678e-06 2.0985037e-12)
(9.7064945e-06 2.8230171e-06 2.2635351e-12)
(8.7780544e-06 2.7924446e-06 2.3304073e-12)
(7.8946837e-06 2.7510333e-06 2.3263637e-12)
(7.0590519e-06 2.6973824e-06 2.2724349e-12)
(6.2720207e-06 2.640271e-06 2.1842347e-12)
(5.5329848e-06 2.5812862e-06 2.0727093e-12)
(4.8401903e-06 2.5228608e-06 1.9450328e-12)
(4.1910544e-06 2.4642153e-06 1.8055387e-12)
(3.5824491e-06 2.4061292e-06 1.6556704e-12)
(3.0109598e-06 2.3493549e-06 1.4951031e-12)
(2.4731153e-06 2.2893537e-06 1.3224339e-12)
(1.9655818e-06 2.2089551e-06 1.1340715e-12)
(1.4853572e-06 2.2435716e-06 9.1921442e-13)
(1.0288974e-06 1.7203849e-06 7.0915586e-13)
(6.0633544e-07 2.8447963e-06 3.8385377e-13)
(2.072354e-07 1.8902653e-06 2.2203531e-13)
(1.7901785e-05 1.6906219e-06 -9.1086159e-12)
(1.7126113e-05 1.9075033e-06 -6.3053018e-12)
(1.6271703e-05 2.0861471e-06 -4.071991e-12)
(1.5357299e-05 2.2241942e-06 -2.3216737e-12)
(1.4401353e-05 2.3266733e-06 -9.7906942e-13)
(1.3421305e-05 2.3979075e-06 2.3897657e-14)
(1.2433119e-05 2.4371242e-06 7.5000753e-13)
(1.1450882e-05 2.4484065e-06 1.2563265e-12)
(1.048648e-05 2.4379025e-06 1.5904982e-12)
(9.5495575e-06 2.4131184e-06 1.7922602e-12)
(8.6475161e-06 2.3708327e-06 1.8958741e-12)
(7.7856163e-06 2.3196622e-06 1.9281494e-12)
(6.9671743e-06 2.2690723e-06 1.9093823e-12)
(6.1937911e-06 2.2132671e-06 1.8549063e-12)
(5.4656321e-06 2.1546186e-06 1.7751609e-12)
(4.7817043e-06 2.0961576e-06 1.6774488e-12)
(4.1401225e-06 2.0384393e-06 1.5662606e-12)
(3.5383648e-06 1.9819879e-06 1.4433418e-12)
(2.9735082e-06 1.9270063e-06 1.3088994e-12)
(2.4424302e-06 1.870832e-06 1.1619182e-12)
(1.9419593e-06 1.7971627e-06 9.9950649e-13)
(1.468977e-06 1.8396641e-06 8.1147184e-13)
(1.0200771e-06 1.342092e-06 6.2839584e-13)
(6.0185319e-07 2.3116288e-06 3.3991906e-13)
(2.0472039e-07 1.5393887e-06 1.9653197e-13)
(1.7388236e-05 1.4495737e-06 -9.5753442e-12)
(1.6659946e-05 1.6346293e-06 -6.8411884e-12)
(1.5855204e-05 1.7872366e-06 -4.6449791e-12)
(1.4990934e-05 1.906935e-06 -2.9090444e-12)
(1.4083941e-05 1.9944756e-06 -1.5637069e-12)
(1.3150303e-05 2.0564804e-06 -5.4538925e-13)
(1.2204912e-05 2.087717e-06 2.050562e-13)
(1.1261074e-05 2.0924351e-06 7.4073541e-13)
(1.0330273e-05 2.0802682e-06 1.1079644e-12)
(9.4220446e-06 2.0518656e-06 1.3447597e-12)
(8.5439288e-06 2.0102936e-06 1.4827821e-12)
(7.7015467e-06 1.9607209e-06 1.5484561e-12)
(6.8987183e-06 1.9070836e-06 1.5619257e-12)
(6.1376564e-06 1.8496548e-06 1.538102e-12)
(5.4191736e-06 1.7920236e-06 1.4875671e-12)
(4.7429176e-06 1.7351177e-06 1.4178119e-12)
(4.107604e-06 1.6797344e-06 1.3331826e-12)
(3.5112395e-06 1.6260034e-06 1.2357722e-12)
(2.9513291e-06 1.5735512e-06 1.12636e-12)
(2.4250632e-06 1.5218655e-06 1.0042276e-12)
(1.9294628e-06 1.4549359e-06 8.6701547e-13)
(1.4615027e-06 1.5126527e-06 7.0569968e-13)
(1.0175528e-06 1.0239716e-06 5.4906913e-13)
(6.0052739e-07 1.8528763e-06 2.9661872e-13)
(2.0111782e-07 1.2569329e-06 1.7211989e-13)
(1.6947629e-05 1.237108e-06 -1.0028011e-11)
(1.6260091e-05 1.3945416e-06 -7.3533338e-12)
(1.5498217e-05 1.5243336e-06 -5.1892284e-12)
(1.4677392e-05 1.6274764e-06 -3.466442e-12)
(1.3813019e-05 1.7026013e-06 -2.1186553e-12)
(1.2919983e-05 1.7515236e-06 -1.0858207e-12)
(1.2012227e-05 1.7764432e-06 -3.1362243e-13)
(1.1102348e-05 1.7807357e-06 2.4791772e-13)
(1.0201433e-05 1.7656395e-06 6.4506228e-13)
(9.3188621e-06 1.7346852e-06 9.1408283e-13)
(8.4622459e-06 1.6946351e-06 1.0841209e-12)
(7.6374543e-06 1.6471146e-06 1.1811466e-12)
(6.848703e-06 1.594152e-06 1.2250118e-12)
(6.0986923e-06 1.5383847e-06 1.2302517e-12)
(5.3887686e-06 1.4827822e-06 1.2073518e-12)
(4.7191204e-06 1.427775e-06 1.1637466e-12)
(4.0889747e-06 1.3734482e-06 1.104166e-12)
(3.4967935e-06 1.3217745e-06 1.0312101e-12)
(2.9404564e-06 1.272846e-06 9.4592696e-13)
(2.4174345e-06 1.2239618e-06 8.4800282e-13)
(1.924942e-06 1.1637443e-06 7.3546236e-13)
(1.4601379e-06 1.2161243e-06 6.0085964e-13)
(1.0187254e-06 7.75814e-07 4.699602e-13)
(6.0066653e-07 1.5012967e-06 2.5262191e-13)
(1.9813518e-07 9.8861165e-07 1.4847664e-13)
(1.6572091e-05 1.0479893e-06 -1.0466703e-11)
(1.5919355e-05 1.1815202e-06 -7.8419961e-12)
(1.5194208e-05 1.2902573e-06 -5.7049334e-12)
(1.4410747e-05 1.3770921e-06 -3.9938509e-12)
(1.3583172e-05 1.4403402e-06 -2.6454221e-12)
(1.2725345e-05 1.4795257e-06 -1.6017999e-12)
(1.1850361e-05 1.4983462e-06 -8.1128808e-13)
(1.0970226e-05 1.5004866e-06 -2.2642296e-13)
(1.0095625e-05 1.4848558e-06 1.9676948e-13)
(9.2357556e-06 1.4548407e-06 4.938184e-13)
(8.3982462e-06 1.4169646e-06 6.9318978e-13)
(7.5891391e-06 1.3719536e-06 8.1962015e-13)
(6.8129475e-06 1.3218911e-06 8.9222699e-13)
(6.0727518e-06 1.2692209e-06 9.2519534e-13)
(5.3703304e-06 1.21586e-06 9.2887527e-13)
(4.7063165e-06 1.163278e-06 9.1061184e-13)
(4.080365e-06 1.1121454e-06 8.7539296e-13)
(3.4913209e-06 1.0633611e-06 8.2615781e-13)
(2.9373863e-06 1.0177882e-06 7.6419959e-13)
(2.4162727e-06 9.7324828e-07 6.8974037e-13)
(1.9253447e-06 9.2015618e-07 6.014793e-13)
(1.4618113e-06 9.5283748e-07 4.9372123e-13)
(1.0210119e-06 5.8894359e-07 3.8847058e-13)
(6.020374e-07 1.2294879e-06 2.0639865e-13)
(1.9712096e-07 7.5996135e-07 1.2337778e-13)
(1.6254873e-05 8.7836757e-07 -1.0879736e-11)
(1.563155e-05 9.909308e-07 -8.2944939e-12)
(1.4937539e-05 1.0820607e-06 -6.1827155e-12)
(1.4185851e-05 1.1516731e-06 -4.4833801e-12)
(1.3389684e-05 1.2016166e-06 -3.1374547e-12)
(1.2562023e-05 1.2342159e-06 -2.0893708e-12)
(1.1715246e-05 1.2492502e-06 -1.2869663e-12)
(1.0860827e-05 1.2509225e-06 -6.8448246e-13)
(1.0009089e-05 1.2369456e-06 -2.3994526e-13)
(9.1690408e-06 1.2091898e-06 8.129041e-14)
(8.3482843e-06 1.1744794e-06 3.0677463e-13)
(7.5529744e-06 1.1333077e-06 4.5996329e-13)
(6.7878407e-06 1.0875786e-06 5.5922997e-13)
(6.0562552e-06 1.0393138e-06 6.1832303e-13)
(5.3603357e-06 9.9015242e-07 6.4733537e-13)
(4.7010719e-06 9.4103226e-07 6.5361606e-13)
(4.078466e-06 8.9398854e-07 6.4207617e-13)
(3.4916825e-06 8.5002273e-07 6.1584871e-13)
(2.9391942e-06 8.0814334e-07 5.7682526e-13)
(2.418923e-06 7.6732195e-07 5.2561843e-13)
(1.9283683e-06 7.202531e-07 4.6148832e-13)
(1.4647409e-06 7.4496812e-07 3.8021036e-13)
(1.0238354e-06 4.4947376e-07 3.0080437e-13)
(6.0431298e-07 1.0178188e-06 1.546254e-13)
(1.9794133e-07 5.8193844e-07 9.4739556e-14)
(1.5989976e-05 7.2452652e-07 -1.1221115e-11)
(1.5391155e-05 8.15518e-07 -8.6660711e-12)
(1.4723145e-05 8.9200398e-07 -6.5843023e-12)
(1.3998064e-05 9.5073486e-07 -4.9081281e-12)
(1.3228291e-05 9.9291268e-07 -3.5765822e-12)
(1.2426071e-05 1.0193484e-06 -2.5334233e-12)
(1.1603178e-05 1.030803e-06 -1.728046e-12)
(1.0770628e-05 1.0321293e-06 -1.1162518e-12)
(9.9384196e-06 1.021285e-06 -6.5744954e-13)
(9.1153813e-06 9.9821943e-07 -3.1792624e-13)
(8.3090645e-06 9.682993e-07 -7.1217005e-14)
(7.5256881e-06 9.3289193e-07 1.0472277e-13)
(6.7701348e-06 8.9327382e-07 2.2746362e-13)
(6.0459961e-06 8.5100404e-07 3.1026906e-13)
(5.3556499e-06 8.0778136e-07 3.6283867e-13)
(4.7003653e-06 7.6474001e-07 3.9226145e-13)
(4.0804231e-06 7.2226727e-07 4.035538e-13)
(3.4952483e-06 6.8299949e-07 3.9977018e-13)
(2.9435453e-06 6.4728851e-07 3.8302448e-13)
(2.4234296e-06 6.1217581e-07 3.5461399e-13)
(1.9325572e-06 5.7232922e-07 3.1437396e-13)
(1.4682466e-06 5.9487647e-07 2.5924416e-13)
(1.0268671e-06 3.5241252e-07 2.0572723e-13)
(6.0676771e-07 8.4658473e-07 9.6260679e-14)
(1.9993574e-07 4.647487e-07 6.1505249e-14)
(1.5771619e-05 5.8840839e-07 -1.1393595e-11)
(1.5192789e-05 6.6370298e-07 -8.8803902e-12)
(1.454604e-05 7.2704231e-07 -6.8437629e-12)
(1.3842781e-05 7.7676491e-07 -5.2099254e-12)
(1.3094721e-05 8.1308644e-07 -3.9126183e-12)
(1.2313506e-05 8.3635093e-07 -2.8935946e-12)
(1.1510412e-05 8.4752138e-07 -2.1022104e-12)
(1.0696059e-05 8.4723668e-07 -1.4940909e-12)
(9.8801735e-06 8.38519e-07 -1.0317227e-12)
(9.0714222e-06 8.2242419e-07 -6.8349417e-13)
(8.2772925e-06 7.9944651e-07 -4.2332509e-13)
(7.5040372e-06 7.7187751e-07 -2.3070244e-13)
(6.756643e-06 7.4029571e-07 -8.9386177e-14)
(6.0388621e-06 7.0600633e-07 1.3131929e-14)
(5.3532705e-06 6.705647e-07 8.6066474e-14)
(4.701353e-06 6.3526293e-07 1.3610341e-13)
(4.0836108e-06 6.0044577e-07 1.6807732e-13)
(3.4996809e-06 5.6678349e-07 1.8522396e-13)
(2.9484646e-06 5.3630745e-07 1.8960671e-13)
(2.4282574e-06 5.0771549e-07 1.8274104e-13)
(1.9368859e-06 4.7554464e-07 1.6521018e-13)
(1.4718418e-06 4.9355189e-07 1.35302e-13)
(1.0299029e-06 2.9667801e-07 1.0686771e-13)
(6.0916835e-07 7.1012668e-07 3.3934641e-14)
(2.0154854e-07 3.8407497e-07 2.5737024e-14)
(1.5598098e-05 4.7314089e-07 -1.1214723e-11)
(1.5035001e-05 5.3540934e-07 -8.7830606e-12)
(1.4405019e-05 5.8780116e-07 -6.8354648e-12)
(1.3719012e-05 6.2974718e-07 -5.2855637e-12)
(1.2988161e-05 6.6123599e-07 -4.0598976e-12)
(1.2223646e-05 6.8255446e-07 -3.0972652e-12)
(1.1436341e-05 6.9438924e-07 -2.3465685e-12)
(1.0636546e-05 6.9692593e-07 -1.7649045e-12)
(9.8337664e-06 6.9180046e-07 -1.3169448e-12)
(9.0365261e-06 6.8084035e-07 -9.7366559e-13)
(8.2522566e-06 6.6499184e-07 -7.1132475e-13)
(7.4872189e-06 6.4538412e-07 -5.113461e-13)
(6.7464748e-06 6.2273305e-07 -3.59308e-13)
(6.0338913e-06 5.9826381e-07 -2.4397722e-13)
(5.3521925e-06 5.7279333e-07 -1.5672247e-13)
(4.7030297e-06 5.4676901e-07 -9.1216272e-14)
(4.0870758e-06 5.2081309e-07 -4.2999606e-14)
(3.5041367e-06 4.9505447e-07 -8.886896e-15)
(2.953273e-06 4.7008127e-07 1.3283288e-14)
(2.4329296e-06 4.4620288e-07 2.4995669e-14)
(1.9410728e-06 4.2052266e-07 2.7210663e-14)
(1.4753254e-06 4.3107081e-07 1.9553239e-14)
(1.0326883e-06 2.7729974e-07 1.3394394e-14)
(6.1116605e-07 6.0604231e-07 -2.5622163e-14)
(2.02427e-07 3.4031857e-07 -9.6317209e-15)
(1.5455089e-05 3.7493636e-07 -1.0381777e-11)
(1.4903971e-05 4.2507465e-07 -8.1362699e-12)
(1.4286802e-05 4.678217e-07 -6.3704744e-12)
(1.361403e-05 5.0283982e-07 -4.9817474e-12)
(1.2896448e-05 5.3018429e-07 -3.8907541e-12)
(1.2144883e-05 5.500585e-07 -3.0353629e-12)
(1.1369909e-05 5.6278769e-07 -2.3661282e-12)
(1.0581581e-05 5.6874297e-07 -1.8437903e-12)
(9.7892228e-06 5.6866644e-07 -1.4371016e-12)
(9.0012478e-06 5.6370842e-07 -1.12091e-12)
(8.2250347e-06 5.5389531e-07 -8.7470657e-13)
(7.4668412e-06 5.4135692e-07 -6.829666e-13)
(6.7317722e-06 5.273047e-07 -5.3350838e-13)
(6.0237766e-06 5.1130707e-07 -4.1652851e-13)
(5.345682e-06 4.9423385e-07 -3.2464263e-13)
(4.6992606e-06 4.7639306e-07 -2.5235429e-13)
(4.0853123e-06 4.5827478e-07 -1.9570198e-13)
(3.5037668e-06 4.4006436e-07 -1.5179116e-13)
(2.9537993e-06 4.2183595e-07 -1.1855688e-13)
(2.4339531e-06 4.0359837e-07 -9.4481297e-14)
(1.9422711e-06 3.8406529e-07 -7.8411845e-14)
(1.4764277e-06 3.8856309e-07 -6.9894467e-14)
(1.0335063e-06 2.7710055e-07 -5.9744749e-14)
(6.1168867e-07 5.1601582e-07 -7.1196152e-14)
(2.0254781e-07 3.1334566e-07 -3.8337746e-14)
(1.5381543e-05 2.7388032e-07 -8.4711386e-12)
(1.483778e-05 3.1164996e-07 -6.6237288e-12)
(1.422845e-05 3.4465373e-07 -5.2024753e-12)
(1.3563738e-05 3.7250872e-07 -4.0991279e-12)
(1.2854188e-05 3.9518121e-07 -3.2380538e-12)
(1.2110403e-05 4.1277511e-07 -2.5641563e-12)
(1.1342764e-05 4.2551668e-07 -2.0358938e-12)
(1.0561172e-05 4.3374052e-07 -1.6215286e-12)
(9.774838e-06 4.378377e-07 -1.2964507e-12)
(8.9921024e-06 4.3841087e-07 -1.0411623e-12)
(8.2203091e-06 4.3563397e-07 -8.3991085e-13)
(7.4657218e-06 4.3003364e-07 -6.8061085e-13)
(6.7334739e-06 4.2290745e-07 -5.5412993e-13)
(6.0275734e-06 4.1468133e-07 -4.5325528e-13)
(5.3509222e-06 4.0535049e-07 -3.7207712e-13)
(4.7053771e-06 3.9511999e-07 -3.064684e-13)
(4.0918277e-06 3.843781e-07 -2.533631e-13)
(3.5102905e-06 3.7334188e-07 -2.1046113e-13)
(2.9600147e-06 3.6214849e-07 -1.7606323e-13)
(2.4395955e-06 3.505836e-07 -1.4883052e-13)
(1.9470954e-06 3.3732029e-07 -1.2759424e-13)
(1.4801342e-06 3.3916954e-07 -1.1182077e-13)
(1.0358988e-06 2.7053695e-07 -9.4623695e-14)
(6.1301507e-07 4.1512986e-07 -8.901614e-14)
(2.030391e-07 2.8475294e-07 -5.2355233e-14)
(1.5237967e-05 1.5393556e-07 -5.1076639e-12)
(1.4700537e-05 1.7685842e-07 -3.9751329e-12)
(1.4098162e-05 1.9743175e-07 -3.1229434e-12)
(1.3440863e-05 2.156458e-07 -2.4699241e-12)
(1.2739029e-05 2.3146751e-07 -1.9639707e-12)
(1.2003116e-05 2.4490556e-07 -1.5692148e-12)
(1.1243372e-05 2.5606532e-07 -1.2598327e-12)
(1.0469587e-05 2.6509344e-07 -1.0166762e-12)
(9.6908778e-06 2.7214827e-07 -8.2519095e-13)
(8.9155127e-06 2.7734315e-07 -6.7388246e-13)
(8.1507833e-06 2.8070869e-07 -5.535369e-13)
(7.4029178e-06 2.8229468e-07 -4.5725339e-13)
(6.6770396e-06 2.8265312e-07 -3.7995184e-13)
(5.9771537e-06 2.8188368e-07 -3.1781807e-13)
(5.3061782e-06 2.8029756e-07 -2.6676148e-13)
(4.6659933e-06 2.7784309e-07 -2.24763e-13)
(4.0575179e-06 2.7468427e-07 -1.9015623e-13)
(3.4808007e-06 2.7092388e-07 -1.6160292e-13)
(2.9351181e-06 2.6664573e-07 -1.3807901e-13)
(2.4190769e-06 2.6172043e-07 -1.1873108e-13)
(1.930698e-06 2.5518783e-07 -1.0269139e-13)
(1.4675597e-06 2.5563175e-07 -8.9848912e-14)
(1.0256292e-06 2.285146e-07 -7.6516265e-14)
(6.0642768e-07 2.825618e-07 -6.7310454e-14)
(2.0231154e-07 2.3525996e-07 -4.2897021e-14)
)
;

boundaryField
{
    Walls
    {
        type            noSlip;
    }
    Inlet
    {
        type            pressureInletVelocity;
        value           nonuniform List<vector> 3((1.622201 -0 -0) (1.4959766 -0 -0) (1.6443216 -0 -0));
    }
    Outlet
    {
        type            pressureInletOutletVelocity;
        value           nonuniform List<vector> 
86
(
(1.6608853e-05 1.9575899e-08 -1.7826783e-11)
(1.6568365e-05 4.8410956e-08 -1.5809176e-11)
(1.6371727e-05 7.5470261e-08 -1.1927841e-11)
(1.6081438e-05 1.028023e-07 -8.8337143e-12)
(1.5701083e-05 1.2907196e-07 -6.6556652e-12)
(1.5237967e-05 1.5393556e-07 -5.1076639e-12)
(1.4700537e-05 1.7685842e-07 -3.9751329e-12)
(1.4098162e-05 1.9743175e-07 -3.1229434e-12)
(1.3440863e-05 2.156458e-07 -2.4699241e-12)
(1.2739029e-05 2.3146751e-07 -1.9639707e-12)
(1.2003116e-05 2.4490556e-07 -1.5692148e-12)
(1.1243372e-05 2.5606532e-07 -1.2598327e-12)
(1.0469587e-05 2.6509344e-07 -1.0166762e-12)
(9.6908778e-06 2.7214827e-07 -8.2519095e-13)
(8.9155127e-06 2.7734315e-07 -6.7388246e-13)
(8.1507833e-06 2.8070869e-07 -5.535369e-13)
(7.4029178e-06 2.8229468e-07 -4.5725339e-13)
(6.6770396e-06 2.8265312e-07 -3.7995184e-13)
(5.9771537e-06 2.8188368e-07 -3.1781807e-13)
(5.3061782e-06 2.8029756e-07 -2.6676148e-13)
(4.6659933e-06 2.7784309e-07 -2.24763e-13)
(4.0575179e-06 2.7468427e-07 -1.9015623e-13)
(3.4808007e-06 2.7092388e-07 -1.6160292e-13)
(2.9351181e-06 2.6664573e-07 -1.3807901e-13)
(2.4190769e-06 2.6172043e-07 -1.1873108e-13)
(1.930698e-06 2.5518783e-07 -1.0269139e-13)
(1.4675597e-06 2.5563175e-07 -8.9848912e-14)
(1.0256292e-06 2.285146e-07 -7.6516265e-14)
(6.0642768e-07 2.825618e-07 -6.7310454e-14)
(2.0231154e-07 2.3525996e-07 -4.2897021e-14)
(-2.7536019e-06 0.10091806 -2.6356034e-07)
(9.3884098e-05 0.070834237 -2.4456018e-07)
(3.0385233e-05 0.022573084 -1.9199034e-07)
(0 -0.0055209264 0)
(0 -0.010819841 0)
(0 -0.0058227097 0)
(0 -0.0013699769 0)
(1.5949169e-06 0.00028311632 -3.7887755e-08)
(1.2038961e-06 0.0004469973 -3.5659354e-08)
(7.5396276e-07 0.00020974486 -2.7610305e-08)
(9.3580949e-07 2.4808208e-05 -1.4895757e-08)
(0 -2.5769155e-05 0)
(0 -7.5532063e-06 0)
(1.4260488e-06 2.5536723e-05 -3.1504085e-09)
(1.5071336e-06 4.9136282e-05 -2.0898922e-09)
(1.4011988e-06 5.678298e-05 -1.3266201e-09)
(1.2846519e-06 5.4439528e-05 -7.8946678e-10)
(1.1753487e-06 4.8126186e-05 -4.4662885e-10)
(1.0731087e-06 4.2227241e-05 -2.4266677e-10)
(9.8096564e-07 3.8020473e-05 -1.2771933e-10)
(8.9258495e-07 3.4881161e-05 -6.5353537e-11)
(8.0150391e-07 3.1949443e-05 -3.2579296e-11)
(7.240792e-07 2.9156019e-05 -1.5717715e-11)
(6.5125997e-07 2.6326153e-05 -7.2750884e-12)
(5.7844542e-07 2.3560472e-05 -3.1341637e-12)
(5.1248196e-07 2.0533964e-05 -1.1343645e-12)
(4.6008814e-07 1.7819131e-05 -1.9316949e-13)
(4.1426388e-07 1.5363383e-05 2.2496978e-13)
(3.6873117e-07 1.3144557e-05 3.9298042e-13)
(3.1935586e-07 1.1189296e-05 4.4138878e-13)
(2.6469548e-07 9.43664e-06 4.3886574e-13)
(2.5047434e-07 7.9185318e-06 4.1447258e-13)
(2.8534099e-07 6.4636082e-06 3.8673974e-13)
(2.8896512e-07 5.3251172e-06 3.552283e-13)
(2.5487815e-07 4.3665874e-06 3.2494814e-13)
(2.3070937e-07 3.5691158e-06 2.9740837e-13)
(2.1770696e-07 2.9006017e-06 2.7147602e-13)
(2.1067253e-07 2.3466347e-06 2.4658984e-13)
(2.072354e-07 1.8902653e-06 2.2203531e-13)
(2.0472039e-07 1.5393887e-06 1.9653197e-13)
(2.0111782e-07 1.2569329e-06 1.7211989e-13)
(1.9813518e-07 9.8861165e-07 1.4847664e-13)
(1.9712096e-07 7.5996135e-07 1.2337778e-13)
(1.9794133e-07 5.8193844e-07 9.4739556e-14)
(1.9993574e-07 4.647487e-07 6.1505249e-14)
(2.0154854e-07 3.8407497e-07 2.5737024e-14)
(2.02427e-07 3.4031857e-07 -9.6317209e-15)
(2.0254781e-07 3.1334566e-07 -3.8337746e-14)
(2.030391e-07 2.8475294e-07 -5.2355233e-14)
(2.0231154e-07 2.3525996e-07 -4.2897021e-14)
(0 -0.00051516157 0)
(0 -0.0043351377 0)
(0 -0.0097026942 0)
(0 -0.0060698874 0)
(-2.2776278e-05 0.01956636 -1.9664763e-07)
(-9.3143322e-05 0.067550183 -2.4765061e-07)
)
;
    }
    Front
    {
        type            wedge;
    }
    Back
    {
        type            wedge;
    }
    defaultFaces
    {
        type            empty;
    }
}


// ************************************************************************* //
