/*--------------------------------*- C++ -*----------------------------------*\
| =========                 |                                                 |
| \\      /  F ield         | OpenFOAM: The Open Source CFD Toolbox           |
|  \\    /   O peration     | Version:  4.0                                   |
|   \\  /    A nd           | Web:      www.OpenFOAM.org                      |
|    \\/     M anipulation  |                                                 |
\*---------------------------------------------------------------------------*/
FoamFile
{
    version     2.0;
    format      ascii;
    class       volVectorField;
    location    "0.08";
    object      U;
}
// * * * * * * * * * * * * * * * * * * * * * * * * * * * * * * * * * * * * * //

dimensions      [0 1 -1 0 0 0 0];

internalField   nonuniform List<vector> 
1740
(
(1.4493829 -0.0019731552 4.5997918e-06)
(1.4691333 -0.0067269077 6.9343582e-07)
(1.6062527 -0.0044041766 4.3373048e-08)
(1.4805667 -0.0064199722 7.9786958e-06)
(1.5037032 -0.023475216 1.6217175e-06)
(1.6353081 -0.016277165 3.0472412e-07)
(1.4719137 -0.0053280914 1.1564957e-05)
(1.4930855 -0.025943389 2.5155636e-06)
(1.521022 -0.014060232 4.4945032e-07)
(1.4559787 -0.015346111 1.3487219e-05)
(1.5703969 -0.01267153 3.3526898e-06)
(1.5813913 -0.0054793844 5.3643073e-07)
(1.5460629 -0.029420667 1.4857718e-05)
(1.5621115 -0.011064222 4.3392813e-06)
(1.5753207 -0.0030936786 8.1237618e-07)
(1.6556962 0.0027126813 1.5768733e-05)
(1.4730971 0.01047252 4.9166084e-06)
(1.4816594 0.0014846084 9.6357854e-07)
(1.5640836 0.029143119 1.6985992e-05)
(1.4960949 0.020026934 5.8453145e-06)
(1.5870215 -0.0017554583 1.1296483e-06)
(1.4911145 0.0086354264 1.7753394e-05)
(1.5818213 -0.0023191694 6.3405428e-06)
(1.5880962 -0.0072195084 1.3391821e-06)
(1.4774166 -0.014572479 1.8630736e-05)
(1.5810133 -0.018688055 7.1789488e-06)
(1.5044567 -0.0087696225 1.5519018e-06)
(1.5256258 0.00021867541 1.9158779e-05)
(1.5843277 -0.0059672842 7.7035715e-06)
(1.5011796 -0.0058713611 1.7132416e-06)
(1.5100515 0.011091762 1.931602e-05)
(1.6658879 0.0079244371 8.2875275e-06)
(1.5277816 -0.0015306182 1.9204686e-06)
(1.4546413 -0.0094231752 1.9510088e-05)
(1.5729799 0.0094329057 8.9344619e-06)
(1.5159332 0.0076679677 2.1556812e-06)
(1.5899627 -0.015581523 1.9994785e-05)
(1.5184939 0.0017371753 9.4348599e-06)
(1.5619816 0.0062411149 2.2588316e-06)
(1.5914009 0.0092166077 2.0514194e-05)
(1.5002181 -0.0002120295 1.0049017e-05)
(1.5824926 -0.0064080385 2.589221e-06)
(1.4573572 0.0056977017 2.0568837e-05)
(1.5717341 -0.00048211332 1.0429586e-05)
(1.4836311 -0.0036808005 2.7368014e-06)
(1.5583453 -0.019759159 2.086716e-05)
(1.5636289 0.005808061 1.1011362e-05)
(1.5637259 0.0093311164 2.8759619e-06)
(1.5684881 -0.0065753549 2.1425902e-05)
(1.462805 -0.0097179605 1.1377863e-05)
(1.5718201 -0.0056009437 3.09229e-06)
(1.5508316 0.010194563 2.1403907e-05)
(1.5785416 -0.0065954897 1.1759359e-05)
(1.4859194 -0.0081986995 3.2295731e-06)
(1.5516534 0.014389356 2.1362163e-05)
(1.5689952 0.019054351 1.2171557e-05)
(1.5642756 0.0044919145 3.4099512e-06)
(1.4633027 0.0065021131 2.152184e-05)
(1.5614226 0.011489551 1.2487582e-05)
(1.5411649 0.0076343545 3.6487369e-06)
(1.4506965 -0.0023413711 2.1648606e-05)
(1.5602987 -0.0010904934 1.2809533e-05)
(1.5609718 0.0040125237 3.7143496e-06)
(1.5065602 -0.0059256419 2.1872532e-05)
(1.5666784 -0.014731714 1.3144384e-05)
(1.5762908 -0.0093212056 3.9801324e-06)
(1.5243147 -0.0048546906 2.2004722e-05)
(1.5906288 -0.010379943 1.3526259e-05)
(1.4799038 -0.0038695289 4.1095124e-06)
(1.4987435 -0.0026578721 2.1872312e-05)
(1.5198674 0.0044039869 1.3756709e-05)
(1.5243628 0.0051990074 4.2390576e-06)
(1.5262928 0.005907621 2.1777363e-05)
(1.5395482 -0.0044569678 1.3957918e-05)
(1.5431437 -0.0091657523 4.4238758e-06)
(1.5362366 0.010264133 2.2054705e-05)
(1.6050839 -0.017160687 1.4322401e-05)
(1.5128263 -0.016461165 4.546386e-06)
(1.4938509 0.0050361622 2.2473001e-05)
(1.6689552 -0.0066620126 1.4646522e-05)
(1.4737443 -0.0074358182 4.6858656e-06)
(1.4331202 -0.0069118115 2.2903143e-05)
(1.5802175 -7.8987872e-05 1.5016779e-05)
(1.4579642 0.0020733982 4.8289998e-06)
(1.3877715 -0.0020673571 2.2488066e-05)
(1.5429578 -0.0038416635 1.5143695e-05)
(1.433255 0.0079351478 4.8725928e-06)
(1.261083 0.029007446 2.3459318e-05)
(1.3606994 0.10761781 1.5727044e-05)
(1.3353104 0.060141749 5.4891828e-06)
(0.82360516 0.36486623 1.1802266e-05)
(0.8040818 0.93496795 1.0000567e-05)
(0.7329323 1.2552431 5.3802714e-06)
(0.21395013 0.10848483 1.473321e-06)
(0.18730426 0.36488731 3.0318214e-06)
(0.080369726 0.49610083 6.7088379e-07)
(-0.031179875 -0.014432324 1.2588716e-06)
(-0.027858984 -0.028926574 1.746982e-06)
(-0.022067652 -0.034704863 6.7344834e-07)
(-0.0071475363 -0.0031535129 4.9431668e-07)
(-0.0068282279 -0.007738787 8.2405411e-07)
(-0.0068744833 -0.010460222 4.6196686e-07)
(-0.00076136766 -0.00021890276 1.4873288e-07)
(-0.00082702894 -0.00071523862 3.203957e-07)
(-0.0012010092 -0.0013324403 2.2631578e-07)
(-0.00033321265 -9.2791366e-06 4.2935446e-08)
(-0.00032869569 -3.8540946e-05 1.1217535e-07)
(-0.00038556147 -0.00010493943 9.0200588e-08)
(-0.000351413 1.3718409e-05 8.0482433e-09)
(-0.00033806733 5.9827505e-05 3.1193024e-08)
(-0.00031318731 0.00011584768 2.7287784e-08)
(-0.00037542575 3.1564801e-06 -8.8285819e-10)
(-0.00036692404 2.3200158e-05 5.163874e-09)
(-0.00033088313 2.5674812e-05 4.5796874e-09)
(-0.00035219691 -1.8346135e-05 -1.3192821e-09)
(-0.00035197138 -2.5978617e-05 -1.5168701e-10)
(-0.00033697967 -5.4109416e-05 -4.2376701e-10)
(-0.00029244083 -2.7858192e-05 -1.6747306e-10)
(-0.00028958952 -6.2701138e-05 1.1990264e-10)
(-0.00028278582 -9.5077697e-05 -2.0638097e-10)
(-0.00022641011 -2.5279881e-05 3.0090564e-10)
(-0.00022411697 -5.8576941e-05 6.2066792e-10)
(-0.00021742985 -8.8477074e-05 3.9727874e-10)
(-0.00017223417 -1.7796731e-05 1.883811e-10)
(-0.00016982004 -3.9471507e-05 5.4686032e-10)
(-0.00016394188 -6.223758e-05 4.8710812e-10)
(-0.00013328152 -1.089834e-05 -2.2677819e-11)
(-0.00013194367 -2.4666779e-05 2.6244659e-10)
(-0.00012812361 -3.8248408e-05 2.982905e-10)
(-0.00010787829 -7.45963e-06 -1.788592e-10)
(-0.00010737301 -1.5481482e-05 8.7664261e-12)
(-0.00010454713 -2.4173206e-05 8.612062e-11)
(-9.0717136e-05 -5.2252824e-06 -2.3085819e-10)
(-9.0049533e-05 -1.0753116e-05 -1.1275178e-10)
(-8.7931172e-05 -1.7722443e-05 -3.4200447e-11)
(-7.7217794e-05 -4.0710768e-06 -2.1075191e-10)
(-7.6787293e-05 -8.3602522e-06 -1.3204285e-10)
(-7.5130432e-05 -1.3970438e-05 -6.9039372e-11)
(-6.6580208e-05 -3.331519e-06 -1.6695176e-10)
(-6.6280348e-05 -6.8902654e-06 -1.0463651e-10)
(-6.4811147e-05 -1.1246658e-05 -5.9362657e-11)
(-5.8215954e-05 -2.7120783e-06 -1.2835473e-10)
(-5.7991316e-05 -5.556794e-06 -7.2764742e-11)
(-5.6755926e-05 -8.9822068e-06 -3.7667269e-11)
(-5.175184e-05 -2.1201797e-06 -1.0337004e-10)
(-5.1575663e-05 -4.246882e-06 -5.3920987e-11)
(-5.063481e-05 -6.941554e-06 -2.2111043e-11)
(-4.6897957e-05 -1.5941869e-06 -8.693448e-11)
(-4.6770612e-05 -3.0941074e-06 -4.4753548e-11)
(-4.6057096e-05 -5.0763173e-06 -1.5216034e-11)
(-4.3367254e-05 -1.1564898e-06 -7.6404837e-11)
(-4.328356e-05 -2.1511228e-06 -4.2280587e-11)
(-4.2724811e-05 -3.5254779e-06 -1.4868484e-11)
(-4.0887106e-05 -8.1382552e-07 -6.9289738e-11)
(-4.0838247e-05 -1.4201567e-06 -4.3217642e-11)
(-4.0388689e-05 -2.3372879e-06 -1.7917784e-11)
(-3.921142e-05 -5.5903663e-07 -6.3127891e-11)
(-3.9190043e-05 -8.8251326e-07 -4.3937848e-11)
(-3.881907e-05 -1.4838934e-06 -2.0942946e-11)
(-3.8114824e-05 -3.7538612e-07 -5.6921489e-11)
(-3.8122938e-05 -5.0053268e-07 -4.2757992e-11)
(-3.78055e-05 -8.7966403e-07 -2.2217687e-11)
(-3.7201104e-05 -2.5623599e-07 -5.0976023e-11)
(-3.7255513e-05 -2.2552705e-07 -4.05809e-11)
(-3.7099678e-05 -4.5456949e-07 -2.2196411e-11)
(-3.6800696e-05 -2.1197273e-07 -4.6039619e-11)
(-3.6849479e-05 -2.2530624e-07 -3.7577625e-11)
(-3.6683789e-05 -3.7632865e-07 -2.1264206e-11)
(-3.6812761e-05 -1.360782e-07 -4.2055037e-11)
(-3.6843638e-05 -5.612794e-08 -3.4490029e-11)
(-3.6594182e-05 -1.0674315e-07 -1.9731419e-11)
(-3.667999e-05 -1.104797e-07 -3.9050688e-11)
(-3.6734555e-05 -2.5318635e-08 -3.2139401e-11)
(-3.6566746e-05 -6.7453238e-08 -1.8774058e-11)
(-3.6541356e-05 -1.02398e-07 -3.8124148e-11)
(-3.6605668e-05 -1.4258236e-08 -3.1495244e-11)
(-3.6458289e-05 -6.0885308e-08 -1.8536527e-11)
(-3.6354408e-05 -1.1957172e-07 -3.6787982e-11)
(-3.6422886e-05 -6.9251129e-08 -3.044671e-11)
(-3.6284863e-05 -1.4867988e-07 -1.8090244e-11)
(-3.6086355e-05 -1.4916131e-07 -3.536844e-11)
(-3.6156863e-05 -1.5800766e-07 -2.9185304e-11)
(-3.6025129e-05 -2.8892319e-07 -1.7536976e-11)
(-3.5719306e-05 -1.8255904e-07 -3.4211356e-11)
(-3.5790661e-05 -2.5555554e-07 -2.7978577e-11)
(-3.566338e-05 -4.456526e-07 -1.6971916e-11)
(-3.5245894e-05 -2.1692123e-07 -3.3200932e-11)
(-3.5317053e-05 -3.5093991e-07 -2.691013e-11)
(-3.5192686e-05 -5.9901921e-07 -1.6496788e-11)
(-3.4666934e-05 -2.4789429e-07 -3.2513548e-11)
(-3.4736929e-05 -4.431806e-07 -2.5958245e-11)
(-3.4614302e-05 -7.5429906e-07 -1.6051571e-11)
(-3.3989927e-05 -2.7877478e-07 -3.2003063e-11)
(-3.4058068e-05 -5.2664445e-07 -2.5143874e-11)
(-3.3936388e-05 -8.8389137e-07 -1.5705485e-11)
(-3.3227827e-05 -3.0336444e-07 -3.1624044e-11)
(-3.3293677e-05 -5.9445314e-07 -2.4424546e-11)
(-3.3172535e-05 -9.9191167e-07 -1.5422878e-11)
(-3.2397598e-05 -3.2028055e-07 -3.1362488e-11)
(-3.2460843e-05 -6.4449525e-07 -2.3791406e-11)
(-3.2340144e-05 -1.0723512e-06 -1.5177864e-11)
(-3.1518522e-05 -3.3264934e-07 -3.1022664e-11)
(-3.1579001e-05 -6.8375297e-07 -2.3140499e-11)
(-3.1458781e-05 -1.1285898e-06 -1.4934304e-11)
(-3.0610839e-05 -3.3573402e-07 -3.0899384e-11)
(-3.0668492e-05 -7.0069358e-07 -2.2638681e-11)
(-3.054885e-05 -1.1557469e-06 -1.4732233e-11)
(-2.9694958e-05 -3.3209e-07 -3.0815809e-11)
(-2.9749786e-05 -7.0147764e-07 -2.2189059e-11)
(-2.963085e-05 -1.1572201e-06 -1.4543827e-11)
(-2.8790882e-05 -3.2213122e-07 -3.0741327e-11)
(-2.8842974e-05 -6.8694066e-07 -2.1790858e-11)
(-2.8724897e-05 -1.1326797e-06 -1.4385509e-11)
(-2.7917655e-05 -3.064238e-07 -3.0690244e-11)
(-2.7967193e-05 -6.5858333e-07 -2.1497162e-11)
(-2.7850127e-05 -1.0831538e-06 -1.4312565e-11)
(-2.7092732e-05 -2.8404999e-07 -3.0750492e-11)
(-2.7139946e-05 -6.1401225e-07 -2.1368681e-11)
(-2.7024011e-05 -1.0095158e-06 -1.4348866e-11)
(-2.6331605e-05 -2.5580075e-07 -3.0905014e-11)
(-2.6376743e-05 -5.5520607e-07 -2.1381061e-11)
(-2.6262e-05 -9.1297246e-07 -1.4480299e-11)
(-2.5648386e-05 -2.2225972e-07 -3.1131592e-11)
(-2.5691715e-05 -4.8314664e-07 -2.1522875e-11)
(-2.5578151e-05 -7.9404401e-07 -1.4712353e-11)
(-2.5057784e-05 -1.8484505e-07 -3.1336136e-11)
(-2.5099565e-05 -4.0063752e-07 -2.1746963e-11)
(-2.4987109e-05 -6.5563555e-07 -1.5035563e-11)
(-2.4575945e-05 -1.4364032e-07 -3.1599399e-11)
(-2.4616435e-05 -3.0950069e-07 -2.2042914e-11)
(-2.4504928e-05 -5.0513822e-07 -1.5326608e-11)
(-2.422841e-05 -9.8784061e-08 -3.1772795e-11)
(-2.4267894e-05 -2.1066863e-07 -2.2084105e-11)
(-2.4156999e-05 -3.4400378e-07 -1.5269541e-11)
(-2.4048926e-05 -5.0458605e-08 -3.1445017e-11)
(-2.4087818e-05 -1.074484e-07 -2.0903627e-11)
(-2.3977036e-05 -1.7968423e-07 -1.4011098e-11)
(-2.4059719e-05 -8.2793745e-09 -2.8867996e-11)
(-2.4098591e-05 -1.5978606e-08 -1.6165068e-11)
(-2.3987223e-05 -3.0097447e-08 -9.9577104e-12)
(-0.047453346 1.9436829 -3.8166416e-07)
(-0.033397133 1.6917143 -3.4763569e-06)
(-0.06439034 0.3377069 -2.5996674e-07)
(-0.044333095 0.14854705 -9.847913e-07)
(-0.017367452 -0.043074175 -7.1592024e-08)
(-0.012885399 -0.044943368 -4.7352806e-07)
(-0.0059734667 -0.013826533 6.3139888e-08)
(-0.0054056849 -0.016033245 -1.9491502e-07)
(-0.0012248739 -0.0023677261 5.5542905e-08)
(-0.0012564564 -0.0034909359 -8.3096168e-08)
(-0.00033104316 -0.00021517682 2.342541e-08)
(-0.00023391945 -0.00036705591 -4.1093488e-08)
(-0.00024557989 0.00018044032 3.2870093e-09)
(-0.00014445562 0.00024090664 -2.313987e-08)
(-0.00026231453 6.9519583e-05 -3.2239461e-09)
(-0.00017954448 0.00015591843 -1.2585603e-08)
(-0.0002929861 -6.4582248e-05 -2.8063659e-09)
(-0.00022676517 -4.5860566e-05 -5.701585e-09)
(-0.0002649157 -0.00012237116 -1.0202175e-09)
(-0.00022268837 -0.00014341054 -1.9036266e-09)
(-0.00020261287 -0.00011568474 5.2118044e-11)
(-0.00017940424 -0.00014114701 -2.6442234e-10)
(-0.00015383056 -8.2804774e-05 3.4617626e-10)
(-0.00014084202 -0.00010272089 2.1447205e-10)
(-0.00012270924 -5.1753873e-05 2.6330793e-10)
(-0.00011350954 -6.4988236e-05 2.1535092e-10)
(-0.00010005358 -3.2257036e-05 1.0647049e-10)
(-9.3068321e-05 -4.0216469e-05 1.0446358e-10)
(-8.4101221e-05 -2.2051503e-05 4.8739471e-12)
(-7.7904663e-05 -2.689185e-05 2.2299304e-11)
(-7.1839594e-05 -1.7757643e-05 -2.9518496e-11)
(-6.6799139e-05 -2.1363625e-05 -7.6894337e-12)
(-6.2160384e-05 -1.4801315e-05 -2.7314929e-11)
(-5.8447735e-05 -1.7745987e-05 -7.7722215e-12)
(-5.4757516e-05 -1.2017321e-05 -1.3869262e-11)
(-5.1890869e-05 -1.4120898e-05 1.1294327e-12)
(-4.911658e-05 -9.3569571e-06 -2.8398901e-12)
(-4.6865052e-05 -1.0698037e-05 8.7029829e-12)
(-4.4878208e-05 -6.7901831e-06 1.8132103e-12)
(-4.3103235e-05 -7.907009e-06 1.1472788e-11)
(-4.1783702e-05 -4.7066105e-06 1.2486835e-12)
(-4.0370605e-05 -5.5665248e-06 1.0027151e-11)
(-3.9627465e-05 -3.1194293e-06 -2.1868819e-12)
(-3.8491621e-05 -3.6921022e-06 6.5173735e-12)
(-3.8197197e-05 -1.9627318e-06 -5.9059402e-12)
(-3.7275067e-05 -2.3387416e-06 2.8131142e-12)
(-3.7299643e-05 -1.1417023e-06 -8.2150646e-12)
(-3.6544339e-05 -1.3315712e-06 2.1098736e-13)
(-3.6758755e-05 -6.0358777e-07 -9.1367064e-12)
(-3.6140151e-05 -6.6888235e-07 -1.1721703e-12)
(-3.6321184e-05 -3.5958617e-07 -9.2155688e-12)
(-3.5850102e-05 -2.8108798e-07 -1.8025937e-12)
(-3.6212374e-05 -1.8939249e-07 -8.8530081e-12)
(-3.5769733e-05 -2.0339649e-07 -2.1780867e-12)
(-3.6300774e-05 -6.0184133e-08 -8.8954288e-12)
(-3.5850244e-05 -1.6273945e-08 -2.6615103e-12)
(-3.6202692e-05 -7.2198954e-08 -8.9990042e-12)
(-3.5819588e-05 -6.665583e-08 -2.978743e-12)
(-3.6042774e-05 -2.0306624e-07 -8.9883049e-12)
(-3.5691589e-05 -2.4623727e-07 -3.2472265e-12)
(-3.579415e-05 -3.9638133e-07 -8.9396471e-12)
(-3.5463493e-05 -4.9639482e-07 -3.5018066e-12)
(-3.5440591e-05 -6.134339e-07 -8.8381932e-12)
(-3.512413e-05 -7.76525e-07 -3.6824737e-12)
(-3.4975473e-05 -8.3069604e-07 -8.7212875e-12)
(-3.4668814e-05 -1.0568939e-06 -3.794096e-12)
(-3.4400635e-05 -1.0442337e-06 -8.6136463e-12)
(-3.4100608e-05 -1.3286914e-06 -3.8894006e-12)
(-3.3724989e-05 -1.2290542e-06 -8.574806e-12)
(-3.3429579e-05 -1.5712955e-06 -4.0162511e-12)
(-3.2962787e-05 -1.3820415e-06 -8.5942661e-12)
(-3.2670927e-05 -1.7693423e-06 -4.189132e-12)
(-3.2131841e-05 -1.4967906e-06 -8.6358995e-12)
(-3.1843063e-05 -1.9179394e-06 -4.3841068e-12)
(-3.1251926e-05 -1.5658524e-06 -8.6894203e-12)
(-3.0966055e-05 -2.0055254e-06 -4.5926518e-12)
(-3.0343553e-05 -1.6057643e-06 -8.7213442e-12)
(-3.0060597e-05 -2.0567207e-06 -4.7597408e-12)
(-2.9427288e-05 -1.6102506e-06 -8.7359681e-12)
(-2.9147399e-05 -2.0622521e-06 -4.8921206e-12)
(-2.8523284e-05 -1.576859e-06 -8.757316e-12)
(-2.8246667e-05 -2.0190387e-06 -5.0140136e-12)
(-2.7650661e-05 -1.5055751e-06 -8.8344525e-12)
(-2.7377493e-05 -1.9275005e-06 -5.1669734e-12)
(-2.682683e-05 -1.4036229e-06 -8.9763156e-12)
(-2.6557212e-05 -1.7969599e-06 -5.3605224e-12)
(-2.6067151e-05 -1.2697557e-06 -9.1811446e-12)
(-2.5801076e-05 -1.625256e-06 -5.5973559e-12)
(-2.5385576e-05 -1.1041951e-06 -9.4574224e-12)
(-2.5122903e-05 -1.4130888e-06 -5.8838055e-12)
(-2.4796628e-05 -9.102007e-07 -9.7981026e-12)
(-2.4537045e-05 -1.1639695e-06 -6.2130145e-12)
(-2.4316205e-05 -7.0067485e-07 -1.0073231e-11)
(-2.4059204e-05 -8.9583684e-07 -6.4792899e-12)
(-2.3969434e-05 -4.7741408e-07 -1.0044186e-11)
(-2.3714156e-05 -6.1088642e-07 -6.5210995e-12)
(-2.3789752e-05 -2.5082282e-07 -9.1057997e-12)
(-2.3534953e-05 -3.2182386e-07 -5.9306895e-12)
(-2.3798947e-05 -4.3192125e-08 -6.2650772e-12)
(-2.3542828e-05 -5.6186072e-08 -4.0532553e-12)
(0.0014231935 3.2012861e-06 -1.5296959e-08)
(0.0013643982 -4.3539662e-05 -3.4789452e-08)
(0.0012421862 -3.0062179e-05 -4.6381901e-08)
(0.0010883178 -3.2128368e-05 -5.126909e-08)
(0.00093034799 -1.5819383e-05 -5.0997865e-08)
(0.00078356091 -1.4459949e-05 -4.7323587e-08)
(0.00065658071 -2.0316103e-05 -4.1988287e-08)
(0.00055644984 -4.0216581e-05 -3.6219854e-08)
(0.00048248173 -7.3419044e-05 -3.0635135e-08)
(0.00042978396 -0.00011685033 -2.5494073e-08)
(0.00039230847 -0.00016476177 -2.0879005e-08)
(0.00036430515 -0.00021360996 -1.6831235e-08)
(0.00034173436 -0.000259532 -1.3334372e-08)
(0.00032159816 -0.00030095725 -1.032903e-08)
(0.00030183763 -0.0003375328 -7.771033e-09)
(0.0002810849 -0.00036810794 -5.6321992e-09)
(0.00025852638 -0.00039224886 -3.8881974e-09)
(0.00023376336 -0.00041139278 -2.5009734e-09)
(0.00020675915 -0.0004257875 -1.4230328e-09)
(0.000177705 -0.0004348659 -6.2254329e-10)
(0.00014694797 -0.00043948407 -5.8487648e-11)
(0.0001149366 -0.00043999062 2.9413547e-10)
(8.2170157e-05 -0.00043721887 4.5197804e-10)
(4.9091371e-05 -0.00042767319 4.417035e-10)
(1.5904663e-05 -0.00041241498 3.2175989e-10)
(0.00017507921 -0.00010055289 -2.8743578e-08)
(0.00016818221 -0.00041557512 -6.412598e-08)
(0.00015686032 -0.00059100946 -8.4423222e-08)
(0.00015626749 -0.00086156819 -9.2141959e-08)
(0.0001745588 -0.0010863644 -9.073656e-08)
(0.00021190577 -0.0013507696 -8.4261613e-08)
(0.00025836347 -0.0016118664 -7.5684213e-08)
(0.0002983071 -0.0018778403 -6.6706905e-08)
(0.00032310389 -0.0021541775 -5.796937e-08)
(0.0003315709 -0.0024312145 -4.9765601e-08)
(0.00032732921 -0.0026854552 -4.2234328e-08)
(0.00031340582 -0.0029155109 -3.5457025e-08)
(0.00029345865 -0.0031193125 -2.9417033e-08)
(0.00027003183 -0.0032957066 -2.3994793e-08)
(0.00024480092 -0.003443818 -1.9143312e-08)
(0.00021867526 -0.0035641332 -1.4863198e-08)
(0.00019238708 -0.003656704 -1.1177881e-08)
(0.00016638377 -0.0037222623 -8.0739249e-09)
(0.00014102151 -0.0037622794 -5.4947159e-09)
(0.00011653116 -0.0037777912 -3.452112e-09)
(9.3032028e-05 -0.0037701931 -1.8885654e-09)
(7.0564832e-05 -0.0037414196 -7.7753658e-10)
(4.9079201e-05 -0.0036966419 -9.4849749e-11)
(2.83252e-05 -0.0036256085 2.2227032e-10)
(8.1546352e-06 -0.0034737144 1.8947754e-10)
(0.0010887813 -0.00039058772 -6.3158972e-08)
(0.0010620881 -0.0017661285 -1.359611e-07)
(0.0010659408 -0.0024307432 -1.7291143e-07)
(0.0011242384 -0.0034272306 -1.8161086e-07)
(0.0011908868 -0.0042431425 -1.743501e-07)
(0.0012396401 -0.0050822416 -1.6086045e-07)
(0.0012598802 -0.00589239 -1.4561141e-07)
(0.0012457999 -0.0067021054 -1.3076554e-07)
(0.0012029068 -0.0076014711 -1.1639365e-07)
(0.0011397045 -0.0085487975 -1.0269284e-07)
(0.0010630126 -0.009378869 -9.0071813e-08)
(0.00097702457 -0.010076245 -7.8573363e-08)
(0.00088780932 -0.010645303 -6.8170191e-08)
(0.00079802883 -0.011096416 -5.8479134e-08)
(0.00070875506 -0.011433524 -4.9398384e-08)
(0.00062101928 -0.011666389 -4.0937392e-08)
(0.00053611982 -0.011801533 -3.322149e-08)
(0.00045524718 -0.011847091 -2.6318231e-08)
(0.00037908888 -0.011813295 -2.0072548e-08)
(0.00030798635 -0.011708501 -1.4730899e-08)
(0.00024199634 -0.011543085 -1.0287506e-08)
(0.00018092542 -0.011328976 -6.7623958e-09)
(0.00012436851 -0.011083578 -4.1851376e-09)
(7.148826e-05 -0.010762021 -2.2408285e-09)
(2.1882801e-05 -0.010288437 -8.9826611e-10)
(0.003928541 -0.0011722446 -1.4184102e-07)
(0.0038689663 -0.0051293053 -2.8207909e-07)
(0.0038090239 -0.0066972219 -3.3477267e-07)
(0.0036502714 -0.010191624 -3.324794e-07)
(0.0034542726 -0.0133539 -3.0964719e-07)
(0.0031983073 -0.016132687 -2.8326896e-07)
(0.0029088451 -0.018150758 -2.5735602e-07)
(0.0026130471 -0.019467554 -2.3492911e-07)
(0.0023289383 -0.020041774 -2.1369295e-07)
(0.0020604379 -0.020116577 -1.9270971e-07)
(0.0018090515 -0.019859135 -1.7342467e-07)
(0.0015785701 -0.019388416 -1.557583e-07)
(0.0013717076 -0.018772422 -1.4002655e-07)
(0.0011831225 -0.01806744 -1.250081e-07)
(0.0010059853 -0.01728075 -1.1053695e-07)
(0.00084505523 -0.016461002 -9.6614109e-08)
(0.00070157734 -0.015643231 -8.3281025e-08)
(0.00057458512 -0.014849014 -7.0579885e-08)
(0.00046265496 -0.014095182 -5.8562758e-08)
(0.00036427386 -0.013392077 -4.739139e-08)
(0.00027796265 -0.012747741 -3.7205647e-08)
(0.00020224823 -0.012164308 -2.8178124e-08)
(0.00013582971 -0.011657994 -2.0870033e-08)
(7.7202987e-05 -0.011138654 -1.4089115e-08)
(2.5732379e-05 -0.010585941 -7.8085994e-09)
(0.01208164 -0.008910412 -3.2772304e-07)
(0.0097457289 -0.026275363 -5.4876905e-07)
(0.0085401496 -0.029086331 -5.9089485e-07)
(0.006755721 -0.033639228 -5.6683986e-07)
(0.0052958655 -0.031346007 -5.2398523e-07)
(0.0040279876 -0.027751889 -4.7803509e-07)
(0.0029760446 -0.023154993 -4.3450381e-07)
(0.002138997 -0.018285594 -3.9374459e-07)
(0.0014873634 -0.013456892 -3.5931921e-07)
(0.00098533493 -0.0089114413 -3.2820289e-07)
(0.00060465116 -0.0048170783 -2.9952762e-07)
(0.00032403631 -0.0012362124 -2.7219191e-07)
(0.00011874531 0.0018432726 -2.4968507e-07)
(-2.6227218e-05 0.0045027545 -2.2769482e-07)
(-0.00011859609 0.0069955025 -2.0634998e-07)
(-0.00017227748 0.0092269128 -1.8573895e-07)
(-0.00019760621 0.011090071 -1.6581387e-07)
(-0.00020191718 0.01257339 -1.4652053e-07)
(-0.00019119136 0.013698089 -1.2784227e-07)
(-0.00017022074 0.01449828 -1.0981223e-07)
(-0.00014267483 0.015000719 -9.2437923e-08)
(-0.00011134528 0.015256331 -7.5424213e-08)
(-7.8069371e-05 0.015248926 -6.1795488e-08)
(-4.4524854e-05 0.015146243 -4.7585224e-08)
(-8.8391854e-06 0.014530344 -3.6563125e-08)
(0.015332322 0.022925341 -7.3619811e-07)
(0.0042766432 -0.0023028504 -1.0191313e-06)
(0.0013896719 0.04803711 -1.0084722e-06)
(-0.00057779631 0.050891505 -9.2843195e-07)
(-0.0022543969 0.065408899 -8.5027347e-07)
(-0.0034831251 0.07610016 -7.6444722e-07)
(-0.0041567331 0.083455945 -6.870043e-07)
(-0.004361585 0.089515611 -6.1867888e-07)
(-0.0042775105 0.094029575 -5.5845173e-07)
(-0.0040508223 0.096875611 -5.0597355e-07)
(-0.0037513634 0.098386236 -4.6030527e-07)
(-0.0033982335 0.09884106 -4.1267515e-07)
(-0.003043246 0.098625109 -3.8247666e-07)
(-0.0027038533 0.097660055 -3.4952912e-07)
(-0.0023612767 0.09597344 -3.1714208e-07)
(-0.0020300045 0.093722684 -2.8725375e-07)
(-0.0017207779 0.091197359 -2.5905693e-07)
(-0.0014358054 0.088546719 -2.3221205e-07)
(-0.0011755691 0.085840198 -2.0654305e-07)
(-0.00093949499 0.083139229 -1.8195174e-07)
(-0.00072618901 0.080453974 -1.5837664e-07)
(-0.00053399026 0.077886864 -1.3568591e-07)
(-0.00036020006 0.075232743 -1.1439284e-07)
(-0.00020375531 0.073134401 -9.4500189e-08)
(-5.771899e-05 0.069355677 -7.259058e-08)
(-0.0013295887 1.1733038 -2.5290373e-06)
(-0.00062568373 0.96217749 -2.0019959e-06)
(-0.00096513198 0.8670968 -1.6145617e-06)
(-0.00068313382 0.77539667 -1.3169008e-06)
(-0.00059520597 0.67986504 -1.0950029e-06)
(-0.00051611662 0.58892504 -9.3108131e-07)
(-0.00044249817 0.51087521 -8.066965e-07)
(-0.0003750249 0.44746411 -7.1127961e-07)
(-0.00031293878 0.39524022 -6.327999e-07)
(-0.00026287034 0.35075913 -5.7119918e-07)
(-0.00021741628 0.31242584 -5.212462e-07)
(-0.00017872973 0.27950326 -4.759821e-07)
(-0.00014116965 0.25145297 -4.3612908e-07)
(-0.00010922119 0.22752326 -3.9942533e-07)
(-8.7585084e-05 0.20705565 -3.6495254e-07)
(-7.0919666e-05 0.18952394 -3.3231424e-07)
(-5.6959984e-05 0.17450795 -3.0116257e-07)
(-4.5281831e-05 0.16164751 -2.7131723e-07)
(-3.5481425e-05 0.15061785 -2.4271238e-07)
(-2.7214533e-05 0.14117477 -2.1531875e-07)
(-2.0221854e-05 0.13303595 -1.891129e-07)
(-1.4287829e-05 0.12617855 -1.6406346e-07)
(-9.209954e-06 0.11998811 -1.4000714e-07)
(-4.9900867e-06 0.11560723 -1.186334e-07)
(-1.2571395e-06 0.10899185 -9.1118833e-08)
(-0.013784726 0.088287805 -1.1655289e-06)
(-0.0032127984 0.097097264 -1.1909518e-06)
(-0.00062401577 0.10378103 -1.1342134e-06)
(0.0011895615 0.10586007 -1.0379433e-06)
(0.0027318737 0.1085086 -9.3312718e-07)
(0.0038499462 0.11049622 -8.3152175e-07)
(0.0044485627 0.11230172 -7.4080958e-07)
(0.00459556 0.11395105 -6.6081857e-07)
(0.0044630109 0.1147685 -5.7765297e-07)
(0.0041886483 0.11479997 -5.3209063e-07)
(0.0038686452 0.1141002 -4.8596395e-07)
(0.0035239666 0.11262506 -4.3789472e-07)
(0.0031466996 0.11060839 -3.964314e-07)
(0.0027715344 0.10786258 -3.5938448e-07)
(0.0024109655 0.1047503 -3.2560017e-07)
(0.0020712317 0.10148829 -2.9429279e-07)
(0.0017555115 0.098171618 -2.6493107e-07)
(0.0014651532 0.094864127 -2.3716891e-07)
(0.0012002255 0.091609465 -2.1077991e-07)
(0.00095989388 0.088453605 -1.8561335e-07)
(0.00074258844 0.085391152 -1.6155743e-07)
(0.00054658438 0.082514709 -1.3845987e-07)
(0.0003691551 0.079597934 -1.1688946e-07)
(0.00020904058 0.077318359 -9.6777654e-08)
(5.9555236e-05 0.073287991 -7.4201611e-08)
(-0.010141871 -0.042705924 -6.6745633e-07)
(-0.008571729 -0.040714588 -7.1778009e-07)
(-0.0070523918 -0.038940269 -6.9830545e-07)
(-0.0055729485 -0.035495628 -6.5176113e-07)
(-0.0042232556 -0.030508602 -5.9596273e-07)
(-0.0030696291 -0.024854939 -5.3769224e-07)
(-0.0021273552 -0.019064194 -4.8554269e-07)
(-0.0013946124 -0.013402617 -4.3807059e-07)
(-0.00084087316 -0.008289095 -3.9448476e-07)
(-0.00042263962 -0.0037677516 -3.6163193e-07)
(-0.00011974015 9.9581768e-05 -3.29718e-07)
(9.3294903e-05 0.0034284855 -2.9907751e-07)
(0.00023308246 0.0066246756 -2.7110794e-07)
(0.00031878016 0.009539278 -2.4521614e-07)
(0.00036366064 0.012060731 -2.2099031e-07)
(0.00037697648 0.014154976 -1.9809022e-07)
(0.00036686255 0.015834521 -1.7627649e-07)
(0.00034016287 0.017129017 -1.5539934e-07)
(0.00030236139 0.018071345 -1.3537455e-07)
(0.00025776542 0.018700173 -1.1616888e-07)
(0.00020956305 0.019043987 -9.7734799e-08)
(0.00016003009 0.019142435 -7.9702648e-08)
(0.00011068226 0.019007033 -6.5681137e-08)
(6.2973427e-05 0.018774377 -5.049835e-08)
(1.4358375e-05 0.017973733 -3.842425e-08)
(-0.0050300313 -0.01787057 -3.339639e-07)
(-0.0047843696 -0.020561024 -3.8648872e-07)
(-0.0045300434 -0.023351641 -3.8936953e-07)
(-0.0041998353 -0.025396123 -3.7010304e-07)
(-0.0038071774 -0.026731029 -3.430458e-07)
(-0.003382164 -0.027270563 -3.1754554e-07)
(-0.0029871034 -0.027165292 -2.867859e-07)
(-0.002621806 -0.026571788 -2.57766e-07)
(-0.0022869758 -0.025714899 -2.3220255e-07)
(-0.0019923185 -0.024676337 -2.1041619e-07)
(-0.0017272081 -0.023531838 -1.898734e-07)
(-0.0014884966 -0.022331141 -1.704015e-07)
(-0.0012709421 -0.021065502 -1.5225067e-07)
(-0.00107596 -0.019791307 -1.3525931e-07)
(-0.00090420182 -0.018546042 -1.192599e-07)
(-0.00075381905 -0.017353929 -1.0406555e-07)
(-0.00062247539 -0.016234522 -8.9602406e-08)
(-0.00050789445 -0.015201181 -7.5881527e-08)
(-0.000407943 -0.014260868 -6.2929784e-08)
(-0.00032055858 -0.0134159 -5.0911343e-08)
(-0.00024420365 -0.012665999 -3.9972261e-08)
(-0.0001774355 -0.012009705 -3.0316541e-08)
(-0.00011910658 -0.011454721 -2.2528777e-08)
(-6.7725724e-05 -0.010907393 -1.5228219e-08)
(-2.3114172e-05 -0.010350952 -8.4063214e-09)
(-0.0013151937 -0.0046068836 -1.6818327e-07)
(-0.001417571 -0.0056762087 -2.0724785e-07)
(-0.0015509054 -0.0067670042 -2.1537769e-07)
(-0.0016514169 -0.0077986906 -2.074434e-07)
(-0.0017049182 -0.0087766866 -1.9250677e-07)
(-0.0017036265 -0.009795364 -1.7549504e-07)
(-0.0016539091 -0.010881316 -1.5658468e-07)
(-0.0015678226 -0.011866534 -1.3857203e-07)
(-0.0014603446 -0.012688328 -1.2254457e-07)
(-0.0013434993 -0.013345541 -1.0840436e-07)
(-0.0012229228 -0.01385752 -9.5344415e-08)
(-0.0011039096 -0.014242743 -8.3146426e-08)
(-0.00098797927 -0.014510534 -7.1831503e-08)
(-0.00087623261 -0.014674908 -6.1361131e-08)
(-0.00076930806 -0.014744536 -5.177068e-08)
(-0.00066782384 -0.014727414 -4.2912805e-08)
(-0.0005723213 -0.014632058 -3.4717703e-08)
(-0.0004831413 -0.014464774 -2.7339662e-08)
(-0.00040044311 -0.014226201 -2.0845321e-08)
(-0.00032427637 -0.013926633 -1.5226976e-08)
(-0.00025422264 -0.013588727 -1.052755e-08)
(-0.00018978985 -0.013230598 -6.8274127e-09)
(-0.00013027569 -0.012870013 -4.1644511e-09)
(-7.4854884e-05 -0.012446904 -2.1907034e-09)
(-2.303716e-05 -0.011881828 -9.0287622e-10)
(-0.00013516756 -0.00061222658 -8.4731542e-08)
(-8.5667796e-05 -0.00090996161 -1.0641906e-07)
(-0.00011717483 -0.0012472664 -1.1179015e-07)
(-0.0002082625 -0.0016571902 -1.0775887e-07)
(-0.00030786876 -0.002094557 -9.9238772e-08)
(-0.00041152413 -0.0025306715 -8.9038484e-08)
(-0.00047945226 -0.0029755088 -7.8151705e-08)
(-0.00051445482 -0.0033892915 -6.7684056e-08)
(-0.00052359152 -0.0037530455 -5.8247943e-08)
(-0.00051351242 -0.004063168 -4.9872695e-08)
(-0.00049207885 -0.0043252015 -4.2297665e-08)
(-0.00046168689 -0.0045442818 -3.540432e-08)
(-0.00042698219 -0.0047228165 -2.9179727e-08)
(-0.00038992258 -0.0048645156 -2.3617548e-08)
(-0.0003515666 -0.0049719179 -1.8723047e-08)
(-0.00031285031 -0.0050478125 -1.4423142e-08)
(-0.00027448113 -0.0050955149 -1.0698594e-08)
(-0.00023695196 -0.0051199523 -7.5529871e-09)
(-0.00020062614 -0.0051320669 -4.96861e-09)
(-0.00016584836 -0.0051328219 -2.923513e-09)
(-0.00013256059 -0.0051101761 -1.3852999e-09)
(-0.00010072288 -0.0050610902 -3.1505302e-10)
(-7.0194296e-05 -0.0049902227 2.8679513e-10)
(-4.0647997e-05 -0.0048813276 4.7872966e-10)
(-1.1928124e-05 -0.0046712268 2.6802802e-10)
(-3.8995158e-05 0.0003251388 -4.1808679e-08)
(4.0848723e-05 0.00040030545 -5.1044689e-08)
(8.229436e-05 0.0004392388 -5.2960114e-08)
(8.6948065e-05 0.00041949978 -5.0394417e-08)
(7.3015667e-05 0.00033851968 -4.5629302e-08)
(4.0059586e-05 0.00022843952 -4.006575e-08)
(-2.9728353e-06 0.00010977145 -3.4356642e-08)
(-4.2641351e-05 -1.4081784e-05 -2.896122e-08)
(-7.3500939e-05 -0.00013464543 -2.4142055e-08)
(-9.6601638e-05 -0.00024625542 -1.9929747e-08)
(-0.00011100075 -0.00034651255 -1.6235774e-08)
(-0.00011849973 -0.00043344034 -1.2997117e-08)
(-0.00012076688 -0.0005074789 -1.0185998e-08)
(-0.00011837921 -0.00056883996 -7.7820289e-09)
(-0.00011254432 -0.00061924722 -5.7626009e-09)
(-0.0001042679 -0.00066005605 -4.0847507e-09)
(-9.4348996e-05 -0.00069230944 -2.7152309e-09)
(-8.3441257e-05 -0.00071682867 -1.626588e-09)
(-7.2006732e-05 -0.00073477979 -7.8890628e-10)
(-6.0256868e-05 -0.00074653881 -1.7223117e-10)
(-4.8549552e-05 -0.00075177304 2.4917263e-10)
(-3.7061803e-05 -0.00075056534 4.9352332e-10)
(-2.5894229e-05 -0.00074448597 5.6621053e-10)
(-1.5056722e-05 -0.00072934804 4.7732801e-10)
(-4.3633143e-06 -0.00070108013 2.3131357e-10)
(-9.2353194e-05 0.00025660717 -1.927462e-08)
(-1.6299066e-05 0.00036000897 -2.2274692e-08)
(3.7951074e-05 0.00045067028 -2.2409413e-08)
(6.5010566e-05 0.00051952181 -2.0803295e-08)
(6.298714e-05 0.00056012064 -1.8397413e-08)
(5.4195626e-05 0.00056949356 -1.5765465e-08)
(3.6190409e-05 0.00055699671 -1.3192305e-08)
(1.4197442e-05 0.00053004891 -1.083608e-08)
(-7.4103225e-06 0.00049397346 -8.7781183e-09)
(-2.7639759e-05 0.00045016054 -7.0225672e-09)
(-4.2368932e-05 0.0004057315 -5.5319066e-09)
(-5.3442917e-05 0.00036708655 -4.2710249e-09)
(-6.030597e-05 0.00033461184 -3.2155865e-09)
(-6.2771202e-05 0.00030754229 -2.3458301e-09)
(-6.2039469e-05 0.00028490182 -1.6422113e-09)
(-5.8978476e-05 0.00026631702 -1.0817043e-09)
(-5.4231829e-05 0.00025122623 -6.4406731e-10)
(-4.8364853e-05 0.00023905947 -3.1174119e-10)
(-4.1834411e-05 0.00022923143 -6.8696129e-11)
(-3.4993089e-05 0.00022117445 9.9413314e-11)
(-2.8108686e-05 0.00021442213 2.0317424e-10)
(-2.1351238e-05 0.00020866188 2.4894922e-10)
(-1.4831466e-05 0.00020325113 2.3950982e-10)
(-8.629882e-06 0.00019783052 1.8350098e-10)
(-2.6472934e-06 0.00018930503 1.1236549e-10)
(-0.00015315518 -9.8138214e-06 -7.7172738e-09)
(-8.4425881e-05 3.5276157e-05 -8.4850334e-09)
(-2.9681675e-05 9.2693288e-05 -8.289962e-09)
(6.4292133e-06 0.00014494245 -7.5232474e-09)
(2.3451349e-05 0.00018312991 -6.5141947e-09)
(2.8885294e-05 0.00021269987 -5.4681036e-09)
(2.513087e-05 0.00022608322 -4.4854478e-09)
(1.4150381e-05 0.00022493773 -3.6121433e-09)
(-4.2451114e-07 0.00021085694 -2.8658189e-09)
(-1.4158127e-05 0.00018848 -2.2424388e-09)
(-2.6635798e-05 0.00016427711 -1.7260859e-09)
(-3.5839815e-05 0.00013973916 -1.3008829e-09)
(-4.1146757e-05 0.00011682699 -9.5437529e-10)
(-4.3860444e-05 9.7024912e-05 -6.7631553e-10)
(-4.4856618e-05 7.9951111e-05 -4.5732427e-10)
(-4.4247221e-05 6.5811834e-05 -2.8793962e-10)
(-4.2050489e-05 5.4494479e-05 -1.5980601e-10)
(-3.8651876e-05 4.5666332e-05 -6.5738164e-11)
(-3.4411216e-05 3.8959413e-05 4.4109381e-13)
(-2.9608476e-05 3.403027e-05 4.3805227e-11)
(-2.4440074e-05 3.0565555e-05 6.7826695e-11)
(-1.9058896e-05 2.8387306e-05 7.435258e-11)
(-1.358555e-05 2.6897211e-05 6.4689669e-11)
(-8.1142503e-06 2.7493756e-05 4.3651818e-11)
(-2.7142801e-06 2.5571726e-05 2.5227937e-11)
(-0.00016876859 -0.00014682929 -2.511139e-09)
(-0.00011464911 -0.00013776404 -2.7171079e-09)
(-6.7196926e-05 -0.0001197671 -2.6112316e-09)
(-2.9483251e-05 -9.4755716e-05 -2.3280452e-09)
(-4.6858136e-06 -7.1688992e-05 -1.9796875e-09)
(9.5880626e-06 -5.3001532e-05 -1.6315872e-09)
(1.5273396e-05 -3.9958553e-05 -1.314021e-09)
(1.4327044e-05 -3.6000443e-05 -1.0382206e-09)
(8.8859067e-06 -4.1182066e-05 -8.0654342e-10)
(1.4501623e-06 -5.1569462e-05 -6.1610249e-10)
(-6.66219e-06 -6.6053208e-05 -4.6131823e-10)
(-1.4192107e-05 -8.410309e-05 -3.3651714e-10)
(-1.9907407e-05 -0.00010231765 -2.3700941e-10)
(-2.4559195e-05 -0.00012000809 -1.5895284e-10)
(-2.7212409e-05 -0.00013639082 -9.8974735e-11)
(-2.8198816e-05 -0.00015025122 -5.3883426e-11)
(-2.7995537e-05 -0.0001614413 -2.0882621e-11)
(-2.6687945e-05 -0.00017036279 2.3996633e-12)
(-2.4544694e-05 -0.0001771545 1.7915164e-11)
(-2.1769221e-05 -0.00018186004 2.7153944e-11)
(-1.8436469e-05 -0.00018464986 3.1045373e-11)
(-1.4662739e-05 -0.00018570313 2.9998948e-11)
(-1.0587804e-05 -0.00018631984 2.4421048e-11)
(-6.3367292e-06 -0.00017673134 1.5757214e-11)
(-2.0852142e-06 -0.00017886748 7.9789551e-12)
(-0.00014711723 -0.00015776491 -4.9632799e-10)
(-0.00011056358 -0.00016383631 -5.9710959e-10)
(-7.4041033e-05 -0.00016072636 -5.8890185e-10)
(-4.1895577e-05 -0.00015233132 -5.2347807e-10)
(-1.6793191e-05 -0.00013881933 -4.3697566e-10)
(1.1075943e-06 -0.00012504017 -3.4931528e-10)
(1.2203316e-05 -0.00011708928 -2.6957174e-10)
(1.7339432e-05 -0.00011372175 -2.0109199e-10)
(1.8002638e-05 -0.00011434447 -1.4444894e-10)
(1.5718044e-05 -0.00011923282 -9.8816175e-11)
(1.1430494e-05 -0.00012758694 -6.2650413e-11)
(6.4209595e-06 -0.00013788109 -3.4382607e-11)
(7.6686142e-07 -0.00014995377 -1.267393e-11)
(-4.4614307e-06 -0.00016282627 3.5684981e-12)
(-8.2543353e-06 -0.00017533454 1.5284821e-11)
(-1.0712503e-05 -0.00018734833 2.3360262e-11)
(-1.2320201e-05 -0.00019760623 2.8550193e-11)
(-1.3120802e-05 -0.00020598992 3.147383e-11)
(-1.3008564e-05 -0.00021259734 3.2615008e-11)
(-1.202869e-05 -0.00021718162 3.231248e-11)
(-1.0432456e-05 -0.00021972595 3.0718713e-11)
(-8.406381e-06 -0.00022010197 2.778646e-11)
(-6.061882e-06 -0.00021945984 2.3396867e-11)
(-3.5504993e-06 -0.00020887244 1.7215279e-11)
(-1.0735773e-06 -0.0002057977 9.0636495e-12)
(-0.00012076422 -0.00011727381 9.814677e-11)
(-9.5486464e-05 -0.00012516415 2.6673173e-11)
(-6.8016925e-05 -0.00012592327 -5.2728238e-13)
(-4.2211737e-05 -0.00012120544 -4.70078e-12)
(-1.979264e-05 -0.00011414243 1.1246057e-12)
(-2.116376e-06 -0.00010553261 9.9225714e-12)
(1.0693718e-05 -9.7196773e-05 1.872771e-11)
(1.880156e-05 -9.1576492e-05 2.6330782e-11)
(2.3013402e-05 -8.9949891e-05 3.2280883e-11)
(2.405979e-05 -9.0788278e-05 3.650065e-11)
(2.2748904e-05 -9.3805155e-05 3.9233554e-11)
(1.9926897e-05 -9.8867376e-05 4.079001e-11)
(1.6218119e-05 -0.00010583483 4.1401801e-11)
(1.2475216e-05 -0.00011416749 4.1228252e-11)
(8.5137679e-06 -0.00012242644 4.0401313e-11)
(4.9044448e-06 -0.00013059547 3.9091773e-11)
(1.9976667e-06 -0.00013872296 3.7417897e-11)
(-2.6116608e-07 -0.00014581496 3.547453e-11)
(-1.7462615e-06 -0.00015139732 3.3327726e-11)
(-2.4622058e-06 -0.00015554879 3.0998031e-11)
(-2.616584e-06 -0.00015836721 2.8443224e-11)
(-2.3681006e-06 -0.00015943459 2.5489223e-11)
(-1.8249165e-06 -0.00015974258 2.1794609e-11)
(-1.1371771e-06 -0.00015066808 1.6490681e-11)
(-3.9558999e-07 -0.00015018731 8.8126962e-12)
(-9.8951028e-05 -7.4822332e-05 1.6184795e-10)
(-8.040584e-05 -8.0253443e-05 1.2063272e-10)
(-5.9644765e-05 -8.0716903e-05 9.5999946e-11)
(-3.9018411e-05 -7.7260655e-05 8.117407e-11)
(-2.0023936e-05 -7.1441781e-05 7.1449141e-11)
(-3.9308063e-06 -6.4496983e-05 6.4289479e-11)
(8.8082429e-06 -5.6987501e-05 5.8692142e-11)
(1.8018362e-05 -5.0226308e-05 5.395601e-11)
(2.3986741e-05 -4.5343451e-05 4.9758881e-11)
(2.7068211e-05 -4.2613698e-05 4.6010929e-11)
(2.7965118e-05 -4.1834708e-05 4.2612813e-11)
(2.7092248e-05 -4.3083597e-05 3.9545998e-11)
(2.4930891e-05 -4.6151706e-05 3.6756976e-11)
(2.2062238e-05 -5.0479551e-05 3.4185596e-11)
(1.8780918e-05 -5.5596655e-05 3.1799596e-11)
(1.5392673e-05 -6.1179562e-05 2.9567513e-11)
(1.2266004e-05 -6.6934103e-05 2.745412e-11)
(9.5742796e-06 -7.2375419e-05 2.5445699e-11)
(7.2472181e-06 -7.7150545e-05 2.3524185e-11)
(5.2691569e-06 -8.1014248e-05 2.1643027e-11)
(3.7014871e-06 -8.3821856e-05 1.972038e-11)
(2.5206187e-06 -8.5420982e-05 1.7598992e-11)
(1.6391521e-06 -8.7144078e-05 1.4975548e-11)
(8.65575e-07 -7.9497743e-05 1.1082024e-11)
(1.3869114e-07 -8.2232174e-05 5.9299265e-12)
(-8.2211996e-05 -4.6762501e-05 9.0379453e-11)
(-6.8297066e-05 -4.9722596e-05 7.4805152e-11)
(-5.2447134e-05 -4.9263847e-05 6.2948079e-11)
(-3.5981398e-05 -4.6505291e-05 5.424686e-11)
(-2.0133625e-05 -4.1501956e-05 4.7383532e-11)
(-5.9326996e-06 -3.5270101e-05 4.1666531e-11)
(6.0078873e-06 -2.8428852e-05 3.6787902e-11)
(1.5377564e-05 -2.1563385e-05 3.2680096e-11)
(2.2151806e-05 -1.5648336e-05 2.9254101e-11)
(2.6496544e-05 -1.10376e-05 2.629545e-11)
(2.8771982e-05 -7.9714238e-06 2.3744401e-11)
(2.9326e-05 -6.6337093e-06 2.1573008e-11)
(2.855488e-05 -6.738097e-06 1.9696822e-11)
(2.6799851e-05 -8.1236327e-06 1.8078066e-11)
(2.4373444e-05 -1.0572329e-05 1.6668042e-11)
(2.1524941e-05 -1.3743914e-05 1.5408313e-11)
(1.8551243e-05 -1.7341882e-05 1.4265001e-11)
(1.5648962e-05 -2.106646e-05 1.321459e-11)
(1.2897374e-05 -2.4613387e-05 1.2226866e-11)
(1.0346326e-05 -2.7766256e-05 1.1260425e-11)
(8.0369518e-06 -3.0413892e-05 1.0245388e-11)
(5.97182e-06 -3.2189292e-05 9.0623117e-12)
(4.1356846e-06 -3.4770171e-05 7.5511543e-12)
(2.3316081e-06 -2.8375557e-05 5.2145481e-12)
(5.4209641e-07 -3.3277807e-05 2.7959394e-12)
(-6.9817495e-05 -3.2062019e-05 2.7613071e-11)
(-5.9301217e-05 -3.4140758e-05 2.7081874e-11)
(-4.7000105e-05 -3.3704961e-05 2.4575801e-11)
(-3.3810891e-05 -3.1254954e-05 2.1817858e-11)
(-2.0639127e-05 -2.7133916e-05 1.9264288e-11)
(-8.3067117e-06 -2.1640923e-05 1.6917277e-11)
(2.5633948e-06 -1.5263265e-05 1.4702759e-11)
(1.1581446e-05 -8.9399804e-06 1.2757779e-11)
(1.8593264e-05 -3.2423701e-06 1.1194432e-11)
(2.362225e-05 1.7594932e-06 9.9220921e-12)
(2.6839719e-05 6.0480868e-06 8.8301459e-12)
(2.8467547e-05 9.1191151e-06 7.9227087e-12)
(2.8769609e-05 1.0829665e-05 7.1814641e-12)
(2.7995857e-05 1.1475331e-05 6.5734292e-12)
(2.6393754e-05 1.1173867e-05 6.0771138e-12)
(2.4215072e-05 1.0068476e-05 5.6567093e-12)
(2.1672294e-05 8.392454e-06 5.2855758e-12)
(1.8939337e-05 6.3647383e-06 4.945707e-12)
(1.614776e-05 4.2024141e-06 4.6192051e-12)
(1.3372176e-05 2.0709531e-06 4.2797978e-12)
(1.0679675e-05 5.9811193e-08 3.8777884e-12)
(8.1009371e-06 -1.3037185e-06 3.3324016e-12)
(5.6172506e-06 -4.1778139e-06 2.6063344e-12)
(3.1781458e-06 1.1577362e-06 1.3907936e-12)
(8.8657116e-07 -4.2004322e-06 7.1926601e-13)
(-6.0589604e-05 -2.4881692e-05 2.1811672e-12)
(-5.2489637e-05 -2.6662195e-05 6.3140825e-12)
(-4.285176e-05 -2.6591587e-05 7.4697987e-12)
(-3.2260975e-05 -2.4731438e-05 7.2362562e-12)
(-2.1376724e-05 -2.1068868e-05 6.5683536e-12)
(-1.0837875e-05 -1.6267301e-05 5.7773998e-12)
(-1.2001277e-06 -1.1264948e-05 4.9159388e-12)
(7.1578462e-06 -6.0104183e-06 4.0642743e-12)
(1.4025799e-05 -5.4339253e-07 3.3644659e-12)
(1.9335484e-05 4.6260949e-06 2.8437231e-12)
(2.3132996e-05 9.1245923e-06 2.4412783e-12)
(2.552532e-05 1.2896078e-05 2.1296415e-12)
(2.6673377e-05 1.5900024e-05 1.8974995e-12)
(2.6748875e-05 1.8047139e-05 1.7261496e-12)
(2.5940813e-05 1.9303198e-05 1.6011034e-12)
(2.4442496e-05 1.9864744e-05 1.5061702e-12)
(2.2428181e-05 1.9765682e-05 1.4379356e-12)
(2.0051667e-05 1.9106605e-05 1.3829959e-12)
(1.7442641e-05 1.8149313e-05 1.3244361e-12)
(1.4696751e-05 1.7007132e-05 1.2442392e-12)
(1.1892347e-05 1.5741601e-05 1.1057758e-12)
(9.0822806e-06 1.5004344e-05 8.5981326e-13)
(6.2795006e-06 1.2050561e-05 5.3265798e-13)
(3.6385981e-06 1.6526897e-05 -1.1628143e-13)
(1.2546767e-06 1.1769692e-05 -5.2802517e-14)
(-5.3541282e-05 -2.0411612e-05 1.063165e-12)
(-4.7199853e-05 -2.2178577e-05 4.7003109e-12)
(-3.9592702e-05 -2.2188434e-05 5.8686985e-12)
(-3.108943e-05 -2.0873052e-05 5.8150893e-12)
(-2.2165727e-05 -1.8021562e-05 5.2943913e-12)
(-1.3305836e-05 -1.4438418e-05 4.6077501e-12)
(-4.9474779e-06 -1.0508294e-05 3.8734176e-12)
(2.5852953e-06 -5.7212294e-06 3.1758965e-12)
(9.064677e-06 -5.1914778e-07 2.5834849e-12)
(1.4364303e-05 4.451043e-06 2.1202974e-12)
(1.843812e-05 9.0455935e-06 1.780369e-12)
(2.1323252e-05 1.3379394e-05 1.522396e-12)
(2.3095633e-05 1.7098043e-05 1.3280445e-12)
(2.3858664e-05 2.0073539e-05 1.1869193e-12)
(2.3739804e-05 2.2312994e-05 1.0826819e-12)
(2.2882218e-05 2.3839706e-05 1.0043729e-12)
(2.1427374e-05 2.475851e-05 9.4217433e-13)
(1.9504882e-05 2.519531e-05 8.8558703e-13)
(1.7232634e-05 2.5176105e-05 8.3316311e-13)
(1.4710148e-05 2.4846265e-05 7.7022238e-13)
(1.2020758e-05 2.4261439e-05 6.6585814e-13)
(9.2351486e-06 2.379617e-05 4.8981027e-13)
(6.427546e-06 2.143977e-05 2.8643541e-13)
(3.822328e-06 2.6506148e-05 -1.91563e-13)
(1.408025e-06 2.0566354e-05 -7.2569557e-15)
(-4.8047753e-05 -1.6290959e-05 7.6115574e-12)
(-4.3056961e-05 -1.8089805e-05 9.512834e-12)
(-3.7031569e-05 -1.8315369e-05 9.7517723e-12)
(-3.0206658e-05 -1.7217636e-05 9.0423613e-12)
(-2.29162e-05 -1.509525e-05 8.0239706e-12)
(-1.5529746e-05 -1.2390352e-05 7.0236927e-12)
(-8.3611625e-06 -8.9150343e-06 6.0538714e-12)
(-1.6941911e-06 -4.6921238e-06 5.1533106e-12)
(4.2470281e-06 -9.9566154e-08 4.3673274e-12)
(9.3119718e-06 4.7600606e-06 3.7254511e-12)
(1.3413909e-05 9.5209522e-06 3.2161597e-12)
(1.6538929e-05 1.379336e-05 2.8188567e-12)
(1.8705051e-05 1.76826e-05 2.4994342e-12)
(1.9964432e-05 2.1164914e-05 2.2319581e-12)
(2.0396931e-05 2.4085848e-05 2.0115814e-12)
(2.0102532e-05 2.6320226e-05 1.8383457e-12)
(1.9187289e-05 2.7936966e-05 1.6938926e-12)
(1.7756853e-05 2.9065904e-05 1.5584811e-12)
(1.5912925e-05 2.9762876e-05 1.4273362e-12)
(1.3750995e-05 3.0061252e-05 1.2927754e-12)
(1.1358049e-05 2.9999194e-05 1.1337971e-12)
(8.8169805e-06 2.9854466e-05 9.3053819e-13)
(6.2160896e-06 2.8025196e-05 7.0952803e-13)
(3.6956985e-06 3.3394405e-05 2.0638983e-13)
(1.2718341e-06 2.7079831e-05 2.7201183e-13)
(-4.3804448e-05 -1.2388263e-05 1.3227988e-11)
(-3.9872624e-05 -1.4001986e-05 1.3814565e-11)
(-3.5091087e-05 -1.4133138e-05 1.3136835e-11)
(-2.9608706e-05 -1.3181223e-05 1.187263e-11)
(-2.364991e-05 -1.1596687e-05 1.0437769e-11)
(-1.7486614e-05 -9.4222584e-06 9.1255978e-12)
(-1.1370755e-05 -6.3036019e-06 7.9851124e-12)
(-5.5466367e-06 -2.5761771e-06 6.9662368e-12)
(-2.1546341e-07 1.5749287e-06 6.0481439e-12)
(4.4750415e-06 6.0066674e-06 5.2518323e-12)
(8.4324603e-06 1.0464874e-05 4.5887951e-12)
(1.1600134e-05 1.4749756e-05 4.0434758e-12)
(1.3965879e-05 1.8745818e-05 3.5868029e-12)
(1.5549197e-05 2.2342068e-05 3.2070333e-12)
(1.6394891e-05 2.5500989e-05 2.8921807e-12)
(1.6566392e-05 2.8209798e-05 2.622376e-12)
(1.6138927e-05 3.0415504e-05 2.3901838e-12)
(1.5193961e-05 3.2104872e-05 2.1848307e-12)
(1.3816624e-05 3.3295338e-05 1.9947458e-12)
(1.2092358e-05 3.400704e-05 1.8080091e-12)
(1.0105149e-05 3.4274782e-05 1.6066183e-12)
(7.9371663e-06 3.4412184e-05 1.3720051e-12)
(5.6688313e-06 3.2824174e-05 1.1177643e-12)
(3.3629259e-06 3.8025679e-05 5.615601e-13)
(1.0824639e-06 3.1794661e-05 4.8735537e-13)
(-4.0651557e-05 -9.1088885e-06 1.5057983e-11)
(-3.7533349e-05 -1.0122517e-05 1.5193104e-11)
(-3.3717102e-05 -1.0196644e-05 1.4156922e-11)
(-2.9294291e-05 -9.3359227e-06 1.2671896e-11)
(-2.4419333e-05 -7.9549426e-06 1.1139257e-11)
(-1.9278038e-05 -6.0663999e-06 9.7479591e-12)
(-1.4089121e-05 -3.3466591e-06 8.5655785e-12)
(-9.051903e-06 -2.8312418e-08 7.5576684e-12)
(-4.3352184e-06 3.7189199e-06 6.6534206e-12)
(-7.2487753e-08 7.6946948e-06 5.834594e-12)
(3.6380539e-06 1.1763286e-05 5.1231472e-12)
(6.727901e-06 1.5789751e-05 4.5249599e-12)
(9.1656622e-06 1.9680955e-05 4.018724e-12)
(1.0946883e-05 2.3333404e-05 3.585306e-12)
(1.2091208e-05 2.6618037e-05 3.2150418e-12)
(1.2635494e-05 2.9479583e-05 2.8977588e-12)
(1.2629955e-05 3.1919961e-05 2.6250914e-12)
(1.2136808e-05 3.3908287e-05 2.3876523e-12)
(1.1223423e-05 3.5431021e-05 2.1734441e-12)
(9.9618928e-06 3.6493076e-05 1.9680888e-12)
(8.4271451e-06 3.7077354e-05 1.754098e-12)
(6.6900134e-06 3.7481076e-05 1.5112089e-12)
(4.8130842e-06 3.5962531e-05 1.2507886e-12)
(2.8553737e-06 4.0790207e-05 6.812074e-13)
(8.8597015e-07 3.5034786e-05 5.3749189e-13)
(-3.8425024e-05 -6.2908097e-06 1.3447685e-11)
(-3.5923981e-05 -6.8560745e-06 1.3883127e-11)
(-3.2851253e-05 -6.8287876e-06 1.3070305e-11)
(-2.9261304e-05 -6.1319468e-06 1.1736866e-11)
(-2.5260933e-05 -4.9103579e-06 1.0366215e-11)
(-2.0984816e-05 -3.1276072e-06 9.1144528e-12)
(-1.6602404e-05 -6.9024293e-07 8.0259474e-12)
(-1.2272715e-05 2.3204107e-06 7.104966e-12)
(-8.1323846e-06 5.6343372e-06 6.2963915e-12)
(-4.3040912e-06 9.082912e-06 5.5655601e-12)
(-8.8301236e-07 1.2691027e-05 4.9099094e-12)
(2.0623738e-06 1.6406823e-05 4.3358545e-12)
(4.4905278e-06 2.0118324e-05 3.8461815e-12)
(6.3837693e-06 2.3602415e-05 3.4310773e-12)
(7.7409929e-06 2.6764303e-05 3.0726314e-12)
(8.5801703e-06 2.963655e-05 2.7582702e-12)
(8.9335922e-06 3.2162155e-05 2.4827205e-12)
(8.8463432e-06 3.4300032e-05 2.2407496e-12)
(8.3703679e-06 3.6012247e-05 2.0261254e-12)
(7.5649829e-06 3.7270667e-05 1.8266166e-12)
(6.4920902e-06 3.805069e-05 1.6245683e-12)
(5.2130461e-06 3.8633171e-05 1.3944801e-12)
(3.7819622e-06 3.7128698e-05 1.1538352e-12)
(2.2516876e-06 4.1452241e-05 6.1535473e-13)
(6.8894276e-07 3.6074407e-05 4.8316387e-13)
(-3.6929309e-05 -3.9701822e-06 1.0177485e-11)
(-3.4911478e-05 -4.2375149e-06 1.1064366e-11)
(-3.24209e-05 -4.1964457e-06 1.0711761e-11)
(-2.9492374e-05 -3.6022159e-06 9.8177675e-12)
(-2.6197334e-05 -2.5035281e-06 8.8147098e-12)
(-2.2640388e-05 -8.1199445e-07 7.8466222e-12)
(-1.8943703e-05 1.5187992e-06 6.946396e-12)
(-1.5227396e-05 4.0354893e-06 6.1547959e-12)
(-1.1609456e-05 6.6737433e-06 5.4765867e-12)
(-8.1954191e-06 9.7303403e-06 4.8696294e-12)
(-5.0704699e-06 1.3005743e-05 4.316149e-12)
(-2.2994537e-06 1.6338863e-05 3.8200784e-12)
(7.2647846e-08 1.9597567e-05 3.3855757e-12)
(2.0189959e-06 2.2784565e-05 3.0107131e-12)
(3.5263506e-06 2.5842987e-05 2.6881542e-12)
(4.5996038e-06 2.8630125e-05 2.4082422e-12)
(5.2574629e-06 3.1086183e-05 2.1629302e-12)
(5.5288335e-06 3.3202656e-05 1.9488476e-12)
(5.4543595e-06 3.4945092e-05 1.7581109e-12)
(5.0800031e-06 3.6259983e-05 1.5797544e-12)
(4.4551957e-06 3.7082926e-05 1.399531e-12)
(3.6339017e-06 3.7814985e-05 1.184293e-12)
(2.6689121e-06 3.641973e-05 9.7334743e-13)
(1.6104748e-06 4.0445616e-05 4.8304011e-13)
(5.1817995e-07 3.5517216e-05 3.9031306e-13)
(-3.6005639e-05 -2.1869179e-06 6.7547808e-12)
(-3.4361656e-05 -2.2467467e-06 8.0867784e-12)
(-3.2329208e-05 -2.3184858e-06 8.2329928e-12)
(-2.9927528e-05 -1.7702566e-06 7.8008683e-12)
(-2.7205232e-05 -8.1139098e-07 7.1805296e-12)
(-2.4236055e-05 8.1872166e-07 6.4971403e-12)
(-2.1107714e-05 2.6572175e-06 5.8098312e-12)
(-1.7914316e-05 4.6476962e-06 5.1617653e-12)
(-1.4755968e-05 7.0757815e-06 4.588852e-12)
(-1.1717608e-05 9.7486449e-06 4.0880404e-12)
(-8.873182e-06 1.2584931e-05 3.6413012e-12)
(-6.2817454e-06 1.5501634e-05 3.2399258e-12)
(-3.9897943e-06 1.8431262e-05 2.878497e-12)
(-2.0293539e-06 2.1325059e-05 2.5609638e-12)
(-4.1670062e-07 2.4098196e-05 2.2887966e-12)
(8.4281239e-07 2.6662291e-05 2.0540392e-12)
(1.7567062e-06 2.8966971e-05 1.8472845e-12)
(2.3428475e-06 3.092424e-05 1.6650399e-12)
(2.6299808e-06 3.2516014e-05 1.5012513e-12)
(2.6523648e-06 3.3768284e-05 1.3485168e-12)
(2.4503421e-06 3.4538513e-05 1.1952685e-12)
(2.0688198e-06 3.5243371e-05 1.0022959e-12)
(1.5559055e-06 3.4084712e-05 8.208923e-13)
(9.5960437e-07 3.8347158e-05 3.7672839e-13)
(3.2997876e-07 3.3099877e-05 3.2112222e-13)
(-3.5501326e-05 -1.1451198e-06 4.2500565e-12)
(-3.4147159e-05 -1.0587718e-06 5.8306531e-12)
(-3.2473132e-05 -1.0023368e-06 6.3058051e-12)
(-3.0485973e-05 -5.9860818e-07 6.1905357e-12)
(-2.8219398e-05 2.3952978e-07 5.8129299e-12)
(-2.5724383e-05 1.6152832e-06 5.3276631e-12)
(-2.3062112e-05 3.1434143e-06 4.8241147e-12)
(-2.0309155e-05 4.8743618e-06 4.3288707e-12)
(-1.7542033e-05 6.9373452e-06 3.8624157e-12)
(-1.4830823e-05 9.2305938e-06 3.4441662e-12)
(-1.2239432e-05 1.1656854e-05 3.0724307e-12)
(-9.8220312e-06 1.4173692e-05 2.7398774e-12)
(-7.6212601e-06 1.6737144e-05 2.4482125e-12)
(-5.6693887e-06 1.9265024e-05 2.1939588e-12)
(-3.9859221e-06 2.1711432e-05 1.9678473e-12)
(-2.5811219e-06 2.400324e-05 1.7689167e-12)
(-1.4550343e-06 2.6060009e-05 1.5961495e-12)
(-5.9753174e-07 2.7828817e-05 1.4443474e-12)
(8.7927919e-09 2.9293058e-05 1.3062262e-12)
(3.8930636e-07 3.0436791e-05 1.1754038e-12)
(5.7554431e-07 3.1149639e-05 1.0404884e-12)
(6.0270947e-07 3.1847681e-05 8.6523558e-13)
(5.0859967e-07 3.0855713e-05 7.0851317e-13)
(3.3147876e-07 3.5169566e-05 3.0063715e-13)
(1.1084888e-07 2.9952622e-05 2.6804986e-13)
(-3.5274834e-05 -5.8036319e-07 2.8128577e-12)
(-3.4153286e-05 -4.145061e-07 4.4677504e-12)
(-3.2759075e-05 -1.7114756e-07 5.0448098e-12)
(-3.1094507e-05 1.5401046e-07 5.0557222e-12)
(-2.9179604e-05 8.728463e-07 4.8079594e-12)
(-2.7059734e-05 1.960814e-06 4.4519366e-12)
(-2.4776771e-05 3.1740367e-06 4.0689674e-12)
(-2.2384982e-05 4.6788225e-06 3.6879943e-12)
(-1.9943403e-05 6.4252482e-06 3.3180429e-12)
(-1.7510963e-05 8.3501118e-06 2.9693717e-12)
(-1.51417e-05 1.0420175e-05 2.6528351e-12)
(-1.2883764e-05 1.2576835e-05 2.370603e-12)
(-1.0775046e-05 1.4756425e-05 2.1245422e-12)
(-8.8461693e-06 1.6905114e-05 1.9144968e-12)
(-7.1179032e-06 1.8983668e-05 1.7304835e-12)
(-5.6022906e-06 2.0953011e-05 1.5650358e-12)
(-4.3036863e-06 2.2754614e-05 1.4167342e-12)
(-3.2187897e-06 2.4322914e-05 1.285483e-12)
(-2.3375348e-06 2.5626717e-05 1.1666744e-12)
(-1.6428886e-06 2.6648937e-05 1.0528679e-12)
(-1.11251e-06 2.7283317e-05 9.3330405e-13)
(-7.2107632e-07 2.7938004e-05 7.7646102e-13)
(-4.4051727e-07 2.7009016e-05 6.3743265e-13)
(-2.4062073e-07 3.1163649e-05 2.5754272e-13)
(-8.9846279e-08 2.6193772e-05 2.4038103e-13)
(-3.519064e-05 -1.9001278e-07 1.9480973e-12)
(-3.4278875e-05 2.655843e-09 3.5604642e-12)
(-3.3096748e-05 3.0142862e-07 4.1852607e-12)
(-3.1687084e-05 6.7979851e-07 4.2830126e-12)
(-3.0044852e-05 1.1536148e-06 4.1126174e-12)
(-2.8214503e-05 1.8662079e-06 3.8253995e-12)
(-2.6231376e-05 2.9398481e-06 3.5089928e-12)
(-2.4131523e-05 4.2365266e-06 3.2027922e-12)
(-2.1957943e-05 5.6811424e-06 2.904272e-12)
(-1.9759612e-05 7.2780263e-06 2.6194474e-12)
(-1.75816e-05 8.9863495e-06 2.3580851e-12)
(-1.5464693e-05 1.0760887e-05 2.1244111e-12)
(-1.3443469e-05 1.2574254e-05 1.9134467e-12)
(-1.1545125e-05 1.4391768e-05 1.7238525e-12)
(-9.7898324e-06 1.6149354e-05 1.5580224e-12)
(-8.1910132e-06 1.780571e-05 1.4123092e-12)
(-6.7555894e-06 1.9329377e-05 1.2823781e-12)
(-5.4844506e-06 2.0677624e-05 1.1663507e-12)
(-4.3733284e-06 2.1813959e-05 1.0610464e-12)
(-3.4123308e-06 2.2710658e-05 9.5966991e-13)
(-2.5874569e-06 2.3248041e-05 8.5217712e-13)
(-1.8818942e-06 2.3851452e-05 7.0951352e-13)
(-1.2760384e-06 2.2903155e-05 5.8193962e-13)
(-7.4167046e-07 2.6750077e-05 2.2419244e-13)
(-2.5749754e-07 2.226034e-05 2.1634898e-13)
(-3.5164465e-05 -6.0968807e-08 1.2381917e-12)
(-3.4365204e-05 2.7444213e-07 2.7974606e-12)
(-3.3391636e-05 5.3125251e-07 3.487021e-12)
(-3.2207134e-05 7.5835678e-07 3.680663e-12)
(-3.0772177e-05 1.1476123e-06 3.5942425e-12)
(-2.9163739e-05 1.6698257e-06 3.3782107e-12)
(-2.7413556e-05 2.5231579e-06 3.1157773e-12)
(-2.5544812e-05 3.610979e-06 2.852655e-12)
(-2.3592446e-05 4.781541e-06 2.600462e-12)
(-2.1591351e-05 6.0469256e-06 2.3622062e-12)
(-1.9577456e-05 7.4266144e-06 2.1397788e-12)
(-1.7584633e-05 8.875498e-06 1.9378437e-12)
(-1.5643828e-05 1.0345564e-05 1.7579526e-12)
(-1.3779203e-05 1.1822444e-05 1.5934465e-12)
(-1.2009745e-05 1.3268787e-05 1.4425106e-12)
(-1.0350026e-05 1.4638455e-05 1.3074677e-12)
(-8.8084648e-06 1.5907288e-05 1.1861605e-12)
(-7.3890191e-06 1.7043747e-05 1.0774154e-12)
(-6.0913941e-06 1.8007171e-05 9.7915856e-13)
(-4.9113708e-06 1.8780906e-05 8.8475864e-13)
(-3.8413864e-06 1.9252908e-05 7.8509499e-13)
(-2.8709435e-06 1.9833881e-05 6.5139343e-13)
(-1.9866599e-06 1.8799892e-05 5.3504847e-13)
(-1.1670899e-06 2.2207226e-05 1.9886993e-13)
(-3.9674192e-07 1.845918e-05 1.9208865e-13)
(-3.5243645e-05 5.5626225e-08 6.4155401e-13)
(-3.4500546e-05 2.8571116e-07 2.1914979e-12)
(-3.3620282e-05 4.1918631e-07 2.9261636e-12)
(-3.2531344e-05 5.7756249e-07 3.1960557e-12)
(-3.1312276e-05 9.2437807e-07 3.1788939e-12)
(-2.9897784e-05 1.3842845e-06 3.0252002e-12)
(-2.8333749e-05 1.9536445e-06 2.8184936e-12)
(-2.6642176e-05 2.7309888e-06 2.5935196e-12)
(-2.4865529e-05 3.7056022e-06 2.3697802e-12)
(-2.302755e-05 4.7174757e-06 2.1583364e-12)
(-2.1153911e-05 5.7936035e-06 1.9619549e-12)
(-1.9270386e-05 6.9210539e-06 1.7818413e-12)
(-1.7403085e-05 8.1117576e-06 1.6217674e-12)
(-1.5573415e-05 9.2912682e-06 1.4790706e-12)
(-1.38008e-05 1.0431756e-05 1.3482066e-12)
(-1.2099499e-05 1.1532174e-05 1.2268114e-12)
(-1.047856e-05 1.2562412e-05 1.1138103e-12)
(-8.9444899e-06 1.3490817e-05 1.0105706e-12)
(-7.500095e-06 1.4288523e-05 9.1624523e-13)
(-6.1453414e-06 1.4948251e-05 8.2541609e-13)
(-4.8766911e-06 1.5357826e-05 7.3117259e-13)
(-3.688249e-06 1.5927131e-05 6.0437709e-13)
(-2.5714081e-06 1.4829217e-05 4.982896e-13)
(-1.51545e-06 1.7802041e-05 1.8280051e-13)
(-5.0827254e-07 1.4818654e-05 1.7606842e-13)
(-3.5309135e-05 -2.5229346e-08 2.3210919e-13)
(-3.4649911e-05 1.0377165e-07 1.753025e-12)
(-3.3808272e-05 2.2370805e-07 2.4811657e-12)
(-3.2807589e-05 3.0171803e-07 2.7750926e-12)
(-3.1708145e-05 5.1040048e-07 2.8024614e-12)
(-3.0440841e-05 8.71878e-07 2.6941601e-12)
(-2.9007043e-05 1.3203007e-06 2.5319335e-12)
(-2.74634e-05 1.7678645e-06 2.3481055e-12)
(-2.5821991e-05 2.388941e-06 2.1570481e-12)
(-2.4109299e-05 3.2324181e-06 1.9701791e-12)
(-2.2345503e-05 4.0881643e-06 1.7965471e-12)
(-2.0552855e-05 4.9826621e-06 1.6382356e-12)
(-1.8751293e-05 5.8916038e-06 1.4946628e-12)
(-1.6958603e-05 6.7856332e-06 1.3661596e-12)
(-1.5192618e-05 7.6858848e-06 1.249071e-12)
(-1.3466582e-05 8.556022e-06 1.1402131e-12)
(-1.1789178e-05 9.361752e-06 1.0399027e-12)
(-1.0170304e-05 1.008309e-05 9.4750347e-13)
(-8.6148075e-06 1.0713786e-05 8.6045595e-13)
(-7.1250753e-06 1.125874e-05 7.7439713e-13)
(-5.7002592e-06 1.1577807e-05 6.8731998e-13)
(-4.3377865e-06 1.2025836e-05 5.6791433e-13)
(-3.0339834e-06 1.1058285e-05 4.6993737e-13)
(-1.788163e-06 1.4014032e-05 1.7388337e-13)
(-5.8815759e-07 1.0974404e-05 1.6482864e-13)
(-3.5222766e-05 -2.6326166e-07 -1.4306018e-13)
(-3.4622876e-05 -2.3626341e-07 1.3719999e-12)
(-3.3880278e-05 -1.6928887e-07 2.0878369e-12)
(-3.30106e-05 -1.0163181e-07 2.377564e-12)
(-3.1957917e-05 1.6977337e-08 2.4306138e-12)
(-3.0783754e-05 1.6062965e-07 2.3559128e-12)
(-2.9468407e-05 4.3420893e-07 2.2260856e-12)
(-2.8041463e-05 8.4648758e-07 2.0745262e-12)
(-2.6505279e-05 1.2475824e-06 1.9200884e-12)
(-2.4884642e-05 1.7027947e-06 1.7715799e-12)
(-2.3203869e-05 2.2869586e-06 1.6288621e-12)
(-2.1481029e-05 3.0006868e-06 1.4929186e-12)
(-1.9731664e-05 3.7094739e-06 1.3650999e-12)
(-1.7973547e-05 4.3861215e-06 1.2467442e-12)
(-1.6218918e-05 5.077276e-06 1.1397042e-12)
(-1.4483971e-05 5.736744e-06 1.0434106e-12)
(-1.2768667e-05 6.3453626e-06 9.5509773e-13)
(-1.1091081e-05 6.893441e-06 8.7282922e-13)
(-9.4560559e-06 7.3804614e-06 7.9507129e-13)
(-7.8662002e-06 7.8134554e-06 7.1726995e-13)
(-6.3240625e-06 8.0213945e-06 6.4036567e-13)
(-4.8303949e-06 8.3506391e-06 5.313619e-13)
(-3.3859154e-06 7.5502406e-06 4.4341634e-13)
(-1.9977895e-06 1.0745949e-05 1.6838594e-13)
(-6.5403098e-07 7.4774223e-06 1.5673833e-13)
(-3.5024397e-05 -5.7935238e-07 -5.1892226e-13)
(-3.4466421e-05 -6.3827026e-07 9.7972737e-13)
(-3.3781191e-05 -6.3542949e-07 1.6991552e-12)
(-3.2965195e-05 -6.4674207e-07 1.9954839e-12)
(-3.2005338e-05 -6.5152864e-07 2.0661058e-12)
(-3.0914205e-05 -6.4270206e-07 2.0190613e-12)
(-2.970876e-05 -4.9181647e-07 1.9184781e-12)
(-2.8371897e-05 -2.0833111e-07 1.7973576e-12)
(-2.6927378e-05 5.2282218e-08 1.674847e-12)
(-2.5389078e-05 3.6614409e-07 1.5573175e-12)
(-2.377793e-05 7.4560349e-07 1.4434659e-12)
(-2.2110922e-05 1.1310075e-06 1.3324541e-12)
(-2.0404157e-05 1.5660587e-06 1.2243695e-12)
(-1.8673081e-05 2.0816335e-06 1.1204792e-12)
(-1.6929666e-05 2.6228496e-06 1.0243627e-12)
(-1.5181305e-05 3.133006e-06 9.3845073e-13)
(-1.3452421e-05 3.5787676e-06 8.6061129e-13)
(-1.1739675e-05 3.9871987e-06 7.8810602e-13)
(-1.0050966e-05 4.3374797e-06 7.1997986e-13)
(-8.3917839e-06 4.6681897e-06 6.5145141e-13)
(-6.7678876e-06 4.8226412e-06 5.8403068e-13)
(-5.1832839e-06 5.1292362e-06 4.8306999e-13)
(-3.6422991e-06 4.4786554e-06 4.0294169e-13)
(-2.1532883e-06 7.6916806e-06 1.4857562e-13)
(-7.1051292e-07 4.4670068e-06 1.3769564e-13)
(-3.4706595e-05 -9.2902475e-07 -8.2388575e-13)
(-3.4179237e-05 -1.0671263e-06 6.4009074e-13)
(-3.3534211e-05 -1.1528143e-06 1.3521851e-12)
(-3.2765847e-05 -1.2427739e-06 1.6521534e-12)
(-3.1869132e-05 -1.3272038e-06 1.7378133e-12)
(-3.0847695e-05 -1.3643423e-06 1.7180385e-12)
(-2.9708761e-05 -1.4189017e-06 1.6467813e-12)
(-2.8452191e-05 -1.3559634e-06 1.5499043e-12)
(-2.7089568e-05 -1.1744221e-06 1.4479689e-12)
(-2.5630667e-05 -9.8398763e-07 1.34906e-12)
(-2.408727e-05 -7.6267758e-07 1.2548554e-12)
(-2.2475916e-05 -5.1916471e-07 1.1645137e-12)
(-2.0812207e-05 -2.2886018e-07 1.0761663e-12)
(-1.9109499e-05 9.9855926e-08 9.9020206e-13)
(-1.7382023e-05 4.1185148e-07 9.085538e-13)
(-1.5637148e-05 7.2711577e-07 8.32608e-13)
(-1.3898546e-05 1.0565288e-06 7.6345893e-13)
(-1.2163045e-05 1.3620434e-06 7.0006161e-13)
(-1.0439605e-05 1.6360213e-06 6.4043688e-13)
(-8.7368458e-06 1.9076804e-06 5.8081486e-13)
(-7.061251e-06 2.0221407e-06 5.2191433e-13)
(-5.4188452e-06 2.3182314e-06 4.2906979e-13)
(-3.8148654e-06 1.7733351e-06 3.5566431e-13)
(-2.2570832e-06 4.886714e-06 1.2082458e-13)
(-7.4356421e-07 1.832379e-06 1.1740431e-13)
(-3.426663e-05 -1.2895761e-06 -1.0415037e-12)
(-3.3761385e-05 -1.4982989e-06 3.8266054e-13)
(-3.3145955e-05 -1.6596437e-06 1.079087e-12)
(-3.2414769e-05 -1.8332203e-06 1.3789873e-12)
(-3.1564517e-05 -2.0031853e-06 1.4764839e-12)
(-3.059556e-05 -2.1340191e-06 1.4746358e-12)
(-2.9511043e-05 -2.261766e-06 1.4221903e-12)
(-2.8316226e-05 -2.3398875e-06 1.3433257e-12)
(-2.7017494e-05 -2.3182906e-06 1.2561422e-12)
(-2.562374e-05 -2.2424938e-06 1.1698385e-12)
(-2.4144467e-05 -2.1452122e-06 1.0881819e-12)
(-2.2590815e-05 -2.0199693e-06 1.0109119e-12)
(-2.0974984e-05 -1.8638118e-06 9.3649139e-13)
(-1.9310703e-05 -1.6866836e-06 8.6497678e-13)
(-1.7610459e-05 -1.502144e-06 7.9691565e-13)
(-1.5889637e-05 -1.3002986e-06 7.3249512e-13)
(-1.4147549e-05 -1.0782323e-06 6.7214477e-13)
(-1.240322e-05 -8.5683374e-07 6.1621854e-13)
(-1.0664575e-05 -6.6141176e-07 5.6388619e-13)
(-8.9400783e-06 -4.7971486e-07 5.1193346e-13)
(-7.2367556e-06 -4.0606322e-07 4.5921324e-13)
(-5.5613148e-06 -1.1004377e-07 3.7414765e-13)
(-3.9194563e-06 -5.8361865e-07 3.0848401e-13)
(-2.3188757e-06 2.4028057e-06 9.0791513e-14)
(-7.6075897e-07 -4.2758592e-07 9.5428119e-14)
(-3.3709292e-05 -1.6151376e-06 -1.2280827e-12)
(-3.3220212e-05 -1.8910896e-06 1.6792176e-13)
(-3.2627162e-05 -2.1380844e-06 8.5034061e-13)
(-3.1925106e-05 -2.3765263e-06 1.1503981e-12)
(-3.1110976e-05 -2.6172524e-06 1.2620609e-12)
(-3.0183933e-05 -2.8318369e-06 1.2750222e-12)
(-2.9145769e-05 -3.0217033e-06 1.2387792e-12)
(-2.8000493e-05 -3.194907e-06 1.1756038e-12)
(-2.6753717e-05 -3.3165135e-06 1.1010415e-12)
(-2.5413187e-05 -3.3624962e-06 1.0254251e-12)
(-2.3987168e-05 -3.3564811e-06 9.5219444e-13)
(-2.2485635e-05 -3.3296452e-06 8.8311005e-13)
(-2.0919115e-05 -3.286082e-06 8.1777896e-13)
(-1.9298259e-05 -3.2188496e-06 7.5604312e-13)
(-1.7633774e-05 -3.1298321e-06 6.9803076e-13)
(-1.5936714e-05 -3.0205822e-06 6.4352695e-13)
(-1.4216173e-05 -2.8930753e-06 5.9215131e-13)
(-1.2484584e-05 -2.7545542e-06 5.4378035e-13)
(-1.0751535e-05 -2.6158008e-06 4.977962e-13)
(-9.0254543e-06 -2.478023e-06 4.5231875e-13)
(-7.3144429e-06 -2.4170053e-06 4.0444814e-13)
(-5.6260061e-06 -2.133437e-06 3.2741526e-13)
(-3.9671444e-06 -2.5747898e-06 2.7064981e-13)
(-2.3465772e-06 2.5800805e-07 6.8775777e-14)
(-7.6855363e-07 -2.3452691e-06 7.9258511e-14)
(-3.3046256e-05 -1.9087136e-06 -1.4256077e-12)
(-3.2569552e-05 -2.2423227e-06 -5.3443606e-14)
(-3.1994072e-05 -2.5557459e-06 6.242413e-13)
(-3.1315347e-05 -2.8388145e-06 9.3493414e-13)
(-3.0530472e-05 -3.1395484e-06 1.0647061e-12)
(-2.963795e-05 -3.4354463e-06 1.0943366e-12)
(-2.8638974e-05 -3.6891176e-06 1.0727288e-12)
(-2.7536463e-05 -3.9140275e-06 1.0247139e-12)
(-2.6335211e-05 -4.116857e-06 9.6508471e-13)
(-2.5041551e-05 -4.2941557e-06 9.022227e-13)
(-2.3663223e-05 -4.3824566e-06 8.387889e-13)
(-2.2208648e-05 -4.4280502e-06 7.7770839e-13)
(-2.0687936e-05 -4.476362e-06 7.2000265e-13)
(-1.9110085e-05 -4.4902115e-06 6.6572444e-13)
(-1.7485052e-05 -4.4769488e-06 6.1517319e-13)
(-1.582332e-05 -4.4398733e-06 5.6817442e-13)
(-1.4134435e-05 -4.3823169e-06 5.2441451e-13)
(-1.2428826e-05 -4.3071048e-06 4.8341285e-13)
(-1.0716122e-05 -4.2165583e-06 4.4424778e-13)
(-9.0050154e-06 -4.1137448e-06 4.0512571e-13)
(-7.3040398e-06 -4.0602583e-06 3.6242939e-13)
(-5.6215505e-06 -3.8036806e-06 2.9376581e-13)
(-3.9651577e-06 -4.2050776e-06 2.4420735e-13)
(-2.3448951e-06 -1.5155372e-06 5.6226503e-14)
(-7.6681874e-07 -3.8984285e-06 6.9407423e-14)
(-3.2293949e-05 -2.1528378e-06 -1.6560087e-12)
(-3.1827289e-05 -2.5327725e-06 -3.0152662e-13)
(-3.1266272e-05 -2.904552e-06 3.8958123e-13)
(-3.0606895e-05 -3.2106958e-06 7.1862857e-13)
(-2.984636e-05 -3.5575355e-06 8.666495e-13)
(-2.8983478e-05 -3.9275614e-06 9.1568135e-13)
(-2.8018798e-05 -4.2259459e-06 9.0934188e-13)
(-2.6954611e-05 -4.5031395e-06 8.7846765e-13)
(-2.5794734e-05 -4.7513964e-06 8.3545374e-13)
(-2.4544631e-05 -4.9646294e-06 7.8629748e-13)
(-2.321124e-05 -5.178711e-06 7.347838e-13)
(-2.1801858e-05 -5.3440912e-06 6.8339576e-13)
(-2.0325562e-05 -5.4339763e-06 6.338605e-13)
(-1.8791175e-05 -5.5026677e-06 5.8731424e-13)
(-1.7208225e-05 -5.5463047e-06 5.441144e-13)
(-1.558647e-05 -5.5628054e-06 5.0411415e-13)
(-1.3935052e-05 -5.5555962e-06 4.670394e-13)
(-1.2263502e-05 -5.5240942e-06 4.3231452e-13)
(-1.0581231e-05 -5.4682526e-06 3.9890644e-13)
(-8.8974012e-06 -5.3912353e-06 3.652767e-13)
(-7.2208374e-06 -5.3487031e-06 3.2808942e-13)
(-5.5599313e-06 -5.1165944e-06 2.6721277e-13)
(-3.922579e-06 -5.4804698e-06 2.2355828e-13)
(-2.3192998e-06 -2.929977e-06 4.8241552e-14)
(-7.5751132e-07 -5.1121968e-06 6.2588659e-14)
(-3.1471534e-05 -2.3317363e-06 -1.9145415e-12)
(-3.1013458e-05 -2.740669e-06 -5.6881701e-13)
(-3.0464856e-05 -3.1440866e-06 1.4463702e-13)
(-2.9822231e-05 -3.5189652e-06 5.049571e-13)
(-2.9082999e-05 -3.8969808e-06 6.7122102e-13)
(-2.8246444e-05 -4.2791371e-06 7.3728284e-13)
(-2.7312668e-05 -4.6265941e-06 7.5215423e-13)
(-2.6283515e-05 -4.9469291e-06 7.3976096e-13)
(-2.516225e-05 -5.2387358e-06 7.1259108e-13)
(-2.3953487e-05 -5.501497e-06 6.7665413e-13)
(-2.2663063e-05 -5.7452973e-06 6.3623382e-13)
(-2.1298353e-05 -5.9593011e-06 5.9483104e-13)
(-1.9866824e-05 -6.1315049e-06 5.5449424e-13)
(-1.8377213e-05 -6.2581694e-06 5.1606127e-13)
(-1.6838529e-05 -6.3398747e-06 4.8007341e-13)
(-1.5259814e-05 -6.3946616e-06 4.4658457e-13)
(-1.3650198e-05 -6.4240652e-06 4.1540547e-13)
(-1.2018807e-05 -6.4213327e-06 3.8596979e-13)
(-1.0374793e-05 -6.389515e-06 3.5736929e-13)
(-8.7272843e-06 -6.3329438e-06 3.2837781e-13)
(-7.0851354e-06 -6.2956184e-06 2.9558587e-13)
(-5.4567682e-06 -6.0776611e-06 2.4123692e-13)
(-3.8502632e-06 -6.4084543e-06 2.0342514e-13)
(-2.2761843e-06 -4.0073937e-06 4.0676561e-14)
(-7.4244128e-07 -5.9829254e-06 5.5504427e-14)
(-3.0599517e-05 -2.4446222e-06 -2.1723769e-12)
(-3.0149172e-05 -2.8780355e-06 -8.247104e-13)
(-2.9611691e-05 -3.3019565e-06 -9.2257454e-14)
(-2.8984135e-05 -3.7163608e-06 2.9556196e-13)
(-2.8264445e-05 -4.1224971e-06 4.896587e-13)
(-2.7451804e-05 -4.5156736e-06 5.7605454e-13)
(-2.6546328e-05 -4.8897462e-06 6.0863093e-13)
(-2.5549622e-05 -5.2407719e-06 6.1338093e-13)
(-2.4464594e-05 -5.566006e-06 6.0045851e-13)
(-2.3295334e-05 -5.8614051e-06 5.7618966e-13)
(-2.2047062e-05 -6.1258452e-06 5.4612334e-13)
(-2.0726199e-05 -6.3620746e-06 5.1457993e-13)
(-1.9339869e-05 -6.5647217e-06 4.8313765e-13)
(-1.7896149e-05 -6.7297024e-06 4.5241796e-13)
(-1.640349e-05 -6.8632193e-06 4.2298846e-13)
(-1.4870582e-05 -6.9580805e-06 3.9496843e-13)
(-1.3306359e-05 -7.0082221e-06 3.684898e-13)
(-1.1719655e-05 -7.0227093e-06 3.4324018e-13)
(-1.0119391e-05 -7.0088024e-06 3.1851203e-13)
(-8.5144671e-06 -6.9683913e-06 2.9323909e-13)
(-6.9135943e-06 -6.9316451e-06 2.6396819e-13)
(-5.325249e-06 -6.7276757e-06 2.1576267e-13)
(-3.757545e-06 -7.0274967e-06 1.836216e-13)
(-2.2209744e-06 -4.7896323e-06 3.4120748e-14)
(-7.2348792e-07 -6.5667703e-06 4.9294992e-14)
(-2.9698892e-05 -2.5072019e-06 -2.3892909e-12)
(-2.9255892e-05 -2.9533487e-06 -1.0454163e-12)
(-2.872885e-05 -3.390732e-06 -3.0157893e-13)
(-2.8115354e-05 -3.8139772e-06 1.0143745e-13)
(-2.7413736e-05 -4.2207821e-06 3.1904412e-13)
(-2.6623325e-05 -4.629837e-06 4.3221321e-13)
(-2.5744169e-05 -5.0242181e-06 4.8298177e-13)
(-2.4777831e-05 -5.3886714e-06 5.0129388e-13)
(-2.3726978e-05 -5.7303609e-06 5.0106398e-13)
(-2.2595386e-05 -6.0418903e-06 4.8831476e-13)
(-2.1387879e-05 -6.3228068e-06 4.6875013e-13)
(-2.0110277e-05 -6.5741774e-06 4.4583533e-13)
(-1.8769189e-05 -6.7939688e-06 4.2165367e-13)
(-1.7371996e-05 -6.979014e-06 3.9725611e-13)
(-1.5926636e-05 -7.1291873e-06 3.7301848e-13)
(-1.4441456e-05 -7.2399686e-06 3.492848e-13)
(-1.2924985e-05 -7.3158389e-06 3.2648992e-13)
(-1.138585e-05 -7.3588146e-06 3.0454422e-13)
(-9.8327453e-06 -7.3612209e-06 2.8296312e-13)
(-8.2743465e-06 -7.3286668e-06 2.6084297e-13)
(-6.7192053e-06 -7.2908824e-06 2.3492543e-13)
(-5.1757238e-06 -7.1043683e-06 1.9292878e-13)
(-3.6519169e-06 -7.3736728e-06 1.6542396e-13)
(-2.1580603e-06 -5.3113819e-06 2.938577e-14)
(-7.0217125e-07 -6.9046899e-06 4.5410273e-14)
(-2.8790569e-05 -2.5122921e-06 -2.5712368e-12)
(-2.8354787e-05 -2.9583229e-06 -1.2380758e-12)
(-2.7837825e-05 -3.397531e-06 -4.8661407e-13)
(-2.7237733e-05 -3.8236236e-06 -7.0626225e-14)
(-2.6553164e-05 -4.219506e-06 1.6462564e-13)
(-2.5783551e-05 -4.6296893e-06 2.9902675e-13)
(-2.4929248e-05 -5.0384128e-06 3.6891095e-13)
(-2.3991625e-05 -5.4006652e-06 4.0049726e-13)
(-2.29732e-05 -5.7398181e-06 4.1087237e-13)
(-2.1877513e-05 -6.0571094e-06 4.0889851e-13)
(-2.0709134e-05 -6.3459183e-06 3.9886366e-13)
(-1.9473498e-05 -6.6059948e-06 3.8390279e-13)
(-1.8176791e-05 -6.834255e-06 3.6608599e-13)
(-1.6825834e-05 -7.0263605e-06 3.4665676e-13)
(-1.5428033e-05 -7.183233e-06 3.2669263e-13)
(-1.3991254e-05 -7.3046297e-06 3.0688158e-13)
(-1.2523643e-05 -7.3918669e-06 2.8758246e-13)
(-1.1033574e-05 -7.443497e-06 2.6880832e-13)
(-9.5294709e-06 -7.4554041e-06 2.502474e-13)
(-8.0197466e-06 -7.4313529e-06 2.3110728e-13)
(-6.5127827e-06 -7.393623e-06 2.0841715e-13)
(-5.0168166e-06 -7.2224232e-06 1.7186354e-13)
(-3.5397138e-06 -7.461147e-06 1.4722282e-13)
(-2.0912734e-06 -5.5803756e-06 2.3450415e-14)
(-6.7960018e-07 -6.9926194e-06 3.9765747e-14)
(-2.7894834e-05 -2.4586612e-06 -2.7357938e-12)
(-2.7466235e-05 -2.8939226e-06 -1.4130268e-12)
(-2.6959105e-05 -3.3227639e-06 -6.5445847e-13)
(-2.6371894e-05 -3.7383691e-06 -2.2470002e-13)
(-2.5703544e-05 -4.1305925e-06 1.9913194e-14)
(-2.4953636e-05 -4.5281778e-06 1.6603803e-13)
(-2.4122852e-05 -4.9222982e-06 2.5270223e-13)
(-2.321245e-05 -5.2813867e-06 2.9927858e-13)
(-2.2224803e-05 -5.6177901e-06 3.2185554e-13)
(-2.116329e-05 -5.9314016e-06 3.2955408e-13)
(-2.0032226e-05 -6.2175199e-06 3.2754629e-13)
(-1.8836734e-05 -6.4722643e-06 3.1929493e-13)
(-1.7582681e-05 -6.6948382e-06 3.0732917e-13)
(-1.6276501e-05 -6.8874108e-06 2.935397e-13)
(-1.4925175e-05 -7.0465797e-06 2.7868161e-13)
(-1.3536132e-05 -7.1710558e-06 2.6340881e-13)
(-1.2117127e-05 -7.2613087e-06 2.4816998e-13)
(-1.0676176e-05 -7.3158853e-06 2.331037e-13)
(-9.2213939e-06 -7.3323046e-06 2.1797331e-13)
(-7.760928e-06 -7.3135011e-06 2.0205188e-13)
(-6.3029084e-06 -7.2773349e-06 1.827625e-13)
(-4.8553251e-06 -7.1208464e-06 1.5120279e-13)
(-3.4258631e-06 -7.3294756e-06 1.2950293e-13)
(-2.0235904e-06 -5.6293051e-06 1.8337205e-14)
(-6.5672836e-07 -6.8710821e-06 3.4534525e-14)
(-2.7030751e-05 -2.3481815e-06 -2.9150622e-12)
(-2.6609286e-05 -2.7637838e-06 -1.5941053e-12)
(-2.611172e-05 -3.172456e-06 -8.2629763e-13)
(-2.5536856e-05 -3.5712364e-06 -3.8072436e-13)
(-2.4883906e-05 -3.9528242e-06 -1.2409006e-13)
(-2.4152738e-05 -4.3260147e-06 2.9393094e-14)
(-2.3344068e-05 -4.693537e-06 1.2697003e-13)
(-2.2459271e-05 -5.0416077e-06 1.8775234e-13)
(-2.1500625e-05 -5.3658541e-06 2.2269198e-13)
(-2.0471358e-05 -5.6654798e-06 2.4034963e-13)
(-1.9375533e-05 -5.9405272e-06 2.4693484e-13)
(-1.8218023e-05 -6.1857496e-06 2.4635837e-13)
(-1.7004355e-05 -6.4000497e-06 2.4159994e-13)
(-1.5740701e-05 -6.586124e-06 2.3448399e-13)
(-1.4433726e-05 -6.7408203e-06 2.2572308e-13)
(-1.3090507e-05 -6.8626377e-06 2.1596522e-13)
(-1.1718448e-05 -6.9493682e-06 2.0555708e-13)
(-1.0325208e-05 -7.0010656e-06 1.9479376e-13)
(-8.9185779e-06 -7.018912e-06 1.8367579e-13)
(-7.5063996e-06 -7.0034214e-06 1.7146279e-13)
(-6.096504e-06 -6.9691057e-06 1.5599453e-13)
(-4.6965987e-06 -6.8263517e-06 1.2935367e-13)
(-3.3141228e-06 -7.0094533e-06 1.1128822e-13)
(-1.9571655e-06 -5.4927604e-06 1.3430102e-14)
(-6.3430772e-07 -6.5726722e-06 2.9317139e-14)
(-2.6215572e-05 -2.1868477e-06 -3.1242887e-12)
(-2.5801092e-05 -2.5719128e-06 -1.7983037e-12)
(-2.5312727e-05 -2.9523179e-06 -1.0179648e-12)
(-2.4749594e-05 -3.3248317e-06 -5.5646096e-13)
(-2.4111181e-05 -3.6855859e-06 -2.8157563e-13)
(-2.3397558e-05 -4.0312921e-06 -1.1429072e-13)
(-2.2609532e-05 -4.3650414e-06 -8.237375e-15)
(-2.1748535e-05 -4.6877377e-06 6.2831289e-14)
(-2.0816851e-05 -4.991813e-06 1.1019091e-13)
(-1.9817565e-05 -5.2728907e-06 1.3945566e-13)
(-1.8754547e-05 -5.5274374e-06 1.562564e-13)
(-1.7632424e-05 -5.7571522e-06 1.6533761e-13)
(-1.6456461e-05 -5.961164e-06 1.6929951e-13)
(-1.523256e-05 -6.1349922e-06 1.6952611e-13)
(-1.3967107e-05 -6.2789823e-06 1.6735682e-13)
(-1.2666896e-05 -6.3925786e-06 1.6358871e-13)
(-1.1339034e-05 -6.4743921e-06 1.5866224e-13)
(-9.9908628e-06 -6.5239519e-06 1.5282921e-13)
(-8.6298691e-06 -6.5414378e-06 1.4610228e-13)
(-7.2636013e-06 -6.5265306e-06 1.3790039e-13)
(-5.8995918e-06 -6.4948425e-06 1.2669737e-13)
(-4.5452798e-06 -6.3645397e-06 1.0504188e-13)
(-3.2078686e-06 -6.5242111e-06 9.1198032e-14)
(-1.8939152e-06 -5.1922452e-06 7.3023646e-15)
(-6.127943e-07 -6.1207207e-06 2.3420185e-14)
(-2.5464422e-05 -1.9774833e-06 -3.3637272e-12)
(-2.505664e-05 -2.325316e-06 -2.0249329e-12)
(-2.4576975e-05 -2.6678474e-06 -1.2287539e-12)
(-2.4024815e-05 -3.0032301e-06 -7.5017225e-13)
(-2.339989e-05 -3.3317783e-06 -4.5561832e-13)
(-2.2702454e-05 -3.6439927e-06 -2.690293e-13)
(-2.1933454e-05 -3.9453042e-06 -1.4839519e-13)
(-2.1094242e-05 -4.2355148e-06 -6.7655652e-14)
(-2.0187186e-05 -4.5065683e-06 -1.0381445e-14)
(-1.9215273e-05 -4.7604148e-06 3.0511771e-14)
(-1.8182227e-05 -4.9924688e-06 5.8896292e-14)
(-1.7092453e-05 -5.2020422e-06 7.8414661e-14)
(-1.5951023e-05 -5.3872706e-06 9.1433837e-14)
(-1.4763569e-05 -5.545853e-06 9.9630875e-14)
(-1.3536222e-05 -5.6763571e-06 1.0428948e-13)
(-1.2275511e-05 -5.7785245e-06 1.0654053e-13)
(-1.0988282e-05 -5.8527665e-06 1.0711873e-13)
(-9.6816089e-06 -5.8982399e-06 1.0628834e-13)
(-8.3627117e-06 -5.9141981e-06 1.0410448e-13)
(-7.0388807e-06 -5.9001819e-06 1.0019465e-13)
(-5.717396e-06 -5.8723282e-06 9.3606332e-14)
(-4.4054647e-06 -5.7535036e-06 7.7136777e-14)
(-3.1101304e-06 -5.8905017e-06 6.7845241e-14)
(-1.8356066e-06 -4.7405888e-06 -1.878781e-15)
(-5.9264362e-07 -5.5234425e-06 1.5231831e-14)
(-2.4790959e-05 -1.7193245e-06 -3.637776e-12)
(-2.4389421e-05 -2.0220779e-06 -2.2762221e-12)
(-2.3917777e-05 -2.3211623e-06 -1.4569429e-12)
(-2.337565e-05 -2.6159858e-06 -9.5549849e-13)
(-2.2762984e-05 -2.9009868e-06 -6.3984125e-13)
(-2.2080185e-05 -3.1663791e-06 -4.3436339e-13)
(-2.132819e-05 -3.4322544e-06 -2.9656748e-13)
(-2.0508555e-05 -3.6911678e-06 -2.0159002e-13)
(-1.9623525e-05 -3.9250081e-06 -1.3322051e-13)
(-1.8676036e-05 -4.1429578e-06 -8.2573431e-14)
(-1.7669707e-05 -4.344689e-06 -4.4130879e-14)
(-1.6608803e-05 -4.5283376e-06 -1.4752255e-14)
(-1.54982e-05 -4.6903359e-06 7.2295771e-15)
(-1.4343314e-05 -4.8291247e-06 2.3374139e-14)
(-1.3150041e-05 -4.9440469e-06 3.5201746e-14)
(-1.1924671e-05 -5.0341759e-06 4.385037e-14)
(-1.0673814e-05 -5.0987078e-06 5.0003063e-14)
(-9.4043047e-06 -5.1378401e-06 5.4208523e-14)
(-8.1231424e-06 -5.1514405e-06 5.6732587e-14)
(-6.8373996e-06 -5.1391466e-06 5.7406193e-14)
(-5.5541579e-06 -5.1160517e-06 5.5637247e-14)
(-4.2804429e-06 -5.01119e-06 4.4909705e-14)
(-3.0232809e-06 -5.1274915e-06 4.0571149e-14)
(-1.783662e-06 -4.1597162e-06 -1.4490947e-14)
(-5.7428463e-07 -4.809523e-06 5.1087287e-15)
(-2.4209336e-05 -1.4167926e-06 -3.9398048e-12)
(-2.3813361e-05 -1.6675277e-06 -2.548019e-12)
(-2.3348808e-05 -1.9151908e-06 -1.7019258e-12)
(-2.2815497e-05 -2.1586603e-06 -1.1763699e-12)
(-2.2213541e-05 -2.3943559e-06 -8.3826744e-13)
(-2.1543451e-05 -2.6193783e-06 -6.1286599e-13)
(-2.0806163e-05 -2.84069e-06 -4.5644489e-13)
(-2.0003455e-05 -3.0544696e-06 -3.4464011e-13)
(-1.9137454e-05 -3.2521692e-06 -2.6256925e-13)
(-1.821103e-05 -3.4340422e-06 -2.0068111e-13)
(-1.7227714e-05 -3.5989782e-06 -1.5335088e-13)
(-1.6191662e-05 -3.7489464e-06 -1.1581433e-13)
(-1.5107597e-05 -3.883563e-06 -8.5376629e-14)
(-1.3980765e-05 -3.9996178e-06 -6.1052892e-14)
(-1.2816856e-05 -4.0956288e-06 -4.1695607e-14)
(-1.1621959e-05 -4.1712111e-06 -2.6205005e-14)
(-1.0402476e-05 -4.2262403e-06 -1.3769454e-14)
(-9.1650422e-06 -4.2595809e-06 -3.9044026e-15)
(-7.9164544e-06 -4.2708656e-06 3.7743264e-15)
(-6.6636119e-06 -4.2608794e-06 9.3912031e-15)
(-5.4134414e-06 -4.2425087e-06 1.2598172e-14)
(-4.1728304e-06 -4.1548409e-06 8.1062976e-15)
(-2.9489403e-06 -4.250774e-06 9.0575213e-15)
(-1.7391346e-06 -3.46297e-06 -3.0936844e-14)
(-5.5818657e-07 -3.9876812e-06 -7.7286411e-15)
(-2.3735018e-05 -1.0905119e-06 -4.1965202e-12)
(-2.3343654e-05 -1.2830496e-06 -2.7941105e-12)
(-2.2884949e-05 -1.4712865e-06 -1.9362614e-12)
(-2.2358864e-05 -1.6549683e-06 -1.3966712e-12)
(-2.1765628e-05 -1.833891e-06 -1.042419e-12)
(-2.1105842e-05 -2.007633e-06 -7.9989898e-13)
(-2.0380592e-05 -2.1764428e-06 -6.2680181e-13)
(-1.9591594e-05 -2.3401613e-06 -4.9914767e-13)
(-1.8741037e-05 -2.4962361e-06 -4.0242075e-13)
(-1.7831759e-05 -2.640296e-06 -3.2738086e-13)
(-1.6867181e-05 -2.7699422e-06 -2.6846702e-13)
(-1.5851353e-05 -2.8857153e-06 -2.2136852e-13)
(-1.4788882e-05 -2.9880758e-06 -1.8287685e-13)
(-1.3684879e-05 -3.0776648e-06 -1.5060098e-13)
(-1.254489e-05 -3.1537721e-06 -1.2335365e-13)
(-1.1374831e-05 -3.2139708e-06 -1.0067013e-13)
(-1.0180935e-05 -3.2575885e-06 -8.1770942e-14)
(-8.9696767e-06 -3.2850397e-06 -6.589067e-14)
(-7.7476816e-06 -3.2953957e-06 -5.262228e-14)
(-6.5216949e-06 -3.288707e-06 -4.1795324e-14)
(-5.2985112e-06 -3.2744226e-06 -3.3569595e-14)
(-4.0849153e-06 -3.2072485e-06 -3.1593664e-14)
(-2.8882111e-06 -3.2831056e-06 -2.526985e-14)
(-1.7027512e-06 -2.6729759e-06 -4.9990434e-14)
(-5.4504382e-07 -3.0799268e-06 -2.2566781e-14)
(-2.3392349e-05 -7.4374689e-07 -4.3021864e-12)
(-2.3004131e-05 -8.7467277e-07 -2.9395197e-12)
(-2.2549446e-05 -1.0026584e-06 -2.0974703e-12)
(-2.202835e-05 -1.1276837e-06 -1.5593898e-12)
(-2.1441166e-05 -1.2496581e-06 -1.199896e-12)
(-2.0788585e-05 -1.3677038e-06 -9.4891648e-13)
(-2.0071773e-05 -1.4800265e-06 -7.6688358e-13)
(-1.9292439e-05 -1.5890428e-06 -6.2993977e-13)
(-1.845282e-05 -1.6933913e-06 -5.2368724e-13)
(-1.7555738e-05 -1.7923851e-06 -4.388141e-13)
(-1.6604577e-05 -1.885325e-06 -3.6978887e-13)
(-1.5603295e-05 -1.9686657e-06 -3.1333032e-13)
(-1.4556402e-05 -2.0415203e-06 -2.6692829e-13)
(-1.3468901e-05 -2.1037164e-06 -2.2823088e-13)
(-1.2346236e-05 -2.1568453e-06 -1.9513003e-13)
(-1.1194211e-05 -2.200154e-06 -1.6663933e-13)
(-1.001893e-05 -2.2320762e-06 -1.4224165e-13)
(-8.8267355e-06 -2.2529249e-06 -1.2127563e-13)
(-7.6241381e-06 -2.2620341e-06 -1.0325155e-13)
(-6.4177353e-06 -2.2593112e-06 -8.7911686e-14)
(-5.2141981e-06 -2.2504115e-06 -7.524318e-14)
(-4.0201986e-06 -2.2047851e-06 -6.7550876e-14)
(-2.8429536e-06 -2.2607105e-06 -5.675019e-14)
(-1.6756804e-06 -1.8294014e-06 -6.6941106e-14)
(-5.3585773e-07 -2.125152e-06 -3.6351942e-14)
(-2.3213888e-05 -3.9224544e-07 -3.9718424e-12)
(-2.282674e-05 -4.619985e-07 -2.7710481e-12)
(-2.2373534e-05 -5.3117876e-07 -2.0189969e-12)
(-2.185441e-05 -5.9936757e-07 -1.5302189e-12)
(-2.1269769e-05 -6.6608131e-07 -1.1985467e-12)
(-2.0620375e-05 -7.3072832e-07 -9.6318077e-13)
(-1.9907441e-05 -7.9250402e-07 -7.8960982e-13)
(-1.9132682e-05 -8.5054099e-07 -6.5768192e-13)
(-1.8298369e-05 -9.0496472e-07 -5.5479982e-13)
(-1.7407305e-05 -9.5774223e-07 -4.7196338e-13)
(-1.6462899e-05 -1.0074478e-06 -4.0406158e-13)
(-1.5469068e-05 -1.0528037e-06 -3.4759452e-13)
(-1.4430273e-05 -1.0944043e-06 -3.0015726e-13)
(-1.3351449e-05 -1.1309309e-06 -2.6012663e-13)
(-1.2237972e-05 -1.1616782e-06 -2.2599768e-13)
(-1.1095585e-05 -1.1869633e-06 -1.9647346e-13)
(-9.9303216e-06 -1.2065881e-06 -1.7068567e-13)
(-8.7484391e-06 -1.2192682e-06 -1.4824311e-13)
(-7.5563628e-06 -1.2254701e-06 -1.286657e-13)
(-6.3605966e-06 -1.2256741e-06 -1.1169123e-13)
(-5.1676913e-06 -1.2233527e-06 -9.7096985e-14)
(-3.9841498e-06 -1.1988726e-06 -8.6297043e-14)
(-2.8168065e-06 -1.2351046e-06 -7.3653735e-14)
(-1.6604152e-06 -9.7929851e-07 -7.2847974e-14)
(-5.3150507e-07 -1.1622529e-06 -4.3993758e-14)
(-2.322018e-05 -6.908665e-08 -2.7344814e-12)
(-2.2831243e-05 -8.2371507e-08 -1.9319927e-12)
(-2.2376114e-05 -9.6279223e-08 -1.4255587e-12)
(-2.1855007e-05 -1.1038425e-07 -1.0926854e-12)
(-2.1268394e-05 -1.2451448e-07 -8.6410913e-13)
(-2.0617106e-05 -1.3860481e-07 -6.9984122e-13)
(-1.9902408e-05 -1.5234438e-07 -5.7737774e-13)
(-1.9126055e-05 -1.6477156e-07 -4.8386289e-13)
(-1.8290331e-05 -1.7622676e-07 -4.1138345e-13)
(-1.7398084e-05 -1.8568794e-07 -3.5222229e-13)
(-1.6452716e-05 -1.939934e-07 -3.0431394e-13)
(-1.5458193e-05 -2.0325534e-07 -2.6374216e-13)
(-1.4418977e-05 -2.121279e-07 -2.295045e-13)
(-1.3340014e-05 -2.2069241e-07 -2.0040432e-13)
(-1.2226663e-05 -2.2877142e-07 -1.7522399e-13)
(-1.108465e-05 -2.3526495e-07 -1.5365049e-13)
(-9.9199894e-06 -2.4122164e-07 -1.3446675e-13)
(-8.738916e-06 -2.4561288e-07 -1.1758561e-13)
(-7.5478066e-06 -2.4912357e-07 -1.0255796e-13)
(-6.35313e-06 -2.5054347e-07 -8.9664295e-14)
(-5.1613428e-06 -2.524247e-07 -7.8368505e-14)
(-3.9787721e-06 -2.453441e-07 -6.9410357e-14)
(-2.81169e-06 -2.6243689e-07 -5.9924883e-14)
(-1.6579622e-06 -1.7309342e-07 -5.5110146e-14)
(-5.3195134e-07 -2.4340918e-07 -3.6811284e-14)
)
;

boundaryField
{
    Walls
    {
        type            noSlip;
    }
    Inlet
    {
        type            pressureInletVelocity;
        value           nonuniform List<vector> 3((1.4418885 -0 -0) (1.4628689 -0 -0) (1.6119701 -0 -0));
    }
    Outlet
    {
        type            pressureInletOutletVelocity;
        value           nonuniform List<vector> 
86
(
(-2.4059719e-05 0 0)
(-2.4098591e-05 0 0)
(-2.3987223e-05 0 0)
(-2.3798947e-05 0 0)
(-2.3542828e-05 0 0)
(-2.322018e-05 0 0)
(-2.2831243e-05 1.5842357e-19 2.7929257e-19)
(-2.2376114e-05 -1.5526548e-19 2.3722835e-19)
(-2.1855007e-05 0 0)
(-2.1268394e-05 0 0)
(-2.0617106e-05 0 0)
(-1.9902408e-05 0 0)
(-1.9126055e-05 -1.3271367e-19 -1.2166302e-19)
(-1.8290331e-05 1.2691467e-19 -1.0772859e-19)
(-1.7398084e-05 0 0)
(-1.6452716e-05 0 0)
(-1.5458193e-05 0 0)
(-1.4418977e-05 0 0)
(-1.3340014e-05 0 0)
(-1.2226663e-05 0 0)
(-1.108465e-05 0 0)
(-9.9199894e-06 0 0)
(-8.738916e-06 0 0)
(-7.5478066e-06 0 0)
(-6.35313e-06 0 0)
(-5.1613428e-06 0 0)
(-3.9787721e-06 0 0)
(-2.81169e-06 3.9020037e-20 0)
(-1.6579622e-06 -2.3008847e-20 0)
(-5.3195134e-07 0 0)
(-1.2571395e-06 0.10899185 -9.1118833e-08)
(5.9555236e-05 0.073287991 -7.4201611e-08)
(1.4358375e-05 0.017973733 -3.842425e-08)
(0 -0.010350952 0)
(0 -0.011881828 0)
(0 -0.0046712268 0)
(0 -0.00070108013 0)
(-2.6472934e-06 0.00018930503 1.1236549e-10)
(-2.7142801e-06 2.5571726e-05 2.5227937e-11)
(0 -0.00017886748 0)
(0 -0.0002057977 0)
(0 -0.00015018731 0)
(0 -8.2232174e-05 0)
(0 -3.3277807e-05 0)
(0 -4.2004322e-06 0)
(1.2546767e-06 1.1769692e-05 -5.2802517e-14)
(1.408025e-06 2.0566354e-05 -7.2569557e-15)
(1.2718341e-06 2.7079831e-05 2.7201183e-13)
(1.0824639e-06 3.1794661e-05 4.8735537e-13)
(8.8597015e-07 3.5034786e-05 5.3749189e-13)
(6.8894276e-07 3.6074407e-05 4.8316387e-13)
(5.1817995e-07 3.5517216e-05 3.9031306e-13)
(3.2997876e-07 3.3099877e-05 3.2112222e-13)
(1.1084888e-07 2.9952622e-05 2.6804986e-13)
(-8.9846279e-08 2.6193772e-05 2.4038103e-13)
(-2.5749754e-07 2.226034e-05 2.1634898e-13)
(-3.9674192e-07 1.845918e-05 1.9208865e-13)
(-5.0827254e-07 1.4818654e-05 1.7606842e-13)
(-5.8815759e-07 1.0974404e-05 1.6482864e-13)
(-6.5403098e-07 7.4774223e-06 1.5673833e-13)
(-7.1051292e-07 4.4670068e-06 1.3769564e-13)
(-7.4356421e-07 1.832379e-06 1.1740431e-13)
(-7.6075897e-07 -4.2758592e-07 9.5428119e-14)
(0 -2.3452691e-06 0)
(0 -3.8984285e-06 0)
(0 -5.1121968e-06 0)
(0 -5.9829254e-06 0)
(0 -6.5667703e-06 0)
(0 -6.9046899e-06 0)
(0 -6.9926194e-06 0)
(0 -6.8710821e-06 0)
(0 -6.5726722e-06 0)
(0 -6.1207207e-06 0)
(0 -5.5234425e-06 0)
(0 -4.809523e-06 0)
(0 -3.9876812e-06 0)
(0 -3.0799268e-06 0)
(0 -2.125152e-06 0)
(0 -1.1622529e-06 0)
(0 -2.4340918e-07 0)
(0 -0.00041241498 0)
(0 -0.0034737144 0)
(0 -0.010288437 0)
(0 -0.010585941 0)
(-8.8391854e-06 0.014530344 -3.6563125e-08)
(-5.771899e-05 0.069355677 -7.259058e-08)
)
;
    }
    Front
    {
        type            wedge;
    }
    Back
    {
        type            wedge;
    }
    defaultFaces
    {
        type            empty;
    }
}


// ************************************************************************* //
