/*--------------------------------*- C++ -*----------------------------------*\
| =========                 |                                                 |
| \\      /  F ield         | OpenFOAM: The Open Source CFD Toolbox           |
|  \\    /   O peration     | Version:  4.0                                   |
|   \\  /    A nd           | Web:      www.OpenFOAM.org                      |
|    \\/     M anipulation  |                                                 |
\*---------------------------------------------------------------------------*/
FoamFile
{
    version     2.0;
    format      ascii;
    class       volVectorField;
    location    "0.64";
    object      U;
}
// * * * * * * * * * * * * * * * * * * * * * * * * * * * * * * * * * * * * * //

dimensions      [0 1 -1 0 0 0 0];

internalField   nonuniform List<vector> 
1740
(
(1.462367 -0.0039849774 4.7164083e-06)
(1.5378139 -0.00712059 6.6009675e-07)
(1.5909848 -0.0036251892 3.1525958e-08)
(1.4973198 -0.017177165 8.2542295e-06)
(1.6113857 -0.022631841 1.7228553e-06)
(1.5984786 -0.010523626 3.0307879e-07)
(1.5311947 -0.020529022 1.1251682e-05)
(1.5112721 -0.015800573 2.5240795e-06)
(1.5011022 -0.0059586804 4.5403341e-07)
(1.6102799 -0.0021826116 1.3044089e-05)
(1.5071852 -0.0085158374 3.3301571e-06)
(1.5948182 -0.0089853823 5.5206975e-07)
(1.6721465 0.0080435988 1.4724608e-05)
(1.5714964 -0.0015902478 4.0836879e-06)
(1.6021735 -0.0086935312 7.8639236e-07)
(1.5853456 -0.0031028977 1.6348366e-05)
(1.5913827 -0.0080520295 5.0503537e-06)
(1.5274618 -0.0055826402 9.7070477e-07)
(1.6307607 -0.0054039063 1.7379372e-05)
(1.5479778 -0.0083681389 5.9148323e-06)
(1.5409614 -0.0067029913 1.1262488e-06)
(1.5933395 0.011643914 1.796537e-05)
(1.6028429 0.0056058756 6.4984327e-06)
(1.4919658 -0.0046577071 1.34629e-06)
(1.5359332 0.0072459394 1.825831e-05)
(1.6681106 0.019432916 7.1449615e-06)
(1.5471831 0.007247784 1.5231059e-06)
(1.5596215 0.0053493248 1.9041781e-05)
(1.5596192 0.011667798 7.7898202e-06)
(1.559864 0.0054335148 1.7187281e-06)
(1.5000511 0.0078601759 1.9672956e-05)
(1.6027278 0.011433814 8.2682992e-06)
(1.5416386 0.0015339659 1.9077667e-06)
(1.5030112 -0.0096940903 1.9875662e-05)
(1.6104369 0.0017526912 8.9021146e-06)
(1.5799558 0.003995201 2.1374244e-06)
(1.4979313 -0.011406249 1.9872867e-05)
(1.4905867 -0.0055280787 9.3662059e-06)
(1.5098696 -0.0012726682 2.3119167e-06)
(1.5816936 -0.0023867087 2.0319335e-05)
(1.5885843 0.0018175228 9.7729412e-06)
(1.5896245 -0.0016892535 2.4788355e-06)
(1.5712228 -0.00089846123 2.1035642e-05)
(1.5858848 0.017237874 1.0378626e-05)
(1.5894752 0.011856031 2.6608462e-06)
(1.4926215 -0.004240738 2.1274467e-05)
(1.4889018 0.012301945 1.0804685e-05)
(1.5799789 0.0088959874 2.8498704e-06)
(1.5139042 -0.016814948 2.122241e-05)
(1.5208379 -0.022245972 1.1230968e-05)
(1.6034811 -0.0085162276 3.0648406e-06)
(1.6006249 -0.0025442225 2.0916641e-05)
(1.5300942 -0.016332127 1.1546564e-05)
(1.543047 -0.012346005 3.1716218e-06)
(1.5702495 0.022876395 2.105405e-05)
(1.5978259 0.016457965 1.1941859e-05)
(1.5363952 0.0018030336 3.4261229e-06)
(1.4698877 0.011485927 2.1211267e-05)
(1.5733403 0.015026181 1.2326319e-05)
(1.5822333 0.0060730324 3.5780655e-06)
(1.5049673 -0.0019664248 2.1291295e-05)
(1.513509 -0.0077537523 1.2653476e-05)
(1.5956501 -0.0035353762 3.7469144e-06)
(1.5083398 0.013623745 2.1832827e-05)
(1.5361164 0.0070043846 1.2963552e-05)
(1.5403057 -0.0023298781 3.9253622e-06)
(1.4658529 0.016864037 2.2317407e-05)
(1.5779639 0.016526328 1.3405909e-05)
(1.5899293 0.0027104041 4.0648915e-06)
(1.422595 -0.0072844572 2.2271257e-05)
(1.6293922 -0.006858725 1.3801805e-05)
(1.622189 0.0012042514 4.2127223e-06)
(1.5162947 -0.023503738 2.2052549e-05)
(1.5203884 -0.022253096 1.4165333e-05)
(1.5942957 -0.0043883414 4.3761287e-06)
(1.5469034 -0.012781688 2.2275991e-05)
(1.4700729 -0.024103834 1.4359727e-05)
(1.5251781 -0.011065083 4.5632549e-06)
(1.5280899 -0.0038899205 2.2294178e-05)
(1.552857 -0.02123157 1.4601453e-05)
(1.5185392 -0.0087200961 4.7031673e-06)
(1.5811879 -0.011025546 2.2666533e-05)
(1.6269398 -0.011249164 1.4893506e-05)
(1.5026962 -0.008482846 4.8662182e-06)
(1.4452226 0.006267599 2.222721e-05)
(1.5246192 0.0084875093 1.5019674e-05)
(1.4466855 0.0055438824 4.8676497e-06)
(1.2925247 0.035237123 2.3250533e-05)
(1.3196977 0.1098812 1.5646237e-05)
(1.3705368 0.0566842 5.4918477e-06)
(0.8534042 0.37333096 1.1485775e-05)
(0.81745254 0.93660518 9.8988087e-06)
(0.74213353 1.258567 5.3801911e-06)
(0.22436066 0.1124089 1.4449881e-06)
(0.19293311 0.36799195 3.0590382e-06)
(0.088096635 0.50137526 6.9540071e-07)
(-0.026421187 -0.012907877 1.2199739e-06)
(-0.024342339 -0.026453932 1.6681826e-06)
(-0.01774258 -0.030985541 5.6114916e-07)
(-0.0055202027 -0.0027260114 4.4874923e-07)
(-0.0050665175 -0.0071300131 7.1864312e-07)
(-0.0046734669 -0.0096496241 3.1137474e-07)
(-0.0010649222 -6.6469049e-05 1.1739477e-07)
(-0.00086534644 -0.00047846646 2.3067241e-07)
(-0.00084137648 -0.0009476415 8.7099559e-08)
(-0.00042160494 -2.2081759e-05 2.1190041e-08)
(-0.00034169345 -5.3319124e-05 4.2170967e-08)
(-0.00022792898 -8.3082421e-05 -2.7147464e-08)
(-0.00030409521 -6.596821e-06 -8.6520832e-09)
(-0.00021227092 1.2294218e-05 -2.5009201e-08)
(-6.5345721e-05 4.3615401e-05 -7.2124238e-08)
(-0.00027400867 7.8484136e-06 -1.7691689e-08)
(-0.00020836436 3.968734e-05 -4.5645083e-08)
(-9.3142955e-05 8.9200599e-05 -8.3074864e-08)
(-0.0002728919 8.48811e-07 -1.7893403e-08)
(-0.00022856802 1.6606736e-05 -4.6564485e-08)
(-0.00014474998 4.7344446e-05 -7.7549178e-08)
(-0.00026161715 -1.1736691e-05 -1.4737168e-08)
(-0.00023097212 -1.5931796e-05 -3.9938958e-08)
(-0.00016994461 -1.3101795e-05 -6.5588914e-08)
(-0.00023140016 -1.9019555e-05 -1.1329999e-08)
(-0.0002096493 -3.9171967e-05 -3.1889815e-08)
(-0.0001650523 -5.4668436e-05 -5.2734038e-08)
(-0.00019206814 -1.8902641e-05 -8.6055944e-09)
(-0.0001763428 -4.1574216e-05 -2.4843106e-08)
(-0.00014352007 -6.0194166e-05 -4.1405664e-08)
(-0.00015571288 -1.4093236e-05 -6.6846227e-09)
(-0.00014414772 -3.1299455e-05 -1.9311685e-08)
(-0.00011963324 -4.6296459e-05 -3.2175966e-08)
(-0.0001274196 -9.1557254e-06 -5.2655715e-09)
(-0.00011877834 -1.9525016e-05 -1.4995464e-08)
(-0.00010022082 -2.8676139e-05 -2.4812955e-08)
(-0.00010719547 -5.4973643e-06 -4.120832e-09)
(-0.00010065042 -1.1016609e-05 -1.1532807e-08)
(-8.6433624e-05 -1.5838374e-05 -1.8921204e-08)
(-9.3423023e-05 -3.4693135e-06 -3.1509651e-09)
(-8.840379e-05 -6.5966432e-06 -8.7123947e-09)
(-7.735822e-05 -9.2116922e-06 -1.4191568e-08)
(-8.3903383e-05 -2.567688e-06 -2.3333423e-09)
(-8.0007497e-05 -4.7478412e-06 -6.4256622e-09)
(-7.130591e-05 -6.7038043e-06 -1.042099e-08)
(-7.6829526e-05 -2.1177251e-06 -1.6740686e-09)
(-7.3774791e-05 -3.9502986e-06 -4.6155549e-09)
(-6.6850616e-05 -5.6929762e-06 -7.4737087e-09)
(-7.1319087e-05 -1.8029431e-06 -1.1693419e-09)
(-6.8904721e-05 -3.4342869e-06 -3.2331324e-09)
(-6.3346661e-05 -4.9526498e-06 -5.2343862e-09)
(-6.7060827e-05 -1.4886725e-06 -8.0133576e-10)
(-6.5139235e-05 -2.8553516e-06 -2.2171693e-09)
(-6.0635645e-05 -4.1345034e-06 -3.5858005e-09)
(-6.3850944e-05 -1.1470094e-06 -5.4315648e-10)
(-6.2311613e-05 -2.1780454e-06 -1.4953774e-09)
(-5.8629801e-05 -3.1673456e-06 -2.4087066e-09)
(-6.1440192e-05 -8.4102346e-07 -3.6611614e-10)
(-6.0202456e-05 -1.5587378e-06 -9.9610313e-10)
(-5.7170018e-05 -2.2635037e-06 -1.5908189e-09)
(-5.9597984e-05 -6.0684021e-07 -2.4578408e-10)
(-5.8603532e-05 -1.1143607e-06 -6.5709672e-10)
(-5.6087884e-05 -1.5898688e-06 -1.0349964e-09)
(-5.8167637e-05 -4.8950011e-07 -1.6424848e-10)
(-5.7367441e-05 -8.2976329e-07 -4.3008532e-10)
(-5.5263893e-05 -1.1737915e-06 -6.6447156e-10)
(-5.7033758e-05 -4.0363589e-07 -1.0991506e-10)
(-5.6385778e-05 -6.572725e-07 -2.8031636e-10)
(-5.4612121e-05 -9.3355739e-07 -4.2197243e-10)
(-5.6089249e-05 -3.4388553e-07 -7.4744564e-11)
(-5.5563297e-05 -5.6667975e-07 -1.8358855e-10)
(-5.4054888e-05 -8.2898087e-07 -2.6632624e-10)
(-5.5243791e-05 -3.2725574e-07 -5.2553743e-11)
(-5.4817435e-05 -5.4325913e-07 -1.2253629e-10)
(-5.3523267e-05 -8.1130155e-07 -1.6858264e-10)
(-5.4430288e-05 -3.2497804e-07 -3.9027224e-11)
(-5.4084592e-05 -5.5967146e-07 -8.470369e-11)
(-5.2964204e-05 -8.5844818e-07 -1.0849884e-10)
(-5.3600909e-05 -3.2791855e-07 -3.116877e-11)
(-5.3320174e-05 -5.8864157e-07 -6.1717502e-11)
(-5.2341065e-05 -9.3697063e-07 -7.2273724e-11)
(-5.272382e-05 -3.4576005e-07 -2.563808e-11)
(-5.2495293e-05 -6.477163e-07 -4.6935505e-11)
(-5.1631519e-05 -1.0422091e-06 -5.0325173e-11)
(-5.1779546e-05 -3.7340046e-07 -2.2216078e-11)
(-5.1593259e-05 -7.33388e-07 -3.7369465e-11)
(-5.0824403e-05 -1.1842939e-06 -3.6978667e-11)
(-5.0758781e-05 -3.9259186e-07 -2.1496121e-11)
(-5.0606964e-05 -7.9617962e-07 -3.2756608e-11)
(-4.9917013e-05 -1.2861314e-06 -2.9908731e-11)
(-4.9660374e-05 -4.1338156e-07 -2.0993803e-11)
(-4.9536616e-05 -8.4283949e-07 -3.0213187e-11)
(-4.8912834e-05 -1.348833e-06 -2.6375436e-11)
(-4.8488966e-05 -4.3356938e-07 -2.1002202e-11)
(-4.8388022e-05 -9.0099785e-07 -2.8637802e-11)
(-4.7820189e-05 -1.453073e-06 -2.4293236e-11)
(-4.7254058e-05 -4.5075207e-07 -2.0911156e-11)
(-4.717176e-05 -9.5458905e-07 -2.7258991e-11)
(-4.6651701e-05 -1.5452748e-06 -2.2919765e-11)
(-4.5969792e-05 -4.6295986e-07 -2.0735883e-11)
(-4.5902733e-05 -9.9517617e-07 -2.5992913e-11)
(-4.5423814e-05 -1.6123762e-06 -2.192903e-11)
(-4.4654861e-05 -4.6867529e-07 -2.0729912e-11)
(-4.4600312e-05 -1.019664e-06 -2.510498e-11)
(-4.4157044e-05 -1.6554858e-06 -2.1306368e-11)
(-4.3332375e-05 -4.654451e-07 -2.0961219e-11)
(-4.3288193e-05 -1.020644e-06 -2.463208e-11)
(-4.2876002e-05 -1.6604415e-06 -2.1082044e-11)
(-4.2026554e-05 -4.510947e-07 -2.1260278e-11)
(-4.1990888e-05 -9.9374321e-07 -2.4319953e-11)
(-4.1605911e-05 -1.6171891e-06 -2.1020711e-11)
(-4.075723e-05 -4.3714178e-07 -2.1405674e-11)
(-4.0728477e-05 -9.6709024e-07 -2.3972011e-11)
(-4.0367362e-05 -1.5739471e-06 -2.0974067e-11)
(-3.9539611e-05 -4.1756465e-07 -2.1546504e-11)
(-3.9516511e-05 -9.2608518e-07 -2.3742307e-11)
(-3.9176279e-05 -1.5036e-06 -2.1037836e-11)
(-3.8388792e-05 -3.8815992e-07 -2.2033187e-11)
(-3.8370319e-05 -8.6244328e-07 -2.3864669e-11)
(-3.8048312e-05 -1.4031784e-06 -2.1222243e-11)
(-3.7321139e-05 -3.5373612e-07 -2.23981e-11)
(-3.7306468e-05 -7.8920455e-07 -2.3907854e-11)
(-3.7000361e-05 -1.2861175e-06 -2.1366207e-11)
(-3.6352162e-05 -3.1633023e-07 -2.2493686e-11)
(-3.634064e-05 -7.0713938e-07 -2.3802988e-11)
(-3.6048331e-05 -1.1510825e-06 -2.145486e-11)
(-3.5495318e-05 -2.7445479e-07 -2.257586e-11)
(-3.5486357e-05 -6.1423919e-07 -2.372926e-11)
(-3.5205804e-05 -9.9878539e-07 -2.1534323e-11)
(-3.4763494e-05 -2.2741333e-07 -2.280048e-11)
(-3.4756552e-05 -5.0854121e-07 -2.3797565e-11)
(-3.4485713e-05 -8.2626312e-07 -2.1591458e-11)
(-3.4171805e-05 -1.7668177e-07 -2.3010513e-11)
(-3.416639e-05 -3.9339776e-07 -2.375499e-11)
(-3.3903226e-05 -6.3813166e-07 -2.1342829e-11)
(-3.3735034e-05 -1.2256483e-07 -2.3014281e-11)
(-3.3730679e-05 -2.7082126e-07 -2.3134134e-11)
(-3.3473137e-05 -4.3920206e-07 -2.026166e-11)
(-3.3503081e-05 -6.5814762e-08 -2.2351049e-11)
(-3.3499516e-05 -1.4544942e-07 -2.0924272e-11)
(-3.324534e-05 -2.3928634e-07 -1.7415145e-11)
(-3.3445773e-05 -1.421969e-08 -1.9459132e-11)
(-3.3442656e-05 -3.0162068e-08 -1.4999076e-11)
(-3.3189727e-05 -5.1483629e-08 -1.1343168e-11)
(-0.046349191 1.9538488 -3.5862239e-07)
(-0.032906459 1.6977784 -3.4455192e-06)
(-0.061069515 0.34376044 -2.5474356e-07)
(-0.042484944 0.15341242 -1.0152804e-06)
(-0.013987233 -0.039119114 -2.2531483e-07)
(-0.010784897 -0.041973164 -6.4675553e-07)
(-0.0043997368 -0.012294733 -1.3164451e-07)
(-0.0042110164 -0.013997247 -4.2963802e-07)
(-0.00074496402 -0.0017440494 -1.321085e-07)
(-0.00071333564 -0.0026212157 -3.1782286e-07)
(-6.3702977e-05 -0.00016328284 -1.4263323e-07)
(7.1323421e-05 -0.00027860984 -2.5562557e-07)
(0.00010504535 9.2993707e-05 -1.4136761e-07)
(0.0002429679 0.00016285397 -2.1294753e-07)
(3.9079446e-05 0.00016350721 -1.2967986e-07)
(0.00015954289 0.00025446326 -1.7783325e-07)
(-4.6146776e-05 0.00010164439 -1.1175385e-07)
(4.9236456e-05 0.00016397042 -1.4619582e-07)
(-9.5367595e-05 9.198747e-06 -9.196572e-08)
(-2.053888e-05 3.9189908e-05 -1.1774354e-07)
(-0.00010866624 -5.7480188e-05 -7.344503e-08)
(-5.0059396e-05 -4.7851246e-05 -9.3255812e-08)
(-0.00010107768 -6.9751824e-05 -5.7619947e-08)
(-5.5694248e-05 -6.8698664e-05 -7.2941286e-08)
(-8.7382427e-05 -5.5703555e-05 -4.4701614e-08)
(-5.205057e-05 -5.3169429e-05 -5.6485486e-08)
(-7.5451924e-05 -3.3168925e-05 -3.4342871e-08)
(-4.7708401e-05 -3.1552568e-05 -4.3297297e-08)
(-6.72241e-05 -1.7557416e-05 -2.6066583e-08)
(-4.5295168e-05 -1.6171371e-05 -3.2775598e-08)
(-6.2254768e-05 -9.9533458e-06 -1.946901e-08)
(-4.4728503e-05 -8.3648981e-06 -2.4420875e-08)
(-5.9274784e-05 -6.9255528e-06 -1.4257045e-08)
(-4.5116168e-05 -5.9139666e-06 -1.7852402e-08)
(-5.7190235e-05 -5.94249e-06 -1.0212486e-08)
(-4.5680794e-05 -5.2201139e-06 -1.2776815e-08)
(-5.5536304e-05 -5.4103789e-06 -7.1501298e-09)
(-4.6129994e-05 -4.7217307e-06 -8.9431839e-09)
(-5.4266297e-05 -4.6659019e-06 -4.8958674e-09)
(-4.65222e-05 -4.1576473e-06 -6.1221759e-09)
(-5.3389614e-05 -3.5821961e-06 -3.2833889e-09)
(-4.6964997e-05 -3.0926836e-06 -4.1027146e-09)
(-5.2828492e-05 -2.4539684e-06 -2.1605539e-09)
(-4.7466111e-05 -1.8829889e-06 -2.694615e-09)
(-5.246889e-05 -1.6560879e-06 -1.3966811e-09)
(-4.7967011e-05 -1.1472217e-06 -1.7361968e-09)
(-5.2223482e-05 -1.2110142e-06 -8.8816507e-10)
(-4.8414514e-05 -7.8550362e-07 -1.0985365e-09)
(-5.2034171e-05 -9.4988592e-07 -5.5652229e-10)
(-4.8784079e-05 -5.3700455e-07 -6.8327115e-10)
(-5.1850978e-05 -8.5726628e-07 -3.4447424e-10)
(-4.9057618e-05 -4.3966353e-07 -4.1825273e-10)
(-5.1624093e-05 -8.6012175e-07 -2.1166311e-10)
(-4.92053e-05 -6.3379226e-07 -2.5254929e-10)
(-5.1312811e-05 -9.6262563e-07 -1.3026138e-10)
(-4.9199945e-05 -8.9962877e-07 -1.51172e-10)
(-5.0891527e-05 -1.1396229e-06 -8.1380752e-11)
(-4.9028797e-05 -1.1978183e-06 -9.0463039e-11)
(-5.0347379e-05 -1.3455892e-06 -5.2375665e-11)
(-4.8690398e-05 -1.5323224e-06 -5.4760684e-11)
(-4.9676734e-05 -1.538067e-06 -3.5366829e-11)
(-4.8190436e-05 -1.8550192e-06 -3.4170788e-11)
(-4.8882936e-05 -1.6976056e-06 -2.606185e-11)
(-4.7539349e-05 -2.0396806e-06 -2.2824498e-11)
(-4.7974248e-05 -1.8136511e-06 -2.1423543e-11)
(-4.6750844e-05 -2.2215115e-06 -1.7065391e-11)
(-4.696262e-05 -1.9498333e-06 -1.9003427e-11)
(-4.5841506e-05 -2.3923301e-06 -1.4252299e-11)
(-4.5863565e-05 -2.0886918e-06 -1.7625096e-11)
(-4.4830486e-05 -2.583526e-06 -1.2818762e-11)
(-4.4695752e-05 -2.1899181e-06 -1.6877989e-11)
(-4.3739172e-05 -2.7236052e-06 -1.2230185e-11)
(-4.3481326e-05 -2.2554804e-06 -1.6538871e-11)
(-4.2591775e-05 -2.8103989e-06 -1.2123392e-11)
(-4.2246159e-05 -2.2688621e-06 -1.6580096e-11)
(-4.1415626e-05 -2.831274e-06 -1.2365898e-11)
(-4.1016356e-05 -2.2219658e-06 -1.6777695e-11)
(-4.023776e-05 -2.8076114e-06 -1.2752717e-11)
(-3.9813195e-05 -2.1636067e-06 -1.7009771e-11)
(-3.9080262e-05 -2.7316045e-06 -1.3188469e-11)
(-3.8653211e-05 -2.0645649e-06 -1.7311614e-11)
(-3.7960529e-05 -2.604185e-06 -1.3659261e-11)
(-3.7552553e-05 -1.9336972e-06 -1.761221e-11)
(-3.6895409e-05 -2.4428146e-06 -1.4090607e-11)
(-3.6528535e-05 -1.7718902e-06 -1.7902233e-11)
(-3.5902627e-05 -2.2389375e-06 -1.449964e-11)
(-3.5597295e-05 -1.5847449e-06 -1.8142158e-11)
(-3.499851e-05 -2.0028666e-06 -1.4837225e-11)
(-3.4772497e-05 -1.375453e-06 -1.8307518e-11)
(-3.4196854e-05 -1.738765e-06 -1.5059554e-11)
(-3.4067094e-05 -1.1379104e-06 -1.8347605e-11)
(-3.3510657e-05 -1.4394692e-06 -1.5102761e-11)
(-3.3496237e-05 -8.7846913e-07 -1.7986181e-11)
(-3.2955035e-05 -1.1113505e-06 -1.4728718e-11)
(-3.3074688e-05 -6.046557e-07 -1.6751731e-11)
(-3.2544681e-05 -7.652949e-07 -1.3548194e-11)
(-3.2851947e-05 -3.3047861e-07 -1.3936038e-11)
(-3.2328538e-05 -4.1894103e-07 -1.104563e-11)
(-3.2798094e-05 -7.1064708e-08 -8.6493404e-12)
(-3.2276929e-05 -8.9100488e-08 -6.6738463e-12)
(2.7348007e-06 2.497599e-06 -1.1874942e-07)
(-7.7653024e-05 -3.9719247e-05 -2.8168403e-07)
(-0.00021543279 -2.0923614e-05 -3.9880951e-07)
(-0.00035852776 -3.4502656e-05 -4.7307608e-07)
(-0.00048206441 -3.2203766e-05 -5.1362405e-07)
(-0.00057203139 -4.8703525e-05 -5.3083491e-07)
(-0.000625441 -7.9580137e-05 -5.3248492e-07)
(-0.00064825443 -0.00013085715 -5.2401301e-07)
(-0.00064404507 -0.00019793504 -5.0921702e-07)
(-0.00061896569 -0.00027769824 -4.9072807e-07)
(-0.00057916844 -0.00036604428 -4.7038406e-07)
(-0.00052991758 -0.00045749984 -4.4930379e-07)
(-0.00047571711 -0.000546779 -4.2804106e-07)
(-0.00042005093 -0.00062978607 -4.0671817e-07)
(-0.0003655209 -0.00070451805 -3.8521079e-07)
(-0.00031385199 -0.0007702775 -3.6323826e-07)
(-0.00026605689 -0.00082822852 -3.4040544e-07)
(-0.0002225054 -0.00087783928 -3.1613889e-07)
(-0.0001829723 -0.00091719912 -2.8979916e-07)
(-0.00014723693 -0.00094620215 -2.6064998e-07)
(-0.00011496386 -0.00096411694 -2.2790166e-07)
(-8.5457479e-05 -0.00097152355 -1.9035791e-07)
(-5.8225861e-05 -0.00096804012 -1.4700656e-07)
(-3.311088e-05 -0.00096049464 -9.7282867e-08)
(-1.0430076e-05 -0.00091246115 -4.0490506e-08)
(0.00020066156 -0.00011071631 -1.3464207e-07)
(0.00018083172 -0.0004795966 -3.1516747e-07)
(0.00017305416 -0.00067000375 -4.3814243e-07)
(0.00019004022 -0.00096389506 -5.0955698e-07)
(0.00023267829 -0.0011998807 -5.4377918e-07)
(0.00028629652 -0.00146759 -5.5468708e-07)
(0.00033924808 -0.0017449657 -5.5107161e-07)
(0.00038593614 -0.0020541308 -5.3857912e-07)
(0.00041687798 -0.002388483 -5.2078839e-07)
(0.00043270795 -0.0027194483 -5.000459e-07)
(0.00043498869 -0.0030404003 -4.7813556e-07)
(0.00042566547 -0.0033476365 -4.5604051e-07)
(0.00040742692 -0.0036368542 -4.3418863e-07)
(0.00038307082 -0.0039059093 -4.1254628e-07)
(0.00035458203 -0.0041529715 -3.9089675e-07)
(0.00032339205 -0.0043786365 -3.6893405e-07)
(0.00029033774 -0.0045930458 -3.4631106e-07)
(0.00025595338 -0.004788115 -3.2232475e-07)
(0.00022045321 -0.0049405467 -2.9637362e-07)
(0.00018415812 -0.0050435995 -2.6765197e-07)
(0.00014760888 -0.0050950522 -2.3570181e-07)
(0.00011171622 -0.0050976651 -1.9858828e-07)
(7.6802194e-05 -0.005055144 -1.5496508e-07)
(4.3232358e-05 -0.0049532368 -1.0312595e-07)
(1.1939488e-05 -0.0047286335 -4.4616075e-08)
(0.00090204786 -0.0003099428 -1.7284153e-07)
(0.00090368331 -0.0014867785 -3.9015851e-07)
(0.0009600598 -0.0019638603 -5.2091124e-07)
(0.001064195 -0.0028103925 -5.8187661e-07)
(0.0011758802 -0.0035244267 -6.0176494e-07)
(0.0012622872 -0.0043009488 -5.9984443e-07)
(0.0013085175 -0.0050868854 -5.858929e-07)
(0.001316266 -0.006033085 -5.6591372e-07)
(0.001294539 -0.0071029787 -5.4271795e-07)
(0.0012493248 -0.0080893561 -5.1776489e-07)
(0.0011871914 -0.0089497395 -4.9304597e-07)
(0.0011139599 -0.009679828 -4.6919687e-07)
(0.0010333365 -0.010278595 -4.4646221e-07)
(0.00094719838 -0.010754992 -4.244291e-07)
(0.00085779338 -0.011115811 -4.0270865e-07)
(0.0007668778 -0.011362404 -3.8092487e-07)
(0.00067609295 -0.011487341 -3.5913817e-07)
(0.00058643675 -0.011509898 -3.3596672e-07)
(0.00049835031 -0.011459221 -3.1124296e-07)
(0.0004124155 -0.011350336 -2.8418153e-07)
(0.00032890406 -0.011193147 -2.5384558e-07)
(0.00024915201 -0.010996734 -2.186986e-07)
(0.00017247067 -0.010768177 -1.766279e-07)
(9.9176263e-05 -0.010478297 -1.2402099e-07)
(3.0509498e-05 -0.010079786 -6.0818262e-08)
(0.0032497451 -0.00099693866 -2.5521763e-07)
(0.0033160552 -0.0045596137 -5.2950409e-07)
(0.0033665278 -0.005802244 -6.5728709e-07)
(0.0033068168 -0.009000709 -6.9154678e-07)
(0.0031846595 -0.011901627 -6.8605992e-07)
(0.002995591 -0.014503687 -6.6415391e-07)
(0.0027623254 -0.016363802 -6.3493788e-07)
(0.0025078077 -0.017357113 -6.0552333e-07)
(0.0022542803 -0.017662584 -5.7617344e-07)
(0.002007092 -0.017538377 -5.4537228e-07)
(0.0017766179 -0.017094684 -5.1713223e-07)
(0.0015647039 -0.016454417 -4.9104215e-07)
(0.0013689197 -0.015636567 -4.675508e-07)
(0.0011768705 -0.014695227 -4.4529175e-07)
(0.0010034494 -0.013682869 -4.2371507e-07)
(0.00084912841 -0.012645419 -4.0253771e-07)
(0.00071277639 -0.011622462 -3.8141302e-07)
(0.00059276845 -0.010647614 -3.598105e-07)
(0.00048751063 -0.0097445757 -3.3719178e-07)
(0.00039485409 -0.008933613 -3.1287638e-07)
(0.0003126797 -0.0082267223 -2.8598237e-07)
(0.0002370481 -0.007628806 -2.5522632e-07)
(0.00016699529 -0.0071408723 -2.1868924e-07)
(0.00010080753 -0.0067211996 -1.7316998e-07)
(3.7172223e-05 -0.0064180225 -1.0857407e-07)
(0.011071601 -0.0085482318 -4.4315541e-07)
(0.0089482425 -0.025340085 -7.6525344e-07)
(0.0078386766 -0.027847085 -8.5360686e-07)
(0.0061874784 -0.032208225 -8.4262529e-07)
(0.0048245576 -0.029735678 -8.0402531e-07)
(0.0036155554 -0.026015255 -7.5635415e-07)
(0.0026021076 -0.021353216 -7.0892075e-07)
(0.0017901694 -0.016413056 -6.6462087e-07)
(0.0011523611 -0.011470901 -6.2501472e-07)
(0.00065952236 -0.0068877338 -5.8859448e-07)
(0.00028048553 -0.0027346307 -5.5576175e-07)
(-2.6249648e-06 0.00082612362 -5.2525267e-07)
(-0.00020615544 0.0041413349 -5.0071577e-07)
(-0.00033685313 0.0073034935 -4.7751424e-07)
(-0.00041983808 0.010211623 -4.5519457e-07)
(-0.00046242139 0.012735844 -4.3388573e-07)
(-0.0004728617 0.014844226 -4.1323605e-07)
(-0.00045784346 0.016554562 -3.9279801e-07)
(-0.00042276592 0.017895481 -3.7207544e-07)
(-0.00037229395 0.018896234 -3.5050629e-07)
(-0.00031032345 0.019581446 -3.2739468e-07)
(-0.00024216354 0.01997749 -3.0177255e-07)
(-0.00016961309 0.020083073 -2.7209313e-07)
(-9.582432e-05 0.019955894 -2.4301707e-07)
(-2.1793823e-05 0.019255753 -2.1402255e-07)
(0.013843408 0.023662278 -8.0055327e-07)
(0.0033042869 -0.0010821609 -1.1335537e-06)
(0.00078013553 0.048522133 -1.1372172e-06)
(-0.0010341917 0.051117782 -1.0649928e-06)
(-0.0026373966 0.065346635 -9.8846681e-07)
(-0.0038441153 0.075612485 -9.0276501e-07)
(-0.0045119219 0.082782299 -8.2603231e-07)
(-0.0047177374 0.08878268 -7.5938306e-07)
(-0.0046394343 0.093214622 -7.0150108e-07)
(-0.0044163085 0.095971557 -6.5204443e-07)
(-0.0041261648 0.097543461 -6.1031701e-07)
(-0.0037804364 0.098035412 -5.6693154e-07)
(-0.0034298536 0.097779276 -5.4212665e-07)
(-0.0030861782 0.096479927 -5.1537322e-07)
(-0.0027401086 0.094325211 -4.8901305e-07)
(-0.0024027877 0.091900985 -4.6550058e-07)
(-0.002084171 0.089271338 -4.4373435e-07)
(-0.0017849726 0.086522154 -4.230622e-07)
(-0.0015045122 0.083730883 -4.0294399e-07)
(-0.0012410059 0.080955816 -3.8285383e-07)
(-0.00099239326 0.078233986 -3.6222256e-07)
(-0.00075522867 0.075607932 -3.4036362e-07)
(-0.0005278644 0.07305016 -3.1657547e-07)
(-0.00030856518 0.070748234 -2.917838e-07)
(-9.2386138e-05 0.067264935 -2.6739861e-07)
(-0.0019815069 1.1754269 -2.5193194e-06)
(-0.0010453612 0.96239727 -2.0055273e-06)
(-0.0011598637 0.86640601 -1.627026e-06)
(-0.00078878648 0.77404197 -1.3356232e-06)
(-0.00066854977 0.6780669 -1.1183925e-06)
(-0.00057196836 0.58668454 -9.6035629e-07)
(-0.00048439363 0.50828903 -8.4484811e-07)
(-0.00040838969 0.44456191 -7.6001808e-07)
(-0.00034431078 0.39198106 -6.9185465e-07)
(-0.00028743753 0.34709455 -6.397937e-07)
(-0.00023338037 0.30835338 -5.9977578e-07)
(-0.00018593779 0.27501482 -5.6488026e-07)
(-0.00014579889 0.24650698 -5.357969e-07)
(-0.00012188856 0.22210106 -5.1019409e-07)
(-0.00010034485 0.20114026 -4.8693136e-07)
(-8.3068529e-05 0.18314273 -4.6554128e-07)
(-6.8809371e-05 0.1676785 -4.4550777e-07)
(-5.6648175e-05 0.15438475 -4.2638899e-07)
(-4.6293337e-05 0.14295881 -4.0779841e-07)
(-3.7428145e-05 0.13315133 -3.8934699e-07)
(-2.9685359e-05 0.12474615 -3.7059735e-07)
(-2.2316868e-05 0.11760132 -3.5097048e-07)
(-1.5282189e-05 0.1114754 -3.3010322e-07)
(-8.6350654e-06 0.10665081 -3.077396e-07)
(-2.3630573e-06 0.10063599 -2.8337654e-07)
(-0.012804424 0.091548872 -1.2358758e-06)
(-0.0026068013 0.098969438 -1.2774564e-06)
(-0.00025795725 0.10446455 -1.2325755e-06)
(0.0014787657 0.10605292 -1.1420632e-06)
(0.0029980423 0.10804448 -1.0394403e-06)
(0.0041282658 0.1096985 -9.3974372e-07)
(0.0047430754 0.11133295 -8.5088706e-07)
(0.0049080836 0.11284721 -7.7400138e-07)
(0.0047998465 0.11364617 -6.9392731e-07)
(0.0045312903 0.1137103 -6.4961292e-07)
(0.004220243 0.11300719 -6.0960588e-07)
(0.0038876486 0.11133317 -5.6695398e-07)
(0.003518896 0.10880444 -5.312325e-07)
(0.0031487473 0.10577755 -5.0068789e-07)
(0.0027894124 0.10249654 -4.7396317e-07)
(0.0024450337 0.09908675 -4.5011312e-07)
(0.0021191723 0.095632811 -4.2839562e-07)
(0.0018133933 0.092202804 -4.0818218e-07)
(0.0015266381 0.088848055 -3.8890462e-07)
(0.001257399 0.085606612 -3.7000112e-07)
(0.0010036791 0.082500234 -3.508405e-07)
(0.00076334802 0.079558597 -3.3060968e-07)
(0.00053375845 0.076744534 -3.0960702e-07)
(0.00031270873 0.074249644 -2.865811e-07)
(9.436779e-05 0.070552247 -2.6330504e-07)
(-0.0089169 -0.040108739 -8.7154568e-07)
(-0.0076858409 -0.038217508 -9.3712938e-07)
(-0.0063989841 -0.036736133 -9.2418123e-07)
(-0.0050671506 -0.033431511 -8.7788896e-07)
(-0.0037926458 -0.028593639 -8.1933119e-07)
(-0.0026774483 -0.023039316 -7.5787562e-07)
(-0.0017590353 -0.017285759 -7.006874e-07)
(-0.0010371146 -0.011679397 -6.4830877e-07)
(-0.00048311555 -0.0066554798 -6.0009425e-07)
(-7.12359e-05 -0.0022103935 -5.6374552e-07)
(0.00022846153 0.0016166066 -5.3036609e-07)
(0.00043856904 0.0053608067 -4.9930169e-07)
(0.00057585378 0.0089317082 -4.7143928e-07)
(0.0006571104 0.012125746 -4.4644739e-07)
(0.00069426046 0.014872782 -4.2375015e-07)
(0.00069811813 0.017174333 -4.0281578e-07)
(0.00067472595 0.019067174 -3.8319823e-07)
(0.0006290011 0.020589761 -3.6439057e-07)
(0.00056641382 0.02176299 -3.4586393e-07)
(0.00049099389 0.02260892 -3.2700951e-07)
(0.00040611308 0.023149228 -3.069864e-07)
(0.00031477719 0.023404987 -2.8435057e-07)
(0.00021980732 0.023386768 -2.6196396e-07)
(0.00012445835 0.023138139 -2.347183e-07)
(3.0332904e-05 0.022286046 -2.0792815e-07)
(-0.0040768176 -0.015489432 -6.0441111e-07)
(-0.004074158 -0.017924919 -6.8079482e-07)
(-0.0039833743 -0.020754338 -6.9598737e-07)
(-0.0037806297 -0.022837225 -6.7924937e-07)
(-0.0034757821 -0.024162558 -6.4947215e-07)
(-0.0031292873 -0.024628054 -6.1688473e-07)
(-0.0027903986 -0.024406483 -5.7720369e-07)
(-0.0024665295 -0.023731921 -5.4004613e-07)
(-0.0021663339 -0.022776254 -5.0638247e-07)
(-0.0018917214 -0.021612702 -4.7750186e-07)
(-0.0016438524 -0.020326726 -4.5123864e-07)
(-0.0014135464 -0.018904036 -4.2704242e-07)
(-0.0012049168 -0.017416414 -4.0486158e-07)
(-0.0010208908 -0.015917422 -3.8449739e-07)
(-0.0008595441 -0.014442625 -3.6542138e-07)
(-0.00071729406 -0.013027389 -3.4720456e-07)
(-0.00059366785 -0.011710197 -3.2969708e-07)
(-0.00048754458 -0.010519532 -3.1231204e-07)
(-0.00039611864 -0.0094606888 -2.9449221e-07)
(-0.00031716984 -0.0085355359 -2.7556722e-07)
(-0.00024855275 -0.0077446409 -2.5461775e-07)
(-0.00018806608 -0.0070875541 -2.3038897e-07)
(-0.00013355656 -0.0065607085 -2.0158931e-07)
(-8.2617931e-05 -0.0061237949 -1.6262512e-07)
(-3.2496878e-05 -0.0058275567 -1.0421416e-07)
(-0.0007900731 -0.0035557707 -4.4511793e-07)
(-0.0010187629 -0.0044884323 -5.1598458e-07)
(-0.0012442797 -0.0054627334 -5.4403091e-07)
(-0.0014187349 -0.0064250129 -5.4527163e-07)
(-0.0015416811 -0.0073937883 -5.3156921e-07)
(-0.0015983603 -0.0085238938 -5.102033e-07)
(-0.0015936232 -0.0097361573 -4.8387878e-07)
(-0.0015471705 -0.010783038 -4.5711607e-07)
(-0.0014732834 -0.011658812 -4.3181307e-07)
(-0.0013830533 -0.012365499 -4.0865691e-07)
(-0.0012849184 -0.012923181 -3.8724364e-07)
(-0.0011818895 -0.01333532 -3.6728873e-07)
(-0.0010768773 -0.01360949 -3.4864168e-07)
(-0.00097249744 -0.013730526 -3.3144237e-07)
(-0.00087031822 -0.013727286 -3.1480688e-07)
(-0.00077207505 -0.013641133 -2.9879314e-07)
(-0.00067751577 -0.013496082 -2.8273043e-07)
(-0.00058588165 -0.013306046 -2.6629209e-07)
(-0.00049744765 -0.013080438 -2.4895563e-07)
(-0.00041202776 -0.012826586 -2.3005914e-07)
(-0.00032945807 -0.012550267 -2.0859821e-07)
(-0.00024966411 -0.012256979 -1.8310043e-07)
(-0.00017274912 -0.011950082 -1.5140289e-07)
(-9.9124137e-05 -0.011591947 -1.0902555e-07)
(-3.0573911e-05 -0.011140772 -5.5216995e-08)
(0.00014375823 -0.00051961941 -3.435009e-07)
(0.00014984286 -0.00086127191 -4.0061989e-07)
(6.1494807e-05 -0.0012439027 -4.3040851e-07)
(-6.6139206e-05 -0.0016809118 -4.4012711e-07)
(-0.00020844436 -0.0021491754 -4.3659777e-07)
(-0.00033875282 -0.0026284342 -4.2489802e-07)
(-0.00043322153 -0.0031213648 -4.0831284e-07)
(-0.00049063034 -0.0035948258 -3.897243e-07)
(-0.00052149311 -0.0040364841 -3.7088494e-07)
(-0.00053209469 -0.0044341142 -3.5265348e-07)
(-0.00052872669 -0.0047865009 -3.3523976e-07)
(-0.00051516135 -0.0051012931 -3.1865587e-07)
(-0.00049293926 -0.0053968187 -3.0285757e-07)
(-0.00046376988 -0.0056973671 -2.8778846e-07)
(-0.00042966679 -0.0059908936 -2.7312077e-07)
(-0.00039211195 -0.0062415657 -2.5863221e-07)
(-0.00035175847 -0.0064422658 -2.4393127e-07)
(-0.00030938014 -0.0065911882 -2.2862961e-07)
(-0.00026586488 -0.0066883516 -2.1223024e-07)
(-0.00022183923 -0.0067337403 -1.9427504e-07)
(-0.00017781078 -0.0067287798 -1.7387648e-07)
(-0.00013429794 -0.0066766237 -1.4960509e-07)
(-9.1902573e-05 -0.0065820677 -1.2004509e-07)
(-5.1310127e-05 -0.0064273262 -8.271657e-08)
(-1.4057497e-05 -0.0061384071 -3.8084285e-08)
(0.00031576539 0.00022949674 -2.7333975e-07)
(0.0003414185 0.00025879149 -3.169757e-07)
(0.00032478017 0.00023090266 -3.4369142e-07)
(0.00028094038 0.00014884995 -3.5627279e-07)
(0.00023439289 2.2718641e-05 -3.5833305e-07)
(0.00017732995 -0.00013749262 -3.5311934e-07)
(0.00011344315 -0.00031106347 -3.4320614e-07)
(5.668825e-05 -0.00048935284 -3.3067674e-07)
(9.6555936e-06 -0.0006683685 -3.1697783e-07)
(-2.5501838e-05 -0.00084034109 -3.0297472e-07)
(-5.0270938e-05 -0.0010017836 -2.8909128e-07)
(-6.9957154e-05 -0.0011464269 -2.7551e-07)
(-8.3419545e-05 -0.0012743625 -2.6228197e-07)
(-9.0522072e-05 -0.0013907233 -2.4936472e-07)
(-9.2412757e-05 -0.0014936009 -2.3659516e-07)
(-9.0275007e-05 -0.0015800617 -2.2376655e-07)
(-8.4880463e-05 -0.0016509165 -2.105984e-07)
(-7.7152354e-05 -0.0017064428 -1.9676584e-07)
(-6.7953827e-05 -0.0017465533 -1.818806e-07)
(-5.7826175e-05 -0.0017711012 -1.6551375e-07)
(-4.7172552e-05 -0.0017801962 -1.4713215e-07)
(-3.631805e-05 -0.0017744976 -1.2596595e-07)
(-2.5458453e-05 -0.0017566495 -1.0114838e-07)
(-1.4595773e-05 -0.0017258347 -7.1706586e-08)
(-3.880114e-06 -0.001639767 -3.5906345e-08)
(0.00024650439 0.00035217857 -2.2026362e-07)
(0.00029705111 0.00045239401 -2.5309944e-07)
(0.00031427824 0.00054305607 -2.7539272e-07)
(0.00030344158 0.0005993746 -2.8801763e-07)
(0.00027475464 0.00062144026 -2.9271295e-07)
(0.00023959756 0.00061171136 -2.9143981e-07)
(0.00020131534 0.00057883471 -2.859774e-07)
(0.00016113174 0.00053591847 -2.7782209e-07)
(0.00012488528 0.0004883532 -2.6810661e-07)
(9.4453944e-05 0.00043692542 -2.5759266e-07)
(7.0555436e-05 0.00038097567 -2.4674251e-07)
(5.1624345e-05 0.00032502995 -2.3580667e-07)
(3.6566029e-05 0.00027774351 -2.2489616e-07)
(2.4801468e-05 0.00023876669 -2.1401464e-07)
(1.5928008e-05 0.00020598839 -2.0307487e-07)
(9.5172512e-06 0.00017933437 -1.9192713e-07)
(5.173432e-06 0.00015704231 -1.8036693e-07)
(2.4330056e-06 0.00013885604 -1.6815015e-07)
(5.7360184e-07 0.00012381575 -1.5499743e-07)
(-5.8092855e-07 0.00011134396 -1.4061779e-07)
(-1.2315701e-06 0.00010123674 -1.2472012e-07)
(-1.5561442e-06 9.3056804e-05 -1.0706987e-07)
(-1.6357566e-06 8.6541311e-05 -8.7741898e-08)
(-1.3757799e-06 8.0176227e-05 -6.7750231e-08)
(-5.008333e-07 7.7904993e-05 -4.9643995e-08)
(0.00012741786 0.00024045278 -1.771885e-07)
(0.00018190702 0.00032156121 -2.0226175e-07)
(0.00021324807 0.00039627072 -2.2045022e-07)
(0.00022423949 0.00046463587 -2.319216e-07)
(0.00022029173 0.00051989672 -2.3754316e-07)
(0.00020700178 0.00055529505 -2.384538e-07)
(0.00018693288 0.00057482934 -2.3582681e-07)
(0.0001620398 0.00058038668 -2.3071332e-07)
(0.00013562779 0.00057154129 -2.2396165e-07)
(0.00010944074 0.00055271676 -2.162018e-07)
(8.5229285e-05 0.00053009519 -2.0785605e-07)
(6.5655447e-05 0.00050664309 -1.9918267e-07)
(4.9718645e-05 0.00048368133 -1.9031281e-07)
(3.6626879e-05 0.00046193674 -1.8128263e-07)
(2.6116364e-05 0.00044183758 -1.7205113e-07)
(1.7741498e-05 0.00042384233 -1.6251911e-07)
(1.1161285e-05 0.00040759662 -1.5254317e-07)
(6.2158282e-06 0.0003926799 -1.4195016e-07)
(3.0283056e-06 0.00037900076 -1.3055342e-07)
(1.0819716e-06 0.00036656971 -1.1818344e-07)
(-6.0112056e-08 0.00035496229 -1.0473125e-07)
(-6.2691755e-07 0.00034393061 -9.0248863e-08)
(-7.679481e-07 0.00033329623 -7.5197124e-08)
(-6.8715472e-07 0.00032219349 -6.0962132e-08)
(-3.3589798e-07 0.00030711906 -5.0817525e-08)
(4.4433134e-05 7.1788188e-05 -1.4105412e-07)
(9.5014103e-05 0.00011640788 -1.6044361e-07)
(0.00012914026 0.00016768039 -1.7519624e-07)
(0.00014801908 0.00021404805 -1.852318e-07)
(0.00015527089 0.00025310996 -1.9095e-07)
(0.00015392684 0.00028388427 -1.9301921e-07)
(0.00014623278 0.00030533713 -1.9218633e-07)
(0.00013359623 0.00031612224 -1.8917643e-07)
(0.00011804203 0.00031740901 -1.846152e-07)
(0.00010138562 0.00031089963 -1.789963e-07)
(8.464508e-05 0.00029758591 -1.7267685e-07)
(6.9204362e-05 0.00028049029 -1.6589253e-07)
(5.5407813e-05 0.00026229848 -1.5877786e-07)
(4.3306091e-05 0.00024357038 -1.5138613e-07)
(3.2837177e-05 0.00022462953 -1.4370572e-07)
(2.3910356e-05 0.00020678642 -1.3567551e-07)
(1.643584e-05 0.00019042579 -1.2719906e-07)
(1.0359706e-05 0.0001756864 -1.1815934e-07)
(5.9822572e-06 0.00016271322 -1.0843689e-07)
(2.8980234e-06 0.00015095174 -9.7937416e-08)
(9.1783075e-07 0.00014080474 -8.6631252e-08)
(-1.3251317e-07 0.00013242271 -7.4626226e-08)
(-5.2279721e-07 0.00012520282 -6.2305442e-08)
(-4.871686e-07 0.00012069476 -5.0575268e-08)
(-2.4700122e-07 0.00011422911 -4.0262776e-08)
(2.9824638e-06 -3.1077407e-05 -1.1118471e-07)
(4.6566281e-05 -8.5319302e-06 -1.2636743e-07)
(7.8646154e-05 1.8247086e-05 -1.3828751e-07)
(9.9448871e-05 4.2653845e-05 -1.4680819e-07)
(0.00011123371 6.3679712e-05 -1.5212561e-07)
(0.00011641044 8.1532915e-05 -1.5463428e-07)
(0.00011614508 9.479688e-05 -1.5482672e-07)
(0.00011154202 0.00010303257 -1.5319335e-07)
(0.00010369813 0.00010609535 -1.5018625e-07)
(9.3774937e-05 0.00010474147 -1.461769e-07)
(8.275334e-05 9.9463003e-05 -1.4145096e-07)
(7.1493959e-05 8.9431934e-05 -1.3620804e-07)
(6.0582643e-05 7.5633876e-05 -1.3057082e-07)
(5.0382408e-05 6.0023254e-05 -1.2459745e-07)
(4.1098698e-05 4.4441443e-05 -1.1829366e-07)
(3.2911695e-05 2.9913122e-05 -1.1162496e-07)
(2.5862651e-05 1.6278949e-05 -1.045289e-07)
(1.9960543e-05 3.8841504e-06 -9.6928076e-08)
(1.4834991e-05 -6.9653997e-06 -8.8744788e-08)
(1.0598189e-05 -1.6131399e-05 -7.9918729e-08)
(7.3114612e-06 -2.3498908e-05 -7.0425883e-08)
(4.8525295e-06 -2.9336946e-05 -6.0294117e-08)
(2.998788e-06 -3.4216433e-05 -4.9587951e-08)
(1.6088254e-06 -3.1740326e-05 -3.8253378e-08)
(4.7764925e-07 -3.690391e-05 -2.4909737e-08)
(-1.2793686e-05 -6.0504239e-05 -8.6805583e-08)
(2.379417e-05 -4.984625e-05 -9.8681537e-08)
(5.24627e-05 -3.6937285e-05 -1.0821393e-07)
(7.3364626e-05 -2.0859413e-05 -1.1528943e-07)
(8.7169341e-05 -5.5051543e-06 -1.1999218e-07)
(9.5383857e-05 6.7266716e-06 -1.2255494e-07)
(9.8971412e-05 1.6568004e-05 -1.232843e-07)
(9.8725962e-05 2.2668514e-05 -1.2252236e-07)
(9.5349523e-05 2.5527175e-05 -1.2058769e-07)
(8.9506305e-05 2.5701466e-05 -1.1775961e-07)
(8.2158467e-05 2.3102336e-05 -1.1425855e-07)
(7.4043158e-05 1.817911e-05 -1.1024525e-07)
(6.5619937e-05 1.1304712e-05 -1.0582468e-07)
(5.7226582e-05 3.1459417e-06 -1.0105287e-07)
(4.9162552e-05 -6.2096468e-06 -9.5944266e-08)
(4.1665131e-05 -1.6576939e-05 -9.0481785e-08)
(3.4849869e-05 -2.6725532e-05 -8.462635e-08)
(2.8759453e-05 -3.6076199e-05 -7.83266e-08)
(2.3308999e-05 -4.420235e-05 -7.1529126e-08)
(1.8520463e-05 -5.0834791e-05 -6.4186788e-08)
(1.4275763e-05 -5.601012e-05 -5.626092e-08)
(1.048931e-05 -5.9707534e-05 -4.7701875e-08)
(7.1498117e-06 -6.2504059e-05 -3.8379462e-08)
(4.1462522e-06 -5.9434577e-05 -2.785415e-08)
(1.3296793e-06 -5.9073689e-05 -1.4773502e-08)
(-1.7689867e-05 -4.6863953e-05 -6.715672e-08)
(1.2715603e-05 -4.0525469e-05 -7.6370733e-08)
(3.7852162e-05 -3.1595747e-05 -8.3888871e-08)
(5.755962e-05 -2.0617539e-05 -8.9621073e-08)
(7.2047722e-05 -6.5787623e-06 -9.3601844e-08)
(8.1443977e-05 5.2308188e-06 -9.5964599e-08)
(8.6689058e-05 1.3861118e-05 -9.6911484e-08)
(8.8533881e-05 2.0725098e-05 -9.6668263e-08)
(8.7661777e-05 2.5509212e-05 -9.5459932e-08)
(8.4632212e-05 2.8212419e-05 -9.3487479e-08)
(8.002989e-05 2.8852401e-05 -9.0916217e-08)
(7.4360571e-05 2.7770807e-05 -8.7873673e-08)
(6.7985437e-05 2.5179715e-05 -8.4445416e-08)
(6.1210297e-05 2.1262904e-05 -8.0679982e-08)
(5.4316934e-05 1.6153603e-05 -7.6596412e-08)
(4.7519822e-05 1.026263e-05 -7.2187792e-08)
(4.0972566e-05 4.1298555e-06 -6.74303e-08)
(3.4761167e-05 -1.7995231e-06 -6.2290101e-08)
(2.894861e-05 -7.3272123e-06 -5.672922e-08)
(2.3558703e-05 -1.2316807e-05 -5.0708755e-08)
(1.8561614e-05 -1.6439771e-05 -4.4185404e-08)
(1.3920888e-05 -1.9606348e-05 -3.7091532e-08)
(9.609088e-06 -2.2318946e-05 -2.9284135e-08)
(5.5448857e-06 -1.9103079e-05 -2.0447613e-08)
(1.7214482e-06 -2.1604914e-05 -9.9812352e-09)
(-2.0047583e-05 -2.6520012e-05 -5.1420247e-08)
(5.3228243e-06 -1.9409235e-05 -5.8481857e-08)
(2.7180387e-05 -9.7228574e-06 -6.4319887e-08)
(4.4952004e-05 1.6925161e-06 -6.8861058e-08)
(5.8577456e-05 1.3424457e-05 -7.2115964e-08)
(6.8110266e-05 2.4311517e-05 -7.416273e-08)
(7.4156985e-05 3.4379598e-05 -7.5128532e-08)
(7.7355006e-05 4.2970331e-05 -7.5164007e-08)
(7.8239832e-05 4.966983e-05 -7.4424914e-08)
(7.7255221e-05 5.4687407e-05 -7.305583e-08)
(7.4758817e-05 5.8042457e-05 -7.1179733e-08)
(7.106735e-05 5.9851647e-05 -6.8892359e-08)
(6.6473032e-05 6.0318957e-05 -6.626102e-08)
(6.1228756e-05 5.9495778e-05 -6.3327759e-08)
(5.5561373e-05 5.7550317e-05 -6.0109907e-08)
(4.9649557e-05 5.4767794e-05 -5.6607425e-08)
(4.3666474e-05 5.1393598e-05 -5.2806173e-08)
(3.7760226e-05 4.7693439e-05 -4.8684213e-08)
(3.1996029e-05 4.3859111e-05 -4.4215052e-08)
(2.643056e-05 4.0077782e-05 -3.9369405e-08)
(2.1094483e-05 3.6561881e-05 -3.4112474e-08)
(1.5992253e-05 3.3460824e-05 -2.8394489e-08)
(1.1103626e-05 3.0029197e-05 -2.2135313e-08)
(6.413714e-06 3.2994152e-05 -1.5220264e-08)
(2.0125855e-06 2.7167716e-05 -7.5698373e-09)
(-2.2825721e-05 -1.1248347e-05 -3.8872529e-08)
(-1.5942907e-06 -3.6836327e-06 -4.4201791e-08)
(1.7234035e-05 6.0794036e-06 -4.8652508e-08)
(3.3000202e-05 1.6986241e-05 -5.2167837e-08)
(4.5347669e-05 2.776367e-05 -5.4746264e-08)
(5.4650338e-05 3.8594966e-05 -5.6433455e-08)
(6.1175855e-05 4.8683973e-05 -5.7307773e-08)
(6.5320495e-05 5.788253e-05 -5.7471087e-08)
(6.7441668e-05 6.6103203e-05 -5.7029537e-08)
(6.7872197e-05 7.274476e-05 -5.6084772e-08)
(6.6880817e-05 7.7885021e-05 -5.4725544e-08)
(6.4715038e-05 8.1697461e-05 -5.3022168e-08)
(6.1595781e-05 8.4256246e-05 -5.1027921e-08)
(5.7717131e-05 8.5619026e-05 -4.8775565e-08)
(5.3252265e-05 8.5867445e-05 -4.62813e-08)
(4.8358866e-05 8.5188116e-05 -4.3547765e-08)
(4.3187377e-05 8.3755167e-05 -4.056791e-08)
(3.7874373e-05 8.1730609e-05 -3.732774e-08)
(3.2504046e-05 7.9286236e-05 -3.3809915e-08)
(2.7151991e-05 7.6577754e-05 -2.9995098e-08)
(2.1878573e-05 7.3762343e-05 -2.5862072e-08)
(1.6721384e-05 7.0992452e-05 -2.1387018e-08)
(1.1694359e-05 6.7201605e-05 -1.6548471e-08)
(6.813302e-06 6.9797452e-05 -1.1357035e-08)
(2.1319323e-06 6.280417e-05 -5.8715642e-09)
(-2.6392631e-05 -3.621468e-06 -2.8927423e-08)
(-8.6681252e-06 3.6024711e-06 -3.2883284e-08)
(7.4143066e-06 1.1744421e-05 -3.6213035e-08)
(2.1272264e-05 2.0300854e-05 -3.8874698e-08)
(3.2632999e-05 2.9912272e-05 -4.0861112e-08)
(4.1639331e-05 4.0301847e-05 -4.2197457e-08)
(4.8393562e-05 5.0372087e-05 -4.2933688e-08)
(5.3101631e-05 5.9478617e-05 -4.3135106e-08)
(5.6040898e-05 6.7747967e-05 -4.2874645e-08)
(5.7459336e-05 7.5143952e-05 -4.2222825e-08)
(5.7574181e-05 8.1381874e-05 -4.1243343e-08)
(5.6577073e-05 8.6409308e-05 -3.9988422e-08)
(5.4643296e-05 9.0280506e-05 -3.8496816e-08)
(5.1927e-05 9.3108265e-05 -3.6794456e-08)
(4.8563627e-05 9.4984952e-05 -3.489536e-08)
(4.4683308e-05 9.5906645e-05 -3.280364e-08)
(4.0402565e-05 9.5975199e-05 -3.0516011e-08)
(3.5826958e-05 9.5355689e-05 -2.8024516e-08)
(3.1056663e-05 9.4159126e-05 -2.5318739e-08)
(2.6172846e-05 9.2516448e-05 -2.2387988e-08)
(2.1245211e-05 9.0558212e-05 -1.922257e-08)
(1.6330867e-05 8.8521863e-05 -1.5817249e-08)
(1.1477354e-05 8.4755963e-05 -1.218154e-08)
(6.7432442e-06 8.6603243e-05 -8.368925e-09)
(2.167109e-06 8.0010663e-05 -4.485876e-09)
(-3.008337e-05 -2.2397928e-06 -2.1128188e-08)
(-1.5258559e-05 3.9229447e-06 -2.4013359e-08)
(-1.4901348e-06 1.0881775e-05 -2.6455401e-08)
(1.0677235e-05 1.8475793e-05 -2.8424018e-08)
(2.1109762e-05 2.6654386e-05 -2.9911691e-08)
(2.967257e-05 3.5195009e-05 -3.0932426e-08)
(3.638363e-05 4.3722372e-05 -3.1517414e-08)
(4.1364589e-05 5.2089186e-05 -3.170932e-08)
(4.4804314e-05 6.0177108e-05 -3.1556609e-08)
(4.6896659e-05 6.7566131e-05 -3.1108109e-08)
(4.7816964e-05 7.4034825e-05 -3.0408398e-08)
(4.7714053e-05 7.9623572e-05 -2.949472e-08)
(4.67231e-05 8.4303631e-05 -2.8396055e-08)
(4.4967726e-05 8.8089779e-05 -2.7132234e-08)
(4.2556987e-05 9.097896e-05 -2.5714743e-08)
(3.9594599e-05 9.2991457e-05 -2.4148186e-08)
(3.6173526e-05 9.4226162e-05 -2.2431905e-08)
(3.2381976e-05 9.4752901e-05 -2.0561807e-08)
(2.830895e-05 9.4629644e-05 -1.8532544e-08)
(2.4033675e-05 9.3934894e-05 -1.633921e-08)
(1.9627945e-05 9.275487e-05 -1.39795e-08)
(1.515774e-05 9.1264622e-05 -1.145719e-08)
(1.0687024e-05 8.7951732e-05 -8.7905979e-09)
(6.3182666e-06 9.0239062e-05 -6.0314178e-09)
(2.1018966e-06 8.3159657e-05 -3.2627939e-09)
(-3.32681e-05 -2.5128459e-06 -1.5114613e-08)
(-2.0801986e-05 2.3289186e-06 -1.7178193e-08)
(-8.9642416e-06 8.0271512e-06 -1.8931477e-08)
(1.7663973e-06 1.442628e-05 -2.0353205e-08)
(1.1185732e-05 2.1100852e-05 -2.1436799e-08)
(1.9114942e-05 2.8304667e-05 -2.2189939e-08)
(2.5555087e-05 3.5996499e-05 -2.2632237e-08)
(3.0562287e-05 4.340072e-05 -2.2791549e-08)
(3.4255046e-05 5.040099e-05 -2.2700029e-08)
(3.6774161e-05 5.7017272e-05 -2.2390763e-08)
(3.8250344e-05 6.3156459e-05 -2.1894675e-08)
(3.8803762e-05 6.8773017e-05 -2.1238466e-08)
(3.8542978e-05 7.3748591e-05 -2.0442921e-08)
(3.7563488e-05 7.8048179e-05 -1.9522917e-08)
(3.5954961e-05 8.1588313e-05 -1.8487769e-08)
(3.3796274e-05 8.4285571e-05 -1.7341802e-08)
(3.1164293e-05 8.6257788e-05 -1.6085717e-08)
(2.8133895e-05 8.7546866e-05 -1.4717984e-08)
(2.4780897e-05 8.8189524e-05 -1.3236371e-08)
(2.1178089e-05 8.8225411e-05 -1.1639461e-08)
(1.7395992e-05 8.7677481e-05 -9.9284508e-09)
(1.3504452e-05 8.6763902e-05 -8.1096283e-09)
(9.5739037e-06 8.4019038e-05 -6.1991179e-09)
(5.6750157e-06 8.689963e-05 -4.2319375e-09)
(1.8613664e-06 7.9803335e-05 -2.2542332e-09)
(-3.5829289e-05 -2.611127e-06 -1.0578247e-08)
(-2.5307204e-05 1.0711295e-06 -1.2023566e-08)
(-1.5121694e-05 5.913259e-06 -1.3254588e-08)
(-5.6779599e-06 1.1037033e-05 -1.42564e-08)
(2.7286072e-06 1.6528794e-05 -1.5024115e-08)
(9.9536189e-06 2.2656505e-05 -1.5561978e-08)
(1.5980897e-05 2.9064063e-05 -1.588211e-08)
(2.0855437e-05 3.5571754e-05 -1.6002632e-08)
(2.4623387e-05 4.1926787e-05 -1.5944882e-08)
(2.7379641e-05 4.8013187e-05 -1.5731105e-08)
(2.9221607e-05 5.3791937e-05 -1.538253e-08)
(3.0245338e-05 5.9060881e-05 -1.4917665e-08)
(3.0535986e-05 6.3815042e-05 -1.4351606e-08)
(3.0171855e-05 6.8015793e-05 -1.3695365e-08)
(2.9223598e-05 7.1635869e-05 -1.2956045e-08)
(2.7755195e-05 7.4689727e-05 -1.213754e-08)
(2.5828684e-05 7.7104122e-05 -1.124125e-08)
(2.3507189e-05 7.8870656e-05 -1.0267062e-08)
(2.0854516e-05 7.9997309e-05 -9.2144868e-09)
(1.7935717e-05 8.0511239e-05 -8.0837838e-09)
(1.481588e-05 8.0439341e-05 -6.8772749e-09)
(1.156125e-05 7.9942327e-05 -5.6007719e-09)
(8.2355389e-06 7.7732458e-05 -4.2657308e-09)
(4.8857677e-06 8.1105617e-05 -2.8924975e-09)
(1.5733704e-06 7.4067869e-05 -1.5059325e-09)
(-3.793935e-05 -2.3243375e-06 -7.2412179e-09)
(-2.9039559e-05 4.931175e-07 -8.2312073e-09)
(-2.027545e-05 4.4475346e-06 -9.0756307e-09)
(-1.2010627e-05 8.8114242e-06 -9.764141e-09)
(-4.5152323e-06 1.3402897e-05 -1.0293161e-08)
(2.0620715e-06 1.8756052e-05 -1.0665256e-08)
(7.6385426e-06 2.4448049e-05 -1.0887803e-08)
(1.2266225e-05 3.0178236e-05 -1.0972459e-08)
(1.5984551e-05 3.5798612e-05 -1.0933333e-08)
(1.8844505e-05 4.1254455e-05 -1.0785286e-08)
(2.0914753e-05 4.6484629e-05 -1.054269e-08)
(2.2269522e-05 5.1422332e-05 -1.0218365e-08)
(2.2974088e-05 5.5876759e-05 -9.8228259e-09)
(2.309181e-05 5.9805128e-05 -9.3641584e-09)
(2.2679871e-05 6.3341833e-05 -8.8478379e-09)
(2.1794101e-05 6.6429149e-05 -8.2771206e-09)
(2.0485599e-05 6.8972595e-05 -7.6535814e-09)
(1.8806652e-05 7.0932893e-05 -6.9777796e-09)
(1.6809637e-05 7.2297523e-05 -6.2500024e-09)
(1.4549808e-05 7.3089859e-05 -5.4711462e-09)
(1.208503e-05 7.3318669e-05 -4.6435141e-09)
(9.472222e-06 7.3134542e-05 -3.7716078e-09)
(6.7665669e-06 7.1267792e-05 -2.8630495e-09)
(4.0163008e-06 7.4837371e-05 -1.9297308e-09)
(1.2836069e-06 6.8070307e-05 -9.8592817e-10)
(-3.9774352e-05 -1.4893359e-06 -4.8508111e-09)
(-3.2227758e-05 9.8338604e-07 -5.5131781e-09)
(-2.4681648e-05 4.029848e-06 -6.0785565e-09)
(-1.7454422e-05 7.6653264e-06 -6.5400037e-09)
(-1.0770136e-05 1.1861044e-05 -6.894873e-09)
(-4.7797919e-06 1.6310238e-05 -7.1444432e-09)
(4.083732e-07 2.1212802e-05 -7.2934747e-09)
(4.7575291e-06 2.6398283e-05 -7.3493132e-09)
(8.3475699e-06 3.1406866e-05 -7.3211092e-09)
(1.1216675e-05 3.625501e-05 -7.2187273e-09)
(1.3418939e-05 4.092541e-05 -7.0518128e-09)
(1.5000243e-05 4.5350391e-05 -6.8290828e-09)
(1.6013569e-05 4.9520032e-05 -6.5578698e-09)
(1.6509766e-05 5.3302638e-05 -6.2438974e-09)
(1.6536757e-05 5.6585184e-05 -5.8912505e-09)
(1.6139598e-05 5.9449456e-05 -5.5025553e-09)
(1.5364302e-05 6.188776e-05 -5.0793011e-09)
(1.4254304e-05 6.3837508e-05 -4.6222729e-09)
(1.28525e-05 6.5299827e-05 -4.1320771e-09)
(1.1204984e-05 6.6229165e-05 -3.6096705e-09)
(9.3609215e-06 6.6624833e-05 -3.0568925e-09)
(7.3683586e-06 6.6625408e-05 -2.4769081e-09)
(5.2761276e-06 6.4992234e-05 -1.8746194e-09)
(3.1337178e-06 6.8612916e-05 -1.2574024e-09)
(9.9711758e-07 6.2187697e-05 -6.3429643e-10)
(-4.1409146e-05 -7.0649285e-07 -3.1826854e-09)
(-3.4979929e-05 1.3384233e-06 -3.6152519e-09)
(-2.8470918e-05 3.964126e-06 -3.9847017e-09)
(-2.213697e-05 7.1589887e-06 -4.2863385e-09)
(-1.6189842e-05 1.0858215e-05 -4.5181465e-09)
(-1.0764832e-05 1.474225e-05 -4.6807852e-09)
(-5.9362036e-06 1.8832389e-05 -4.777198e-09)
(-1.7967095e-06 2.3179218e-05 -4.8119689e-09)
(1.6596225e-06 2.7692368e-05 -4.7909728e-09)
(4.493122e-06 3.2040027e-05 -4.7206474e-09)
(6.7556473e-06 3.622779e-05 -4.6073788e-09)
(8.4852924e-06 4.0192076e-05 -4.4570228e-09)
(9.7310457e-06 4.3916809e-05 -4.2745907e-09)
(1.05287e-05 4.7346657e-05 -4.0640872e-09)
(1.091545e-05 5.0457045e-05 -3.8284711e-09)
(1.0930503e-05 5.3177905e-05 -3.5697468e-09)
(1.0613894e-05 5.5427048e-05 -3.289174e-09)
(1.0000666e-05 5.7247868e-05 -2.9875366e-09)
(9.1286693e-06 5.8654019e-05 -2.6654697e-09)
(8.0364499e-06 5.9582401e-05 -2.3237899e-09)
(6.7638724e-06 6.0019242e-05 -1.9638291e-09)
(5.3519806e-06 6.0132138e-05 -1.5876885e-09)
(3.8429234e-06 5.8632361e-05 -1.1984556e-09)
(2.2835453e-06 6.2165975e-05 -8.0089907e-10)
(7.2097319e-07 5.6177146e-05 -4.0077212e-10)
(-4.283494e-05 -2.258017e-08 -2.0469894e-09)
(-3.7324683e-05 1.5589838e-06 -2.3227498e-09)
(-3.1689225e-05 3.7176401e-06 -2.5584213e-09)
(-2.6131765e-05 6.5198195e-06 -2.7507627e-09)
(-2.0843671e-05 9.7260817e-06 -2.898358e-09)
(-1.5948399e-05 1.3157405e-05 -3.0014681e-09)
(-1.1510944e-05 1.6756023e-05 -3.0618105e-09)
(-7.5739175e-06 2.0360945e-05 -3.0823206e-09)
(-4.205671e-06 2.4094053e-05 -3.066668e-09)
(-1.3880452e-06 2.7990988e-05 -3.0189621e-09)
(9.0782314e-07 3.1738727e-05 -2.943363e-09)
(2.7426465e-06 3.5270681e-05 -2.8437329e-09)
(4.1615246e-06 3.8583832e-05 -2.7234364e-09)
(5.1915636e-06 4.1628977e-05 -2.5852179e-09)
(5.873182e-06 4.4406752e-05 -2.4311594e-09)
(6.2385889e-06 4.6855092e-05 -2.2627332e-09)
(6.3154489e-06 4.8968277e-05 -2.0809295e-09)
(6.1345997e-06 5.070041e-05 -1.8864115e-09)
(5.7292965e-06 5.2005287e-05 -1.6797253e-09)
(5.1320303e-06 5.287245e-05 -1.4614987e-09)
(4.374965e-06 5.3288125e-05 -1.232642e-09)
(3.4921106e-06 5.3478889e-05 -9.9450287e-10)
(2.5193077e-06 5.2027712e-05 -7.4899195e-10)
(1.4978157e-06 5.5336163e-05 -4.9925967e-10)
(4.6473923e-07 4.9886725e-05 -2.4876024e-10)
(-4.4032606e-05 2.6345449e-07 -1.2915653e-09)
(-3.9284021e-05 1.5033639e-06 -1.4630575e-09)
(-3.4376871e-05 3.309353e-06 -1.6097619e-09)
(-2.9495441e-05 5.7529022e-06 -1.729444e-09)
(-2.4785709e-05 8.4227531e-06 -1.8210698e-09)
(-2.036094e-05 1.1351853e-05 -1.8847142e-09)
(-1.6297965e-05 1.4441504e-05 -1.921359e-09)
(-1.2624117e-05 1.763677e-05 -1.9328055e-09)
(-9.3670213e-06 2.0863143e-05 -1.9213493e-09)
(-6.561819e-06 2.4007359e-05 -1.8895465e-09)
(-4.2044803e-06 2.7151732e-05 -1.8400324e-09)
(-2.2595039e-06 3.0324281e-05 -1.7753215e-09)
(-7.004202e-07 3.3270956e-05 -1.6976203e-09)
(5.2215683e-07 3.5950778e-05 -1.6087606e-09)
(1.4491269e-06 3.8413032e-05 -1.5101673e-09)
(2.1054173e-06 4.058389e-05 -1.4028834e-09)
(2.5131651e-06 4.2444523e-05 -1.2876398e-09)
(2.701665e-06 4.3981891e-05 -1.1649562e-09)
(2.7011057e-06 4.5168367e-05 -1.0352553e-09)
(2.5388192e-06 4.5998011e-05 -8.9899098e-10)
(2.2386812e-06 4.6435806e-05 -7.5675964e-10)
(1.8274299e-06 4.6661294e-05 -6.0939804e-10)
(1.335142e-06 4.5202896e-05 -4.5804763e-10)
(7.9695297e-07 4.8165336e-05 -3.046656e-10)
(2.4001057e-07 4.3444939e-05 -1.5082124e-10)
(-4.5017013e-05 2.6684436e-07 -7.9991668e-10)
(-4.0903918e-05 1.3165233e-06 -9.0378202e-10)
(-3.6609134e-05 2.6830735e-06 -9.9275805e-10)
(-3.2293178e-05 4.6113675e-06 -1.0653644e-09)
(-2.807939e-05 6.9775841e-06 -1.1208257e-09)
(-2.4065396e-05 9.4325528e-06 -1.1590975e-09)
(-2.0325623e-05 1.2031608e-05 -1.1807271e-09)
(-1.6905104e-05 1.477744e-05 -1.186764e-09)
(-1.3815931e-05 1.7554494e-05 -1.1786117e-09)
(-1.1074115e-05 2.0324435e-05 -1.1578525e-09)
(-8.6776122e-06 2.3029142e-05 -1.1261156e-09)
(-6.6336623e-06 2.5563007e-05 -1.0849718e-09)
(-4.9253881e-06 2.7983529e-05 -1.035843e-09)
(-3.5091944e-06 3.0353824e-05 -9.7992686e-10)
(-2.3665369e-06 3.2532069e-05 -9.1817277e-10)
(-1.4657735e-06 3.4419281e-05 -8.5129555e-10)
(-7.7486072e-07 3.6022274e-05 -7.7981001e-10)
(-2.6847199e-07 3.7355934e-05 -7.040938e-10)
(7.8769873e-08 3.8409856e-05 -6.2445541e-10)
(2.8913326e-07 3.9154954e-05 -5.4120714e-10)
(3.8227555e-07 3.9555655e-05 -4.5473033e-10)
(3.7973758e-07 3.9818623e-05 -3.6553171e-10)
(3.0591825e-07 3.8375979e-05 -2.7426563e-10)
(1.8785985e-07 4.0985572e-05 -1.8212663e-10)
(4.8206101e-08 3.7087558e-05 -8.9991625e-11)
(-4.5800672e-05 9.6735638e-08 -4.8647403e-10)
(-4.2217213e-05 8.3644389e-07 -5.4752059e-10)
(-3.8439811e-05 2.0823807e-06 -5.9996768e-10)
(-3.4593478e-05 3.5512543e-06 -6.4281359e-10)
(-3.0793694e-05 5.3605998e-06 -6.7547503e-10)
(-2.7130064e-05 7.4584302e-06 -6.9786145e-10)
(-2.366939e-05 9.6670367e-06 -7.1025819e-10)
(-2.0457867e-05 1.1986534e-05 -7.1324324e-10)
(-1.752399e-05 1.4321318e-05 -7.0763918e-10)
(-1.4871304e-05 1.6654747e-05 -6.9440027e-10)
(-1.2499965e-05 1.8952248e-05 -6.7452058e-10)
(-1.0407763e-05 2.1157113e-05 -6.4896223e-10)
(-8.5756438e-06 2.3273156e-05 -6.1860423e-10)
(-6.9962847e-06 2.5204634e-05 -5.8420112e-10)
(-5.6581824e-06 2.6926336e-05 -5.4636961e-10)
(-4.5306202e-06 2.8508192e-05 -5.0558719e-10)
(-3.5816089e-06 2.9896285e-05 -4.6220562e-10)
(-2.7898531e-06 3.1059512e-05 -4.164853e-10)
(-2.1410554e-06 3.1988369e-05 -3.6863854e-10)
(-1.6164944e-06 3.2631296e-05 -3.1887328e-10)
(-1.1924473e-06 3.2966338e-05 -2.6743086e-10)
(-8.4842301e-07 3.3189472e-05 -2.1461028e-10)
(-5.6597955e-07 3.1780611e-05 -1.6076788e-10)
(-3.3195092e-07 3.4305598e-05 -1.0665236e-10)
(-1.2420375e-07 3.0810062e-05 -5.268426e-11)
(-4.6368968e-05 -2.5135045e-07 -2.9074528e-10)
(-4.3223943e-05 3.539289e-07 -3.2526387e-10)
(-3.9878964e-05 1.3183885e-06 -3.5508341e-10)
(-3.6434975e-05 2.5374602e-06 -3.7950561e-10)
(-3.2986888e-05 3.9406173e-06 -3.9811635e-10)
(-2.9620113e-05 5.5629372e-06 -4.1079788e-10)
(-2.6398641e-05 7.4033814e-06 -4.1766208e-10)
(-2.3369441e-05 9.3205495e-06 -4.1900894e-10)
(-2.0559811e-05 1.1267193e-05 -4.1529905e-10)
(-1.7983192e-05 1.3226672e-05 -4.0708121e-10)
(-1.5644386e-05 1.5138472e-05 -3.9493866e-10)
(-1.3532431e-05 1.6989283e-05 -3.7944863e-10)
(-1.1636192e-05 1.8754014e-05 -3.6114343e-10)
(-9.9516455e-06 2.0388164e-05 -3.4048818e-10)
(-8.4549418e-06 2.1873705e-05 -3.1786633e-10)
(-7.1302148e-06 2.3217511e-05 -2.9357828e-10)
(-5.961531e-06 2.4391124e-05 -2.6785398e-10)
(-4.9309402e-06 2.5342013e-05 -2.4086962e-10)
(-4.0256893e-06 2.6059678e-05 -2.1276899e-10)
(-3.2291099e-06 2.6572799e-05 -1.836869e-10)
(-2.5201128e-06 2.687572e-05 -1.5377253e-10)
(-1.8811092e-06 2.7167954e-05 -1.2320164e-10)
(-1.2986781e-06 2.5732347e-05 -9.2154766e-11)
(-7.641154e-07 2.8090889e-05 -6.112626e-11)
(-2.5916287e-07 2.5233444e-05 -3.0109033e-11)
(-4.670758e-05 -6.6044517e-07 -1.7112777e-10)
(-4.3923642e-05 -1.8916596e-07 -1.895017e-10)
(-4.0938163e-05 5.2344316e-07 -2.0556005e-10)
(-3.7837543e-05 1.469592e-06 -2.1879981e-10)
(-3.4698611e-05 2.5991257e-06 -2.2892164e-10)
(-3.1593738e-05 3.924885e-06 -2.3579115e-10)
(-2.8583537e-05 5.3147988e-06 -2.394149e-10)
(-2.57142e-05 6.7910828e-06 -2.3993243e-10)
(-2.3014528e-05 8.4392843e-06 -2.3757202e-10)
(-2.050226e-05 1.0083006e-05 -2.3262582e-10)
(-1.8183048e-05 1.1675275e-05 -2.2542357e-10)
(-1.6054543e-05 1.321631e-05 -2.162983e-10)
(-1.411249e-05 1.4674999e-05 -2.0556294e-10)
(-1.2344157e-05 1.6036311e-05 -1.9349316e-10)
(-1.073068e-05 1.727817e-05 -1.8031982e-10)
(-9.2607019e-06 1.8387285e-05 -1.6622873e-10)
(-7.9249574e-06 1.9345676e-05 -1.5136447e-10)
(-6.7091821e-06 2.0124382e-05 -1.3583922e-10)
(-5.5951596e-06 2.0716048e-05 -1.1974692e-10)
(-4.5684558e-06 2.113153e-05 -1.0317479e-10)
(-3.6185485e-06 2.1363308e-05 -8.6214477e-11)
(-2.7340625e-06 2.157682e-05 -6.8967389e-11)
(-1.9050983e-06 2.0436865e-05 -5.1515099e-11)
(-1.1214301e-06 2.3107069e-05 -3.4215129e-11)
(-3.7132609e-07 1.9818317e-05 -1.6900979e-11)
(-4.6818946e-05 -1.0794144e-06 -9.9596304e-11)
(-4.4334234e-05 -7.5916826e-07 -1.0835325e-10)
(-4.1649542e-05 -2.4410762e-07 -1.1620702e-10)
(-3.8838529e-05 4.525038e-07 -1.2279632e-10)
(-3.5968592e-05 1.3157807e-06 -1.2789076e-10)
(-3.3098914e-05 2.348111e-06 -1.3135272e-10)
(-3.0281787e-05 3.4950923e-06 -1.3312438e-10)
(-2.7557992e-05 4.7127135e-06 -1.3322916e-10)
(-2.4959242e-05 5.9549624e-06 -1.3176409e-10)
(-2.2506047e-05 7.2282995e-06 -1.2887958e-10)
(-2.0207461e-05 8.5504995e-06 -1.2474981e-10)
(-1.8066644e-05 9.8330036e-06 -1.195535e-10)
(-1.6079832e-05 1.1021845e-05 -1.134623e-10)
(-1.4237458e-05 1.2123953e-05 -1.066335e-10)
(-1.2530815e-05 1.3140576e-05 -9.920246e-11)
(-1.0948228e-05 1.4045418e-05 -9.1279241e-11)
(-9.4788539e-06 1.4814995e-05 -8.2951175e-11)
(-8.1108743e-06 1.5445965e-05 -7.4287982e-11)
(-6.8296531e-06 1.5930913e-05 -6.534813e-11)
(-5.6239527e-06 1.6267747e-05 -5.6186242e-11)
(-4.4864692e-06 1.6452315e-05 -4.6858331e-11)
(-3.4096154e-06 1.662576e-05 -3.7423333e-11)
(-2.3861883e-06 1.568673e-05 -2.7911843e-11)
(-1.4113658e-06 1.8480879e-05 -1.8597209e-11)
(-4.7451784e-07 1.5208319e-05 -9.1634403e-12)
(-4.6714853e-05 -1.5136278e-06 -5.7708245e-11)
(-4.448051e-05 -1.3188228e-06 -6.0916177e-11)
(-4.2049717e-05 -9.8507815e-07 -6.401694e-11)
(-3.9484593e-05 -4.7662294e-07 -6.6779556e-11)
(-3.6844049e-05 1.7386382e-07 -6.8971931e-11)
(-3.4179829e-05 9.3736534e-07 -7.0436017e-11)
(-3.1536327e-05 1.8472023e-06 -7.1119041e-11)
(-2.8949797e-05 2.7958373e-06 -7.100447e-11)
(-2.6449997e-05 3.7594983e-06 -7.0110086e-11)
(-2.4056961e-05 4.7987867e-06 -6.8488508e-11)
(-2.178418e-05 5.8158483e-06 -6.6217096e-11)
(-1.9638308e-05 6.7935662e-06 -6.3381966e-11)
(-1.7618343e-05 7.7431131e-06 -6.0071789e-11)
(-1.5719276e-05 8.6310973e-06 -5.6370922e-11)
(-1.3935637e-05 9.4663968e-06 -5.2352383e-11)
(-1.2259707e-05 1.0206301e-05 -4.8078175e-11)
(-1.0680765e-05 1.0819215e-05 -4.3599298e-11)
(-9.1887896e-06 1.1328713e-05 -3.8957215e-11)
(-7.7751493e-06 1.172402e-05 -3.418677e-11)
(-6.4317595e-06 1.2004096e-05 -2.9321722e-11)
(-5.1513288e-06 1.2157862e-05 -2.4396667e-11)
(-3.9277777e-06 1.2330708e-05 -1.9448681e-11)
(-2.7555744e-06 1.1538292e-05 -1.4480806e-11)
(-1.6314232e-06 1.4331064e-05 -9.7166512e-12)
(-5.4519882e-07 1.1213274e-05 -4.7761379e-12)
(-4.6410624e-05 -1.9687931e-06 -3.3742133e-11)
(-4.4386786e-05 -1.8632032e-06 -3.388949e-11)
(-4.2171242e-05 -1.6527952e-06 -3.435452e-11)
(-3.981639e-05 -1.3156752e-06 -3.4934915e-11)
(-3.7372459e-05 -8.7026895e-07 -3.5446058e-11)
(-3.4885345e-05 -3.1868697e-07 -3.5765614e-11)
(-3.2394731e-05 3.2935577e-07 -3.5822196e-11)
(-2.9934384e-05 1.0380951e-06 -3.5578526e-11)
(-2.7530557e-05 1.7888509e-06 -3.5015934e-11)
(-2.5202711e-05 2.5752088e-06 -3.4132216e-11)
(-2.2965274e-05 3.3637907e-06 -3.2947741e-11)
(-2.082571e-05 4.1476073e-06 -3.1495394e-11)
(-1.8787335e-05 4.909689e-06 -2.980935e-11)
(-1.6849416e-05 5.6216249e-06 -2.7926907e-11)
(-1.5008968e-05 6.2476164e-06 -2.5886083e-11)
(-1.3260977e-05 6.8095793e-06 -2.3719618e-11)
(-1.1597389e-05 7.3210886e-06 -2.1455115e-11)
(-1.0010782e-05 7.7466677e-06 -1.9116215e-11)
(-8.4949792e-06 8.081547e-06 -1.6722692e-11)
(-7.0442972e-06 8.3196657e-06 -1.4294293e-11)
(-5.6535271e-06 8.4540134e-06 -1.1854211e-11)
(-4.3182199e-06 8.6445871e-06 -9.4279447e-12)
(-3.0335738e-06 7.9369129e-06 -7.0000305e-12)
(-1.7942903e-06 1.0651028e-05 -4.7663055e-12)
(-5.952541e-07 7.7723022e-06 -2.3196453e-12)
(-4.5923934e-05 -2.3361502e-06 -2.0514162e-11)
(-4.4078068e-05 -2.418146e-06 -1.89772e-11)
(-4.2045616e-05 -2.3011685e-06 -1.7978955e-11)
(-3.9871168e-05 -2.1207269e-06 -1.7336359e-11)
(-3.7597872e-05 -1.8462223e-06 -1.6911044e-11)
(-3.5265911e-05 -1.4760659e-06 -1.6593942e-11)
(-3.2911146e-05 -1.0335351e-06 -1.6298054e-11)
(-3.0564524e-05 -5.2553912e-07 -1.5974452e-11)
(-2.825079e-05 3.0448011e-08 -1.5590024e-11)
(-2.5989449e-05 6.1215361e-07 -1.5115897e-11)
(-2.3794149e-05 1.2144388e-06 -1.454047e-11)
(-2.1673531e-05 1.8195036e-06 -1.3863339e-11)
(-1.9633327e-05 2.4088815e-06 -1.3090789e-11)
(-1.7675606e-05 2.9657901e-06 -1.2234374e-11)
(-1.5799198e-05 3.4677067e-06 -1.1307112e-11)
(-1.4000299e-05 3.9184841e-06 -1.0323676e-11)
(-1.2275097e-05 4.3253075e-06 -9.2981556e-12)
(-1.0619077e-05 4.6736797e-06 -8.2427855e-12)
(-9.0278695e-06 4.9610528e-06 -7.169846e-12)
(-7.4974933e-06 5.1770219e-06 -6.0907983e-12)
(-6.0245105e-06 5.3029778e-06 -5.0199004e-12)
(-4.606084e-06 5.5001892e-06 -3.9764649e-12)
(-3.2385273e-06 4.8548742e-06 -2.9376536e-12)
(-1.9144421e-06 7.4675356e-06 -2.0775406e-12)
(-6.3295364e-07 4.8295628e-06 -9.867073e-13)
(-4.5274487e-05 -2.5519434e-06 -1.3666505e-11)
(-4.3580079e-05 -2.8234633e-06 -1.1138094e-11)
(-4.1704635e-05 -2.9357691e-06 -9.3011331e-12)
(-3.9686244e-05 -2.8773321e-06 -7.9949716e-12)
(-3.7562326e-05 -2.729641e-06 -7.0682386e-12)
(-3.5368333e-05 -2.5086052e-06 -6.3994003e-12)
(-3.3136287e-05 -2.2282218e-06 -5.9047755e-12)
(-3.0894267e-05 -1.8860678e-06 -5.52895e-12)
(-2.8665853e-05 -1.4950773e-06 -5.2273252e-12)
(-2.6470014e-05 -1.0738224e-06 -4.9616278e-12)
(-2.4320712e-05 -6.3158107e-07 -4.7044752e-12)
(-2.2228238e-05 -1.8119547e-07 -4.4387506e-12)
(-2.0199128e-05 2.6232679e-07 -4.1553629e-12)
(-1.8236868e-05 6.8878498e-07 -3.8510997e-12)
(-1.6342125e-05 1.0862402e-06 -3.525883e-12)
(-1.451333e-05 1.4503929e-06 -3.1830018e-12)
(-1.2749075e-05 1.7787261e-06 -2.8272496e-12)
(-1.1046972e-05 2.0649184e-06 -2.4641035e-12)
(-9.4042109e-06 2.3079095e-06 -2.1007842e-12)
(-7.8180683e-06 2.4965412e-06 -1.7444222e-12)
(-6.2863946e-06 2.6140471e-06 -1.4050085e-12)
(-4.8080197e-06 2.8250238e-06 -1.0978882e-12)
(-3.3819173e-06 2.2438136e-06 -7.9521433e-13)
(-1.9992047e-06 4.7327141e-06 -6.5536744e-13)
(-6.6139345e-07 2.3445257e-06 -2.8410313e-13)
(-4.4484019e-05 -2.7901795e-06 -1.0354234e-11)
(-4.2919665e-05 -3.1270277e-06 -7.3283677e-12)
(-4.118023e-05 -3.3733825e-06 -5.0524603e-12)
(-3.9298354e-05 -3.5089542e-06 -3.3803412e-12)
(-3.7306677e-05 -3.4911404e-06 -2.1735795e-12)
(-3.5236327e-05 -3.3884407e-06 -1.3073636e-12)
(-3.3116246e-05 -3.2418181e-06 -6.9405829e-13)
(-3.0972177e-05 -3.0310042e-06 -2.7358398e-13)
(-2.8826038e-05 -2.7792994e-06 3.8793123e-15)
(-2.669605e-05 -2.4920817e-06 1.8043179e-13)
(-2.4596647e-05 -2.1837729e-06 2.8987368e-13)
(-2.253888e-05 -1.8626344e-06 3.5604825e-13)
(-2.0530249e-05 -1.5379619e-06 3.9633213e-13)
(-1.8575465e-05 -1.2168608e-06 4.2204962e-13)
(-1.667709e-05 -9.0602127e-07 4.3997013e-13)
(-1.4836136e-05 -6.1280873e-07 4.5412369e-13)
(-1.3052072e-05 -3.4512893e-07 4.6588771e-13)
(-1.1323729e-05 -1.0737717e-07 4.7350424e-13)
(-9.6494257e-06 1.0008544e-07 4.72918e-13)
(-8.0272348e-06 2.7024563e-07 4.5911472e-13)
(-6.455554e-06 3.83327e-07 4.2469984e-13)
(-4.934158e-06 6.0078456e-07 3.5742413e-13)
(-3.4654405e-06 5.6092019e-08 2.885489e-13)
(-2.0525005e-06 2.3883156e-06 6.9972613e-14)
(-6.8826086e-07 2.7348155e-07 7.1603883e-14)
(-4.3575676e-05 -3.0101035e-06 -8.8767441e-12)
(-4.2124468e-05 -3.380822e-06 -5.7315188e-12)
(-4.0504076e-05 -3.6918575e-06 -3.2716892e-12)
(-3.8742897e-05 -3.910824e-06 -1.4059837e-12)
(-3.6869424e-05 -4.0746581e-06 -2.9936103e-14)
(-3.491123e-05 -4.1461155e-06 9.5522753e-13)
(-3.2894444e-05 -4.0796403e-06 1.6453444e-12)
(-3.0842496e-05 -3.9695826e-06 2.1109431e-12)
(-2.8776075e-05 -3.8335707e-06 2.3991035e-12)
(-2.6712824e-05 -3.6518511e-06 2.5533149e-12)
(-2.466704e-05 -3.4538581e-06 2.6095133e-12)
(-2.265005e-05 -3.2349456e-06 2.5932373e-12)
(-2.0670363e-05 -2.998177e-06 2.5265489e-12)
(-1.8733901e-05 -2.7577972e-06 2.4268316e-12)
(-1.6844699e-05 -2.5215388e-06 2.3051172e-12)
(-1.5005256e-05 -2.2939526e-06 2.1678769e-12)
(-1.3216295e-05 -2.0791797e-06 2.018703e-12)
(-1.1477686e-05 -1.8798871e-06 1.8582639e-12)
(-9.7886404e-06 -1.6983142e-06 1.6850379e-12)
(-8.1478365e-06 -1.5399792e-06 1.4957796e-12)
(-6.5537651e-06 -1.4250197e-06 1.284752e-12)
(-5.005819e-06 -1.1949466e-06 1.0415034e-12)
(-3.5071206e-06 -1.7386791e-06 7.9847472e-13)
(-2.0849232e-06 3.8790368e-07 4.1738423e-13)
(-7.1584756e-07 -1.4060609e-06 2.4167085e-13)
(-4.2574064e-05 -3.1980558e-06 -8.3659757e-12)
(-4.1222302e-05 -3.6056828e-06 -5.2547939e-12)
(-3.9707437e-05 -3.9540359e-06 -2.776275e-12)
(-3.805415e-05 -4.245692e-06 -8.4100985e-13)
(-3.6287434e-05 -4.4803091e-06 6.2504712e-13)
(-3.4432054e-05 -4.6262787e-06 1.6925672e-12)
(-3.2511368e-05 -4.7187544e-06 2.4447655e-12)
(-3.0546882e-05 -4.7487e-06 2.9530871e-12)
(-2.8558168e-05 -4.6718572e-06 3.2687772e-12)
(-2.6561996e-05 -4.5645185e-06 3.4340864e-12)
(-2.4572644e-05 -4.4507636e-06 3.483906e-12)
(-2.2601619e-05 -4.3046738e-06 3.4487686e-12)
(-2.0658085e-05 -4.1405439e-06 3.3527364e-12)
(-1.8748871e-05 -3.9705714e-06 3.2132906e-12)
(-1.6879079e-05 -3.7966126e-06 3.0428748e-12)
(-1.5052206e-05 -3.6227814e-06 2.8497316e-12)
(-1.3270344e-05 -3.4511645e-06 2.6386988e-12)
(-1.1534544e-05 -3.2836879e-06 2.4119708e-12)
(-9.8451276e-06 -3.122349e-06 2.169604e-12)
(-8.2018481e-06 -2.9703821e-06 1.9097193e-12)
(-6.604087e-06 -2.8459106e-06 1.6280184e-12)
(-5.0513702e-06 -2.5735984e-06 1.3148314e-12)
(-3.5446275e-06 -3.1604569e-06 1.0027384e-12)
(-2.103369e-06 -1.3096205e-06 5.6267481e-13)
(-7.0856323e-07 -2.7003702e-06 3.1388274e-13)
(-4.1505792e-05 -3.3158084e-06 -8.4053489e-12)
(-4.0242324e-05 -3.7669261e-06 -5.3685782e-12)
(-3.8821865e-05 -4.1598769e-06 -2.9202951e-12)
(-3.7265993e-05 -4.4918075e-06 -9.8621945e-13)
(-3.5596824e-05 -4.7697776e-06 5.0931156e-13)
(-3.3836336e-05 -4.9919877e-06 1.6316909e-12)
(-3.2005692e-05 -5.1510198e-06 2.4383681e-12)
(-3.0124821e-05 -5.2223451e-06 2.9872504e-12)
(-2.8211875e-05 -5.2588799e-06 3.3370483e-12)
(-2.6282853e-05 -5.2648969e-06 3.5324809e-12)
(-2.4351847e-05 -5.2092052e-06 3.6057496e-12)
(-2.2430534e-05 -5.1143392e-06 3.5875485e-12)
(-2.0528292e-05 -5.0039231e-06 3.5020684e-12)
(-1.8652875e-05 -4.8931878e-06 3.3667293e-12)
(-1.6810157e-05 -4.7667509e-06 3.1944799e-12)
(-1.5004555e-05 -4.6311571e-06 2.9946272e-12)
(-1.3239219e-05 -4.4917395e-06 2.7729965e-12)
(-1.1516342e-05 -4.3500234e-06 2.5328322e-12)
(-9.837457e-06 -4.2054469e-06 2.275099e-12)
(-8.203672e-06 -4.0599519e-06 1.998882e-12)
(-6.6158453e-06 -3.9373805e-06 1.7012579e-12)
(-5.0744715e-06 -3.6563431e-06 1.3717609e-12)
(-3.5779454e-06 -4.2007303e-06 1.0445657e-12)
(-2.1047511e-06 -2.4734592e-06 5.9806871e-13)
(-6.6692563e-07 -3.7202487e-06 3.2690209e-13)
(-4.0399722e-05 -3.3514029e-06 -8.7742604e-12)
(-3.9214925e-05 -3.8328867e-06 -5.8096062e-12)
(-3.7879171e-05 -4.2610582e-06 -3.4002716e-12)
(-3.6411493e-05 -4.6279936e-06 -1.4802726e-12)
(-3.4831579e-05 -4.9330644e-06 1.6952679e-14)
(-3.3159014e-05 -5.182227e-06 1.160079e-12)
(-3.1413007e-05 -5.3826742e-06 2.00777e-12)
(-2.9611824e-05 -5.5352416e-06 2.6058311e-12)
(-2.7772361e-05 -5.6404336e-06 3.0018206e-12)
(-2.5909989e-05 -5.6926391e-06 3.2397679e-12)
(-2.4038255e-05 -5.6954277e-06 3.3530141e-12)
(-2.2168888e-05 -5.6795874e-06 3.3699799e-12)
(-2.0311602e-05 -5.636336e-06 3.3139479e-12)
(-1.8474684e-05 -5.5578006e-06 3.2032166e-12)
(-1.6664673e-05 -5.4580541e-06 3.0517912e-12)
(-1.4886634e-05 -5.3434373e-06 2.86949e-12)
(-1.3144575e-05 -5.2266897e-06 2.6628864e-12)
(-1.1441559e-05 -5.1055329e-06 2.4357786e-12)
(-9.7799304e-06 -4.9774232e-06 2.1896295e-12)
(-8.1615149e-06 -4.8455893e-06 1.924274e-12)
(-6.5875961e-06 -4.7450025e-06 1.6383368e-12)
(-5.0581995e-06 -4.4982924e-06 1.3200707e-12)
(-3.5694699e-06 -4.9029386e-06 1.0051679e-12)
(-2.0912423e-06 -3.1895402e-06 5.7863455e-13)
(-6.4937858e-07 -4.4343157e-06 3.1375928e-13)
(-3.9283726e-05 -3.3553973e-06 -9.2829294e-12)
(-3.8168755e-05 -3.8470941e-06 -6.3946913e-12)
(-3.6908696e-05 -4.2814583e-06 -4.0330277e-12)
(-3.5520487e-05 -4.6614444e-06 -2.138184e-12)
(-3.4021697e-05 -4.9873321e-06 -6.4371259e-13)
(-3.2430021e-05 -5.2617552e-06 5.1475941e-13)
(-3.076288e-05 -5.4895767e-06 1.3921886e-12)
(-2.9037055e-05 -5.6784578e-06 2.0351514e-12)
(-2.7268299e-05 -5.8209841e-06 2.4799982e-12)
(-2.5471135e-05 -5.9132825e-06 2.7632926e-12)
(-2.3658642e-05 -5.9645206e-06 2.9198202e-12)
(-2.1842396e-05 -5.9844402e-06 2.9776909e-12)
(-2.0032488e-05 -5.9736862e-06 2.9599921e-12)
(-1.82373e-05 -5.9302147e-06 2.8845941e-12)
(-1.6463851e-05 -5.8698138e-06 2.7655936e-12)
(-1.471775e-05 -5.7946978e-06 2.6131761e-12)
(-1.3003567e-05 -5.7003994e-06 2.4342633e-12)
(-1.1324873e-05 -5.5949664e-06 2.2332307e-12)
(-9.6843538e-06 -5.4806285e-06 2.0121245e-12)
(-8.0838828e-06 -5.3583661e-06 1.7713804e-12)
(-6.5242635e-06 -5.2700237e-06 1.5105338e-12)
(-5.0044871e-06 -5.0365684e-06 1.2180769e-12)
(-3.5208168e-06 -5.3433607e-06 9.293656e-13)
(-2.0685244e-06 -3.710241e-06 5.3668913e-13)
(-6.5655004e-07 -4.8817646e-06 2.903551e-13)
(-3.8180717e-05 -3.2650292e-06 -9.8572709e-12)
(-3.7127521e-05 -3.7526987e-06 -7.0556001e-12)
(-3.5934828e-05 -4.1906196e-06 -4.7403305e-12)
(-3.4617822e-05 -4.5794078e-06 -2.8609399e-12)
(-3.3192306e-05 -4.9215799e-06 -1.3600737e-12)
(-3.1674381e-05 -5.216708e-06 -1.8242181e-13)
(-3.007998e-05 -5.4654044e-06 7.2210356e-13)
(-2.8424592e-05 -5.6698299e-06 1.3985178e-12)
(-2.6722924e-05 -5.8320118e-06 1.8841802e-12)
(-2.4988736e-05 -5.9550639e-06 2.2120288e-12)
(-2.3234581e-05 -6.0369933e-06 2.4118216e-12)
(-2.1471745e-05 -6.0813576e-06 2.5114121e-12)
(-1.9710246e-05 -6.095062e-06 2.5340984e-12)
(-1.7958617e-05 -6.0812302e-06 2.4973674e-12)
(-1.6224091e-05 -6.0465428e-06 2.4150449e-12)
(-1.4512726e-05 -5.9923895e-06 2.2973521e-12)
(-1.2829395e-05 -5.9188805e-06 2.1515657e-12)
(-1.117796e-05 -5.830517e-06 1.9824302e-12)
(-9.5613164e-06 -5.7302044e-06 1.7925545e-12)
(-7.9813836e-06 -5.6215651e-06 1.5829767e-12)
(-6.4389556e-06 -5.5340892e-06 1.3531023e-12)
(-4.933645e-06 -5.3198086e-06 1.0940451e-12)
(-3.4649608e-06 -5.5741336e-06 8.3769447e-13)
(-2.0405777e-06 -4.0696286e-06 4.8542616e-13)
(-6.5751314e-07 -5.1245544e-06 2.632496e-13)
(-3.710918e-05 -3.1130071e-06 -1.0445041e-11)
(-3.6110826e-05 -3.5854083e-06 -7.7172256e-12)
(-3.4978203e-05 -4.0173109e-06 -5.4404697e-12)
(-3.3725016e-05 -4.4068122e-06 -3.5724949e-12)
(-3.2365619e-05 -4.7545891e-06 -2.0656909e-12)
(-3.0914719e-05 -5.0581025e-06 -8.7133632e-13)
(-2.9387009e-05 -5.3166076e-06 5.6374569e-14)
(-2.7796887e-05 -5.531015e-06 7.6000298e-13)
(-2.6158164e-05 -5.7046773e-06 1.277788e-12)
(-2.4483864e-05 -5.8377613e-06 1.6418359e-12)
(-2.2786012e-05 -5.9359988e-06 1.8818108e-12)
(-2.1075515e-05 -6.0027218e-06 2.022577e-12)
(-1.9362164e-05 -6.0355004e-06 2.0845146e-12)
(-1.7654499e-05 -6.0397492e-06 2.0857385e-12)
(-1.5959892e-05 -6.0208691e-06 2.0402204e-12)
(-1.4284596e-05 -5.9813179e-06 1.9582211e-12)
(-1.2633744e-05 -5.9233544e-06 1.8470758e-12)
(-1.101146e-05 -5.8493652e-06 1.7116927e-12)
(-9.4209147e-06 -5.7618071e-06 1.5550823e-12)
(-7.8643546e-06 -5.6642885e-06 1.3786268e-12)
(-6.3432249e-06 -5.5722334e-06 1.1815758e-12)
(-4.8586061e-06 -5.3718853e-06 9.5802156e-13)
(-3.4125784e-06 -5.5769521e-06 7.3491527e-13)
(-2.0106679e-06 -4.2074331e-06 4.2434766e-13)
(-6.5047035e-07 -5.1252144e-06 2.302612e-13)
(-3.6086837e-05 -2.9188647e-06 -1.0986106e-11)
(-3.5137327e-05 -3.3675986e-06 -8.3228161e-12)
(-3.4058388e-05 -3.7834679e-06 -6.0820775e-12)
(-3.2862472e-05 -4.159957e-06 -4.232181e-12)
(-3.1562702e-05 -4.4993282e-06 -2.7279896e-12)
(-3.0172608e-05 -4.7979286e-06 -1.5251708e-12)
(-2.8705804e-05 -5.0553832e-06 -5.8078363e-13)
(-2.7175728e-05 -5.2723712e-06 1.453247e-13)
(-2.5595382e-05 -5.4503289e-06 6.8996245e-13)
(-2.3977113e-05 -5.5887604e-06 1.0846962e-12)
(-2.2332414e-05 -5.6935785e-06 1.3583982e-12)
(-2.0671872e-05 -5.7674777e-06 1.5347608e-12)
(-1.9005016e-05 -5.8112411e-06 1.6333049e-12)
(-1.7340315e-05 -5.828532e-06 1.670827e-12)
(-1.5685179e-05 -5.8210808e-06 1.6606674e-12)
(-1.4045972e-05 -5.7932907e-06 1.6133699e-12)
(-1.2428039e-05 -5.7470196e-06 1.5362671e-12)
(-1.0835769e-05 -5.6833122e-06 1.4343609e-12)
(-9.2726607e-06 -5.6047298e-06 1.3109741e-12)
(-7.7414405e-06 -5.5151178e-06 1.1678176e-12)
(-6.2442939e-06 -5.4234527e-06 1.0044543e-12)
(-4.7833393e-06 -5.2398564e-06 8.17064e-13)
(-3.3613198e-06 -5.4089527e-06 6.2871613e-13)
(-1.9806831e-06 -4.1888511e-06 3.615224e-13)
(-6.4114506e-07 -4.9698967e-06 1.9676787e-13)
(-3.5131756e-05 -2.6862406e-06 -1.1459098e-11)
(-3.4225456e-05 -3.1081609e-06 -8.8451027e-12)
(-3.3194195e-05 -3.4919751e-06 -6.6494399e-12)
(-3.2049328e-05 -3.8410883e-06 -4.8271321e-12)
(-3.0802938e-05 -4.1582787e-06 -3.3349965e-12)
(-2.9467546e-05 -4.4399256e-06 -2.1325048e-12)
(-2.8055825e-05 -4.6859225e-06 -1.1789608e-12)
(-2.6580349e-05 -4.8955254e-06 -4.3662642e-13)
(-2.5053373e-05 -5.0691558e-06 1.2956997e-13)
(-2.3486628e-05 -5.2082873e-06 5.5043943e-13)
(-2.1891145e-05 -5.3144527e-06 8.527891e-13)
(-2.027717e-05 -5.3903773e-06 1.0597755e-12)
(-1.8654022e-05 -5.440052e-06 1.1907409e-12)
(-1.7030077e-05 -5.4656607e-06 1.2614975e-12)
(-1.5412737e-05 -5.4682744e-06 1.2847337e-12)
(-1.3808446e-05 -5.4502983e-06 1.2703673e-12)
(-1.2222721e-05 -5.4131309e-06 1.2256918e-12)
(-1.0660179e-05 -5.3581213e-06 1.1560417e-12)
(-9.1246472e-06 -5.287949e-06 1.0650493e-12)
(-7.6192962e-06 -5.2058108e-06 9.5469654e-13)
(-6.1468552e-06 -5.1219053e-06 8.2514586e-13)
(-4.7099516e-06 -4.9560091e-06 6.7385871e-13)
(-3.3113865e-06 -5.0984066e-06 5.2064482e-13)
(-1.951516e-06 -4.0341775e-06 2.9714764e-13)
(-6.3153505e-07 -4.6885724e-06 1.6362751e-13)
(-3.4260405e-05 -2.4028936e-06 -1.1865338e-11)
(-3.3391766e-05 -2.779614e-06 -9.3028035e-12)
(-3.2402211e-05 -3.1336099e-06 -7.1375083e-12)
(-3.1302192e-05 -3.4555596e-06 -5.3404298e-12)
(-3.0102887e-05 -3.7397422e-06 -3.8703599e-12)
(-2.8815924e-05 -3.9934804e-06 -2.6791327e-12)
(-2.7453172e-05 -4.2180861e-06 -1.7262487e-12)
(-2.6026462e-05 -4.4126615e-06 -9.7579993e-13)
(-2.4547387e-05 -4.5761055e-06 -3.9489842e-13)
(-2.3027127e-05 -4.7092648e-06 4.5670979e-14)
(-2.1476295e-05 -4.8122276e-06 3.7121366e-13)
(-1.9904795e-05 -4.8874068e-06 6.0409521e-13)
(-1.8321764e-05 -4.9386924e-06 7.6295803e-13)
(-1.6735465e-05 -4.967798e-06 8.6283925e-13)
(-1.5153287e-05 -4.9757936e-06 9.1585566e-13)
(-1.3581729e-05 -4.9634107e-06 9.3144501e-13)
(-1.2026433e-05 -4.9335915e-06 9.171083e-13)
(-1.0492219e-05 -4.8884906e-06 8.7822369e-13)
(-8.983197e-06 -4.8283167e-06 8.1833612e-13)
(-7.5028775e-06 -4.7563585e-06 7.397783e-13)
(-6.0543411e-06 -4.6806377e-06 6.4320414e-13)
(-4.6404265e-06 -4.5316717e-06 5.2718403e-13)
(-3.2638357e-06 -4.6591136e-06 4.0912997e-13)
(-1.9237867e-06 -3.7524784e-06 2.2947077e-13)
(-6.2256264e-07 -4.2807126e-06 1.2805868e-13)
(-3.3486734e-05 -2.0841139e-06 -1.2141482e-11)
(-3.2650292e-05 -2.4099341e-06 -9.626451e-12)
(-3.1696485e-05 -2.7173425e-06 -7.5043919e-12)
(-3.0635067e-05 -2.9992968e-06 -5.7448046e-12)
(-2.9476435e-05 -3.2527227e-06 -4.3036547e-12)
(-2.8231461e-05 -3.4752278e-06 -3.1356611e-12)
(-2.6911279e-05 -3.668171e-06 -2.1981485e-12)
(-2.5527124e-05 -3.8379559e-06 -1.4528606e-12)
(-2.4090035e-05 -3.983442e-06 -8.6838414e-13)
(-2.2610715e-05 -4.1035974e-06 -4.1750076e-13)
(-2.1099391e-05 -4.1994738e-06 -7.6306819e-14)
(-1.9565673e-05 -4.270501e-06 1.7586895e-13)
(-1.801849e-05 -4.3187698e-06 3.5662322e-13)
(-1.6466002e-05 -4.3477524e-06 4.8050626e-13)
(-1.4915562e-05 -4.3578001e-06 5.5895826e-13)
(-1.3373704e-05 -4.3499845e-06 6.0108261e-13)
(-1.1846162e-05 -4.3265249e-06 6.1408588e-13)
(-1.033793e-05 -4.2889669e-06 6.0324536e-13)
(-8.8533272e-06 -4.2380883e-06 5.7224967e-13)
(-7.3961105e-06 -4.176396e-06 5.2363086e-13)
(-5.969592e-06 -4.1078154e-06 4.5843609e-13)
(-4.5767348e-06 -3.9783368e-06 3.7633445e-13)
(-3.2199957e-06 -4.096935e-06 2.9268635e-13)
(-1.8984785e-06 -3.3476791e-06 1.5689048e-13)
(-6.1434123e-07 -3.7529311e-06 8.8640794e-14)
(-3.2823803e-05 -1.7287461e-06 -1.2209097e-11)
(-3.2014176e-05 -2.0012149e-06 -9.740926e-12)
(-3.1090192e-05 -2.2545695e-06 -7.6798725e-12)
(-3.0061031e-05 -2.487596e-06 -5.9792959e-12)
(-2.8936486e-05 -2.6982092e-06 -4.589133e-12)
(-2.7726818e-05 -2.8895279e-06 -3.4597848e-12)
(-2.6442571e-05 -3.0543341e-06 -2.5524817e-12)
(-2.5094412e-05 -3.1921256e-06 -1.8305492e-12)
(-2.3692955e-05 -3.3114908e-06 -1.2593611e-12)
(-2.2248502e-05 -3.4116348e-06 -8.1261874e-13)
(-2.0770956e-05 -3.4925582e-06 -4.6819754e-13)
(-1.926968e-05 -3.5537656e-06 -2.0703758e-13)
(-1.7753397e-05 -3.595983e-06 -1.2863738e-14)
(-1.6230164e-05 -3.6211921e-06 1.2779181e-13)
(-1.4707288e-05 -3.6302562e-06 2.2568818e-13)
(-1.3191318e-05 -3.6245068e-06 2.8938245e-13)
(-1.1688059e-05 -3.6052884e-06 3.2550514e-13)
(-1.0202618e-05 -3.5736691e-06 3.3905668e-13)
(-8.7394598e-06 -3.5307574e-06 3.3375279e-13)
(-7.3024969e-06 -3.478744e-06 3.1227749e-13)
(-5.8951886e-06 -3.4206136e-06 2.7609375e-13)
(-4.5206293e-06 -3.3131546e-06 2.2563391e-13)
(-3.1812734e-06 -3.421852e-06 1.7421329e-13)
(-1.8765067e-06 -2.8345068e-06 8.1575841e-14)
(-6.0689078e-07 -3.1165165e-06 4.690884e-14)
(-3.2286667e-05 -1.3347945e-06 -1.1890034e-11)
(-3.1498388e-05 -1.5454214e-06 -9.511029e-12)
(-3.0598169e-05 -1.7409454e-06 -7.551504e-12)
(-2.9594728e-05 -1.9212071e-06 -5.9493441e-12)
(-2.8497401e-05 -2.0872206e-06 -4.6445609e-12)
(-2.7315992e-05 -2.2384914e-06 -3.5876481e-12)
(-2.6060621e-05 -2.3726805e-06 -2.7377112e-12)
(-2.4741485e-05 -2.4836568e-06 -2.0605047e-12)
(-2.3368787e-05 -2.5742887e-06 -1.5236437e-12)
(-2.1952534e-05 -2.6502791e-06 -1.1000602e-12)
(-2.0502367e-05 -2.7107344e-06 -7.6925855e-13)
(-1.9027441e-05 -2.7579402e-06 -5.1319497e-13)
(-1.7536329e-05 -2.7910756e-06 -3.1723569e-13)
(-1.6036983e-05 -2.8095428e-06 -1.6954202e-13)
(-1.4536661e-05 -2.815243e-06 -6.0407604e-14)
(-1.3041911e-05 -2.8090786e-06 1.7767897e-14)
(-1.1558585e-05 -2.7922134e-06 7.0913014e-14)
(-1.0091858e-05 -2.7656423e-06 1.035446e-13)
(-8.6462819e-06 -2.7301962e-06 1.1913738e-13)
(-7.2258417e-06 -2.6872904e-06 1.2038361e-13)
(-5.8340314e-06 -2.6430048e-06 1.0908731e-13)
(-4.4739408e-06 -2.5526968e-06 8.5895564e-14)
(-3.1484228e-06 -2.6557676e-06 6.2554643e-14)
(-1.8576772e-06 -2.2322804e-06 9.5097524e-15)
(-6.01848e-07 -2.3967956e-06 5.7218953e-15)
(-3.1889908e-05 -9.1908528e-07 -1.08681e-11)
(-3.1117332e-05 -1.0641731e-06 -8.6834189e-12)
(-3.0234604e-05 -1.1994392e-06 -6.918008e-12)
(-2.92501e-05 -1.3243597e-06 -5.4935117e-12)
(-2.8172823e-05 -1.4394515e-06 -4.343343e-12)
(-2.701226e-05 -1.5435509e-06 -3.416622e-12)
(-2.5778199e-05 -1.6366681e-06 -2.6721888e-12)
(-2.4480558e-05 -1.7186984e-06 -2.0761288e-12)
(-2.3129203e-05 -1.7858534e-06 -1.6018052e-12)
(-2.1733894e-05 -1.8373555e-06 -1.2265513e-12)
(-2.0304053e-05 -1.8764803e-06 -9.3045224e-13)
(-1.8848685e-05 -1.9058109e-06 -6.9745244e-13)
(-1.7376267e-05 -1.925276e-06 -5.1508609e-13)
(-1.5894655e-05 -1.9349238e-06 -3.73371e-13)
(-1.4411069e-05 -1.9362188e-06 -2.6416388e-13)
(-1.2932054e-05 -1.930248e-06 -1.8114597e-13)
(-1.1463487e-05 -1.9177319e-06 -1.1947254e-13)
(-1.0010592e-05 -1.8992068e-06 -7.5390469e-14)
(-8.5779733e-06 -1.8750278e-06 -4.5938329e-14)
(-7.1696499e-06 -1.846337e-06 -2.8664803e-14)
(-5.7890912e-06 -1.816237e-06 -2.1599949e-14)
(-4.4392676e-06 -1.7553206e-06 -2.3888786e-14)
(-3.1234274e-06 -1.8389925e-06 -2.5678016e-14)
(-1.8431936e-06 -1.5373605e-06 -4.6739804e-14)
(-5.9891836e-07 -1.66521e-06 -2.7654767e-14)
(-3.1681749e-05 -5.033964e-07 -8.7635781e-12)
(-3.0918362e-05 -5.8284276e-07 -6.971413e-12)
(-3.0045831e-05 -6.5687294e-07 -5.5578797e-12)
(-2.9072324e-05 -7.2507426e-07 -4.4356922e-12)
(-2.8006633e-05 -7.8727425e-07 -3.5397818e-12)
(-2.6858034e-05 -8.419564e-07 -2.8236558e-12)
(-2.5636109e-05 -8.8919272e-07 -2.2501084e-12)
(-2.4350596e-05 -9.3117861e-07 -1.7898151e-12)
(-2.3011217e-05 -9.6619261e-07 -1.4212044e-12)
(-2.1627541e-05 -9.945693e-07 -1.1266611e-12)
(-2.0208862e-05 -1.016804e-06 -8.9103353e-13)
(-1.8764081e-05 -1.0317124e-06 -7.0292687e-13)
(-1.7301606e-05 -1.0411786e-06 -5.5295621e-13)
(-1.5829251e-05 -1.0460334e-06 -4.3400405e-13)
(-1.4354219e-05 -1.0470761e-06 -3.3981255e-13)
(-1.2883064e-05 -1.04469e-06 -2.6568037e-13)
(-1.1421687e-05 -1.0385876e-06 -2.0809634e-13)
(-9.9753576e-06 -1.028942e-06 -1.641989e-13)
(-8.5487329e-06 -1.0162333e-06 -1.3161002e-13)
(-7.1458969e-06 -1.0012333e-06 -1.0833347e-13)
(-5.7703842e-06 -9.8586617e-07 -9.2652226e-14)
(-4.4252202e-06 -9.5555738e-07 -8.3447318e-14)
(-3.1136617e-06 -9.9993407e-07 -7.3689541e-14)
(-1.8375481e-06 -8.050547e-07 -7.4223638e-14)
(-5.970961e-07 -9.1131461e-07 -4.5648337e-14)
(-3.1632812e-05 -1.0569095e-07 -5.2212553e-12)
(-3.0872462e-05 -1.2109478e-07 -4.1273657e-12)
(-3.0003261e-05 -1.3497522e-07 -3.2869187e-12)
(-2.9033298e-05 -1.4687711e-07 -2.6315874e-12)
(-2.797128e-05 -1.5639839e-07 -2.1152584e-12)
(-2.6826388e-05 -1.642603e-07 -1.7050518e-12)
(-2.5608126e-05 -1.7131789e-07 -1.3755294e-12)
(-2.4326171e-05 -1.7780397e-07 -1.1099849e-12)
(-2.2990205e-05 -1.8411202e-07 -8.9516185e-13)
(-2.1609747e-05 -1.8892377e-07 -7.2362308e-13)
(-2.0194054e-05 -1.9307076e-07 -5.8507938e-13)
(-1.8751983e-05 -1.9651036e-07 -4.7231958e-13)
(-1.7291904e-05 -1.9841997e-07 -3.8092507e-13)
(-1.5821636e-05 -1.9866239e-07 -3.0862611e-13)
(-1.4348374e-05 -1.9797366e-07 -2.5083155e-13)
(-1.2878684e-05 -1.96394e-07 -2.0460459e-13)
(-1.1418482e-05 -1.9414013e-07 -1.6781049e-13)
(-9.9730561e-06 -1.9129642e-07 -1.3880087e-13)
(-8.547111e-06 -1.8802037e-07 -1.1621998e-13)
(-7.1448247e-06 -1.8452115e-07 -9.8920755e-14)
(-5.7699157e-06 -1.8132398e-07 -8.5887386e-14)
(-4.4257063e-06 -1.7209465e-07 -7.6282834e-14)
(-3.1153475e-06 -1.8798242e-07 -6.6635575e-14)
(-1.8381304e-06 -1.1171154e-07 -6.0647671e-14)
(-5.9517755e-07 -1.6124516e-07 -4.0116483e-14)
)
;

boundaryField
{
    Walls
    {
        type            noSlip;
    }
    Inlet
    {
        type            pressureInletVelocity;
        value           nonuniform List<vector> 3((1.4578365 -0 -0) (1.545114 -0 -0) (1.5900862 -0 -0));
    }
    Outlet
    {
        type            pressureInletOutletVelocity;
        value           nonuniform List<vector> 
86
(
(-3.3445773e-05 0 0)
(-3.3442656e-05 0 0)
(-3.3189727e-05 0 0)
(-3.2798094e-05 0 0)
(-3.2276929e-05 0 0)
(-3.1632812e-05 0 0)
(-3.0872462e-05 2.1422074e-19 3.776601e-19)
(-3.0003261e-05 -2.0818944e-19 3.1809027e-19)
(-2.9033298e-05 0 0)
(-2.797128e-05 0 0)
(-2.6826388e-05 0 0)
(-2.5608126e-05 0 0)
(-2.4326171e-05 -1.6879672e-19 -1.5474154e-19)
(-2.2990205e-05 1.5952659e-19 -1.3541047e-19)
(-2.1609747e-05 0 0)
(-2.0194054e-05 0 0)
(-1.8751983e-05 0 0)
(-1.7291904e-05 0 0)
(-1.5821636e-05 0 0)
(-1.4348374e-05 0 0)
(-1.2878684e-05 0 0)
(-1.1418482e-05 0 0)
(-9.9730561e-06 0 0)
(-8.547111e-06 0 0)
(-7.1448247e-06 0 0)
(-5.7699157e-06 0 0)
(-4.4257063e-06 0 0)
(-3.1153475e-06 4.3234132e-20 0)
(-1.8381304e-06 -2.5509183e-20 0)
(-5.9517755e-07 0 0)
(-2.3630573e-06 0.10063599 -2.8337654e-07)
(9.436779e-05 0.070552247 -2.6330504e-07)
(3.0332904e-05 0.022286046 -2.0792815e-07)
(0 -0.0058275567 0)
(0 -0.011140772 0)
(0 -0.0061384071 0)
(0 -0.001639767 0)
(-5.008333e-07 7.7904993e-05 -4.9643995e-08)
(-3.3589798e-07 0.00030711906 -5.0817525e-08)
(-2.4700122e-07 0.00011422911 -4.0262776e-08)
(0 -3.690391e-05 0)
(0 -5.9073689e-05 0)
(0 -2.1604914e-05 0)
(2.0125855e-06 2.7167716e-05 -7.5698373e-09)
(2.1319323e-06 6.280417e-05 -5.8715642e-09)
(2.167109e-06 8.0010663e-05 -4.485876e-09)
(2.1018966e-06 8.3159657e-05 -3.2627939e-09)
(1.8613664e-06 7.9803335e-05 -2.2542332e-09)
(1.5733704e-06 7.4067869e-05 -1.5059325e-09)
(1.2836069e-06 6.8070307e-05 -9.8592817e-10)
(9.9711758e-07 6.2187697e-05 -6.3429643e-10)
(7.2097319e-07 5.6177146e-05 -4.0077212e-10)
(4.6473923e-07 4.9886725e-05 -2.4876024e-10)
(2.4001057e-07 4.3444939e-05 -1.5082124e-10)
(4.8206101e-08 3.7087558e-05 -8.9991625e-11)
(-1.2420375e-07 3.0810062e-05 -5.268426e-11)
(-2.5916287e-07 2.5233444e-05 -3.0109033e-11)
(-3.7132609e-07 1.9818317e-05 -1.6900979e-11)
(-4.7451784e-07 1.5208319e-05 -9.1634403e-12)
(-5.4519882e-07 1.1213274e-05 -4.7761379e-12)
(-5.952541e-07 7.7723022e-06 -2.3196453e-12)
(-6.3295364e-07 4.8295628e-06 -9.867073e-13)
(-6.6139345e-07 2.3445257e-06 -2.8410313e-13)
(-6.8826086e-07 2.7348155e-07 7.1603883e-14)
(0 -1.4060609e-06 0)
(0 -2.7003702e-06 0)
(0 -3.7202487e-06 0)
(0 -4.4343157e-06 0)
(0 -4.8817646e-06 0)
(0 -5.1245544e-06 0)
(0 -5.1252144e-06 0)
(0 -4.9698967e-06 0)
(0 -4.6885724e-06 0)
(0 -4.2807126e-06 0)
(0 -3.7529311e-06 0)
(0 -3.1165165e-06 0)
(0 -2.3967956e-06 0)
(0 -1.66521e-06 0)
(0 -9.1131461e-07 0)
(0 -1.6124516e-07 0)
(0 -0.00091246115 0)
(0 -0.0047286335 0)
(0 -0.010079786 0)
(0 -0.0064180225 0)
(-2.1793823e-05 0.019255753 -2.1402255e-07)
(-9.2386138e-05 0.067264935 -2.6739861e-07)
)
;
    }
    Front
    {
        type            wedge;
    }
    Back
    {
        type            wedge;
    }
    defaultFaces
    {
        type            empty;
    }
}


// ************************************************************************* //
