/*--------------------------------*- C++ -*----------------------------------*\
| =========                 |                                                 |
| \\      /  F ield         | OpenFOAM: The Open Source CFD Toolbox           |
|  \\    /   O peration     | Version:  4.0                                   |
|   \\  /    A nd           | Web:      www.OpenFOAM.org                      |
|    \\/     M anipulation  |                                                 |
\*---------------------------------------------------------------------------*/
FoamFile
{
    version     2.0;
    format      ascii;
    class       volVectorField;
    location    "0.31";
    object      U;
}
// * * * * * * * * * * * * * * * * * * * * * * * * * * * * * * * * * * * * * //

dimensions      [0 1 -1 0 0 0 0];

internalField   nonuniform List<vector> 
1740
(
(1.497205 0.0007789682 4.8460768e-06)
(1.4445022 -0.010396995 7.4042905e-07)
(1.6057338 -0.0065196013 3.9641042e-08)
(1.5026462 -0.013129563 8.3267097e-06)
(1.5268122 -0.030999237 1.6103287e-06)
(1.5993633 -0.018766117 2.9064741e-07)
(1.5919816 -0.011416269 1.0468643e-05)
(1.5051424 -0.021483191 2.3703741e-06)
(1.5170856 -0.01224731 4.4635043e-07)
(1.6043638 0.0062320902 1.2669939e-05)
(1.5233283 -0.0025117841 2.9860561e-06)
(1.593728 -0.0099228195 5.2047252e-07)
(1.5936125 0.0090948389 1.4550383e-05)
(1.5209186 -0.0055605257 4.192547e-06)
(1.5783923 -0.011568241 8.1950222e-07)
(1.5648263 0.0054598688 1.6049437e-05)
(1.5934237 -0.0034737401 4.8744829e-06)
(1.4884761 -0.0082259759 9.7697431e-07)
(1.4962315 0.0013008731 1.6795843e-05)
(1.614769 0.0081824496 5.677974e-06)
(1.5135171 0.0035079171 1.1262499e-06)
(1.5273528 0.00017604271 1.7701975e-05)
(1.5483127 0.0072944156 6.3203557e-06)
(1.5363501 -0.0015423718 1.3499148e-06)
(1.5211236 -0.0037640961 1.8589719e-05)
(1.6281309 -0.0039098533 7.0435055e-06)
(1.5266854 -0.0033139098 1.5107402e-06)
(1.505929 -0.011403234 1.9651265e-05)
(1.6012059 -0.010565087 7.7694868e-06)
(1.513946 -0.0030109435 1.7105452e-06)
(1.5595916 0.0018286213 1.9763491e-05)
(1.5805839 -0.0098291195 8.2329889e-06)
(1.4793198 -0.0065091091 1.9093956e-06)
(1.6037394 0.013799599 1.9631486e-05)
(1.6767605 0.0074407622 8.8736048e-06)
(1.545935 -0.0031298494 2.0523235e-06)
(1.5183413 -0.0032101558 1.9942244e-05)
(1.5672906 0.0021555058 9.3763193e-06)
(1.550965 -0.0016185746 2.3362561e-06)
(1.5560165 -0.002022236 2.0389736e-05)
(1.5554586 0.00024248759 9.9014359e-06)
(1.4368458 0.00015367598 2.5134765e-06)
(1.5221966 0.0070875449 2.0629451e-05)
(1.6375293 0.039517077 1.0319657e-05)
(1.5212811 0.024719319 2.6788258e-06)
(1.4251599 -0.0063970214 2.0449585e-05)
(1.5338512 0.016495772 1.0802875e-05)
(1.6031948 0.013293984 2.8533051e-06)
(1.5493642 -0.011342509 2.0464597e-05)
(1.5675127 -0.0068643179 1.1136155e-05)
(1.5391671 -0.0024773514 3.0242334e-06)
(1.5625551 0.0041582637 2.0734428e-05)
(1.5723095 -0.00054727386 1.1688114e-05)
(1.5855036 -0.0016347976 3.2413963e-06)
(1.4861239 7.0973942e-05 2.150756e-05)
(1.4905105 -0.003771388 1.2039131e-05)
(1.570114 -0.0047364752 3.3870091e-06)
(1.5176387 0.00054218028 2.1967511e-05)
(1.5090023 -0.009757218 1.2417821e-05)
(1.5276119 -0.01038125 3.6026627e-06)
(1.5088398 0.0035815848 2.1959667e-05)
(1.5910087 -0.00096966625 1.2742417e-05)
(1.5260889 0.0011488064 3.7885966e-06)
(1.4939735 -0.015092216 2.1923732e-05)
(1.5720556 0.0015098149 1.314568e-05)
(1.5611419 0.0083325219 3.9457179e-06)
(1.5971876 -0.010273989 2.1849505e-05)
(1.4945929 -0.010371389 1.3424506e-05)
(1.577073 -0.0031557622 4.1322503e-06)
(1.5979247 -0.0079190042 2.2221599e-05)
(1.5548238 -0.015630003 1.3881598e-05)
(1.523968 -0.0059330876 4.2471103e-06)
(1.6217886 -0.0080558093 2.2517026e-05)
(1.5583964 -0.0041559651 1.4174314e-05)
(1.5281722 -0.00019471546 4.4295519e-06)
(1.6021984 0.00962562 2.2780219e-05)
(1.5112199 0.0070054496 1.4446959e-05)
(1.4944859 0.00046978843 4.5876138e-06)
(1.5217218 0.025253646 2.2689453e-05)
(1.5326126 0.017579199 1.470439e-05)
(1.4964669 0.0016847505 4.7329448e-06)
(1.4682338 0.010108358 2.2633138e-05)
(1.5826038 0.0027802548 1.5042244e-05)
(1.5544492 -0.0042035231 4.8641455e-06)
(1.3622804 -0.0053855972 2.1964909e-05)
(1.4679483 -0.012261393 1.5184624e-05)
(1.4814484 -0.0011122157 4.9295013e-06)
(1.2729542 0.028873853 2.3045694e-05)
(1.2888784 0.084378411 1.573388e-05)
(1.3426789 0.047241753 5.5481195e-06)
(0.82608609 0.36936907 1.1418504e-05)
(0.80979662 0.93266778 9.9191355e-06)
(0.74244227 1.2531214 5.4053267e-06)
(0.21382585 0.10868405 1.4893585e-06)
(0.18289007 0.3635808 3.0712292e-06)
(0.082330392 0.49533947 7.0599824e-07)
(-0.032498702 -0.014358591 1.2331853e-06)
(-0.030129242 -0.029374173 1.6863546e-06)
(-0.021860632 -0.034601505 6.0057749e-07)
(-0.0083744454 -0.0032655709 4.5834655e-07)
(-0.0082932418 -0.0083073045 7.4627314e-07)
(-0.0074645135 -0.011118112 3.5545043e-07)
(-0.0024439994 -0.00033009007 1.2524688e-07)
(-0.0024819545 -0.0010640103 2.5774304e-07)
(-0.0025133307 -0.0018320559 1.3026317e-07)
(-0.0016569192 -0.00012872034 2.9867861e-08)
(-0.0015918556 -0.00030510513 6.8399579e-08)
(-0.001438134 -0.00054877985 1.5017755e-08)
(-0.0011956924 -9.789796e-05 3.78828e-10)
(-0.0011267088 -0.00019849113 4.0740321e-10)
(-0.00097047988 -0.00029133236 -3.0999403e-08)
(-0.00093277345 -4.1625235e-05 -9.241839e-09)
(-0.0008821217 -7.6846763e-05 -2.136585e-08)
(-0.00076455356 -0.00011184898 -4.3531432e-08)
(-0.00078046296 -3.8343419e-05 -9.7814829e-09)
(-0.00074360117 -7.1828008e-05 -2.3589286e-08)
(-0.00065768042 -0.00010802079 -4.0186562e-08)
(-0.00066546496 -4.1099585e-05 -7.2457008e-09)
(-0.00063898962 -8.7328386e-05 -1.8657759e-08)
(-0.00057671394 -0.00013696254 -3.1026898e-08)
(-0.00056003439 -4.039632e-05 -4.5238557e-09)
(-0.00054095792 -9.0139248e-05 -1.267751e-08)
(-0.00049579986 -0.000138527 -2.1539392e-08)
(-0.00046524624 -3.3440284e-05 -2.6916708e-09)
(-0.0004514978 -7.5819947e-05 -8.0189721e-09)
(-0.00041853938 -0.00011702133 -1.3985653e-08)
(-0.00038572165 -2.4892809e-05 -1.6966547e-09)
(-0.00037568834 -5.5887032e-05 -4.9854183e-09)
(-0.00035126892 -8.7367817e-05 -8.7361483e-09)
(-0.00032228133 -1.8216363e-05 -1.1500288e-09)
(-0.00031483517 -4.0742733e-05 -3.1165432e-09)
(-0.00029646911 -6.3212216e-05 -5.3321944e-09)
(-0.00027372824 -1.3468453e-05 -8.0124152e-10)
(-0.00026816099 -2.9710453e-05 -1.9553378e-09)
(-0.00025420603 -4.6440919e-05 -3.1900505e-09)
(-0.00023712078 -1.0696171e-05 -5.4814653e-10)
(-0.00023293479 -2.359341e-05 -1.2076837e-09)
(-0.00022219941 -3.7456365e-05 -1.8593751e-09)
(-0.0002087112 -8.8859036e-06 -3.4913305e-10)
(-0.00020550865 -1.9468673e-05 -7.1265977e-10)
(-0.0001970812 -3.0716334e-05 -1.0430471e-09)
(-0.0001855646 -7.3322672e-06 -2.1192348e-10)
(-0.00018307776 -1.6128138e-05 -3.9801522e-10)
(-0.00017636585 -2.5349088e-05 -5.5711864e-10)
(-0.00016628366 -6.0164145e-06 -1.2822562e-10)
(-0.00016435132 -1.326134e-05 -2.1517311e-10)
(-0.00015897939 -2.1022911e-05 -2.8266504e-10)
(-0.000150286 -5.0164905e-06 -8.2604101e-11)
(-0.00014878218 -1.1128786e-05 -1.1773129e-10)
(-0.00014444585 -1.7839821e-05 -1.395852e-10)
(-0.00013704232 -4.2459881e-06 -6.0206777e-11)
(-0.00013586195 -9.3950147e-06 -7.2162224e-11)
(-0.00013231449 -1.4976415e-05 -7.1276946e-11)
(-0.00012600728 -3.5223605e-06 -4.9056186e-11)
(-0.00012507595 -7.8006921e-06 -5.2755307e-11)
(-0.0001221443 -1.2439709e-05 -4.1758421e-11)
(-0.00011674321 -2.9284241e-06 -4.3031549e-11)
(-0.0001160103 -6.4744664e-06 -4.5023973e-11)
(-0.00011357284 -1.0348576e-05 -3.0609696e-11)
(-0.0001089213 -2.4498576e-06 -3.9102853e-11)
(-0.00010834693 -5.4282694e-06 -4.1517008e-11)
(-0.00010630686 -8.7058525e-06 -2.6714286e-11)
(-0.00010226612 -2.1082891e-06 -3.5402538e-11)
(-0.00010181694 -4.6345524e-06 -3.8755006e-11)
(-0.00010009397 -7.4513419e-06 -2.4833686e-11)
(-9.653374e-05 -1.8363971e-06 -3.2042047e-11)
(-9.6183715e-05 -4.0223263e-06 -3.6128382e-11)
(-9.471484e-05 -6.4794756e-06 -2.3656827e-11)
(-9.1516496e-05 -1.6179319e-06 -2.9703734e-11)
(-9.1245946e-05 -3.5371968e-06 -3.4413551e-11)
(-8.9983422e-05 -5.6900571e-06 -2.3303759e-11)
(-8.7052955e-05 -1.448586e-06 -2.88398e-11)
(-8.684597e-05 -3.1541008e-06 -3.3776712e-11)
(-8.5752177e-05 -5.0848736e-06 -2.2996764e-11)
(-8.303925e-05 -1.3388347e-06 -2.7256324e-11)
(-8.2882067e-05 -2.9029862e-06 -3.2059388e-11)
(-8.1924998e-05 -4.6778125e-06 -2.2128178e-11)
(-7.940778e-05 -1.197832e-06 -2.6064956e-11)
(-7.9289644e-05 -2.6621222e-06 -3.0260409e-11)
(-7.8442397e-05 -4.3326964e-06 -2.131115e-11)
(-7.6083497e-05 -1.1207419e-06 -2.5274456e-11)
(-7.5996646e-05 -2.4702704e-06 -2.9007528e-11)
(-7.5239545e-05 -4.010676e-06 -2.0842892e-11)
(-7.2982663e-05 -1.0519424e-06 -2.4862254e-11)
(-7.292112e-05 -2.313052e-06 -2.8162422e-11)
(-7.2240594e-05 -3.7524937e-06 -2.0618566e-11)
(-7.0048035e-05 -9.9275788e-07 -2.458678e-11)
(-7.000689e-05 -2.1870684e-06 -2.7454097e-11)
(-6.9391563e-05 -3.5513347e-06 -2.0457483e-11)
(-6.7256632e-05 -9.4217964e-07 -2.4429978e-11)
(-6.723149e-05 -2.081058e-06 -2.686825e-11)
(-6.6670735e-05 -3.3820653e-06 -2.0371156e-11)
(-6.459984e-05 -8.9596158e-07 -2.4376925e-11)
(-6.4587084e-05 -1.9840356e-06 -2.633711e-11)
(-6.4072076e-05 -3.2256229e-06 -2.0290707e-11)
(-6.2072646e-05 -8.5108491e-07 -2.433342e-11)
(-6.2069619e-05 -1.8902605e-06 -2.5719619e-11)
(-6.1593814e-05 -3.0753469e-06 -2.0028123e-11)
(-5.9671566e-05 -8.084601e-07 -2.4179095e-11)
(-5.9676241e-05 -1.8008386e-06 -2.4932017e-11)
(-5.9234456e-05 -2.9301694e-06 -1.9597893e-11)
(-5.7395042e-05 -7.6676509e-07 -2.3869029e-11)
(-5.7405684e-05 -1.7143123e-06 -2.3995498e-11)
(-5.6993355e-05 -2.7884322e-06 -1.9096167e-11)
(-5.5246496e-05 -7.1964467e-07 -2.4005259e-11)
(-5.5261655e-05 -1.6118405e-06 -2.3633939e-11)
(-5.4874812e-05 -2.6233958e-06 -1.8965807e-11)
(-5.3234019e-05 -6.6983292e-07 -2.4233786e-11)
(-5.3252564e-05 -1.5021353e-06 -2.3466222e-11)
(-5.2887862e-05 -2.4461761e-06 -1.8981083e-11)
(-5.1367182e-05 -6.176959e-07 -2.4400174e-11)
(-5.1388217e-05 -1.3872341e-06 -2.3283994e-11)
(-5.1042848e-05 -2.2593205e-06 -1.9002456e-11)
(-4.9655982e-05 -5.6264743e-07 -2.4510075e-11)
(-4.9678577e-05 -1.2659033e-06 -2.3068985e-11)
(-4.9350063e-05 -2.0621606e-06 -1.8996748e-11)
(-4.8112515e-05 -5.0364383e-07 -2.4639513e-11)
(-4.813502e-05 -1.135724e-06 -2.2916782e-11)
(-4.7821052e-05 -1.850939e-06 -1.9036689e-11)
(-4.6773288e-05 -4.3946497e-07 -2.4809355e-11)
(-4.6800518e-05 -9.9620101e-07 -2.2865697e-11)
(-4.6497375e-05 -1.626195e-06 -1.9144114e-11)
(-4.5586384e-05 -3.7919912e-07 -2.5034991e-11)
(-4.5616086e-05 -8.5045343e-07 -2.2934011e-11)
(-4.5325975e-05 -1.3813478e-06 -1.9312553e-11)
(-4.4544766e-05 -3.1097276e-07 -2.5326179e-11)
(-4.4571654e-05 -6.9857942e-07 -2.3086394e-11)
(-4.4292708e-05 -1.1361444e-06 -1.9453117e-11)
(-4.3721952e-05 -2.4060214e-07 -2.5509762e-11)
(-4.3749367e-05 -5.4014335e-07 -2.3053158e-11)
(-4.3475539e-05 -8.7811506e-07 -1.9292705e-11)
(-4.3122312e-05 -1.6815927e-07 -2.5510727e-11)
(-4.3150459e-05 -3.7604137e-07 -2.2531657e-11)
(-4.2881505e-05 -6.112641e-07 -1.8415044e-11)
(-4.2790178e-05 -9.3670381e-08 -2.4992126e-11)
(-4.2818442e-05 -2.0940769e-07 -2.068875e-11)
(-4.2552222e-05 -3.4384301e-07 -1.6020074e-11)
(-4.2633342e-05 -2.3392882e-08 -2.2307943e-11)
(-4.2661038e-05 -5.1240222e-08 -1.545926e-11)
(-4.2395916e-05 -8.6753025e-08 -1.0762231e-11)
(-0.04744564 1.9487311 -3.4796628e-07)
(-0.03332355 1.6964199 -3.4460691e-06)
(-0.063368081 0.3384805 -2.4164772e-07)
(-0.043536285 0.14980118 -1.0005734e-06)
(-0.016315723 -0.042612876 -1.8143159e-07)
(-0.012044562 -0.04475251 -6.0511584e-07)
(-0.0063361352 -0.013821568 -7.8235703e-08)
(-0.0054227168 -0.015477998 -3.6939492e-07)
(-0.0021436135 -0.0027545604 -7.6605805e-08)
(-0.0017342333 -0.0036578181 -2.5232827e-07)
(-0.0011188549 -0.00081635913 -8.6837901e-08)
(-0.00077290415 -0.0010168504 -1.8852544e-07)
(-0.00072941891 -0.00032701299 -8.6319502e-08)
(-0.00047813667 -0.00031296098 -1.4607576e-07)
(-0.00059470486 -0.00010548338 -7.645115e-08)
(-0.00041064515 -7.1878742e-05 -1.1275571e-07)
(-0.00053619389 -0.00011477165 -6.1296089e-08)
(-0.00040141997 -9.4778871e-05 -8.4170405e-08)
(-0.0004894618 -0.0001604875 -4.5168458e-08)
(-0.00039036652 -0.00016312596 -5.9986894e-08)
(-0.00043269996 -0.00017305704 -3.1076195e-08)
(-0.00035945393 -0.00019271412 -4.0765024e-08)
(-0.00037207249 -0.00014841215 -2.024869e-08)
(-0.00031716696 -0.00017147484 -2.6483508e-08)
(-0.00031649013 -0.00011347967 -1.2651443e-08)
(-0.0002747132 -0.0001302751 -1.6516495e-08)
(-0.00027014384 -8.1326937e-05 -7.6447772e-09)
(-0.00023812346 -9.4158805e-05 -9.9245187e-09)
(-0.00023407713 -6.0314871e-05 -4.4813638e-09)
(-0.00020930412 -7.0692997e-05 -5.7570871e-09)
(-0.00020657638 -4.8568146e-05 -2.5425278e-09)
(-0.00018711373 -5.6056531e-05 -3.2209696e-09)
(-0.00018473172 -3.9846165e-05 -1.387891e-09)
(-0.00016921851 -4.6536254e-05 -1.731553e-09)
(-0.00016650364 -3.3231237e-05 -7.2267388e-10)
(-0.00015404863 -3.960819e-05 -8.8888746e-10)
(-0.00015106183 -2.8034569e-05 -3.5691613e-10)
(-0.00014099807 -3.3854529e-05 -4.3316609e-10)
(-0.00013802346 -2.3707293e-05 -1.6820176e-10)
(-0.00012980764 -2.8546131e-05 -1.9912373e-10)
(-0.00012703917 -1.9837347e-05 -7.7117776e-11)
(-0.00012026284 -2.3845523e-05 -8.592012e-11)
(-0.00011777326 -1.6521806e-05 -3.675567e-11)
(-0.0001121419 -1.9865985e-05 -3.5252762e-11)
(-0.00010992838 -1.3790046e-05 -2.0905204e-11)
(-0.00010521698 -1.6699188e-05 -1.4639944e-11)
(-0.00010324556 -1.164261e-05 -1.5471748e-11)
(-9.9273344e-05 -1.4164661e-05 -7.4093656e-12)
(-9.749888e-05 -1.0001577e-05 -1.3811852e-11)
(-9.4120415e-05 -1.2187003e-05 -5.5238791e-12)
(-9.2494448e-05 -8.7003949e-06 -1.3583847e-11)
(-8.9595219e-05 -1.0634774e-05 -5.5224969e-12)
(-8.8067783e-05 -7.6620965e-06 -1.3827658e-11)
(-8.5559392e-05 -9.4245901e-06 -5.9742685e-12)
(-8.4086533e-05 -6.8772782e-06 -1.3851612e-11)
(-8.1899908e-05 -8.4926084e-06 -6.4153354e-12)
(-8.0462801e-05 -6.310387e-06 -1.371107e-11)
(-7.8539218e-05 -7.7992308e-06 -6.8248928e-12)
(-7.7143698e-05 -5.908686e-06 -1.367112e-11)
(-7.5431978e-05 -7.344626e-06 -7.358443e-12)
(-7.4074745e-05 -5.4726268e-06 -1.3785987e-11)
(-7.2536419e-05 -6.8138492e-06 -7.9203924e-12)
(-7.1189759e-05 -5.1296641e-06 -1.4019307e-11)
(-6.9799139e-05 -6.4162216e-06 -8.4938012e-12)
(-6.8438259e-05 -4.8663958e-06 -1.4278433e-11)
(-6.7174414e-05 -6.1105669e-06 -9.0573731e-12)
(-6.5799208e-05 -4.6440743e-06 -1.4577515e-11)
(-6.4641856e-05 -5.847257e-06 -9.6203938e-12)
(-6.3269174e-05 -4.4374228e-06 -1.4839778e-11)
(-6.2201356e-05 -5.5985604e-06 -1.0111535e-11)
(-6.0849966e-05 -4.2336731e-06 -1.4890833e-11)
(-5.9859498e-05 -5.3476394e-06 -1.041329e-11)
(-5.8542114e-05 -4.0387054e-06 -1.4778057e-11)
(-5.7619298e-05 -5.1081795e-06 -1.0562648e-11)
(-5.6345706e-05 -3.8422503e-06 -1.4639695e-11)
(-5.5481576e-05 -4.8615639e-06 -1.0680784e-11)
(-5.4265879e-05 -3.6171078e-06 -1.4726868e-11)
(-5.3452617e-05 -4.5870602e-06 -1.0911483e-11)
(-5.2312724e-05 -3.3748696e-06 -1.4914472e-11)
(-5.1544023e-05 -4.2836707e-06 -1.1236217e-11)
(-5.04974e-05 -3.1192263e-06 -1.5106594e-11)
(-4.9767929e-05 -3.9601591e-06 -1.1564714e-11)
(-4.8830741e-05 -2.8488918e-06 -1.5272801e-11)
(-4.8135803e-05 -3.6149347e-06 -1.1873477e-11)
(-4.7324602e-05 -2.5579871e-06 -1.5469189e-11)
(-4.6659906e-05 -3.2461851e-06 -1.218263e-11)
(-4.601592e-05 -2.2473144e-06 -1.5701806e-11)
(-4.5371779e-05 -2.852645e-06 -1.2500383e-11)
(-4.4864223e-05 -1.908052e-06 -1.594054e-11)
(-4.4245883e-05 -2.4253292e-06 -1.2788104e-11)
(-4.3849909e-05 -1.5720044e-06 -1.6066542e-11)
(-4.3256156e-05 -1.999627e-06 -1.2937136e-11)
(-4.3040599e-05 -1.2138756e-06 -1.5853347e-11)
(-4.2457739e-05 -1.5432637e-06 -1.2747136e-11)
(-4.2453815e-05 -8.445326e-07 -1.4876283e-11)
(-4.1880443e-05 -1.0743508e-06 -1.1850008e-11)
(-4.2128749e-05 -4.7600282e-07 -1.2510075e-11)
(-4.1560963e-05 -6.049374e-07 -9.783832e-12)
(-4.1974328e-05 -1.2076476e-07 -7.9559518e-12)
(-4.1409164e-05 -1.5287996e-07 -6.0497748e-12)
(0.0032186935 -3.7849509e-05 -8.7775763e-08)
(0.0030904552 -0.00015629208 -2.0728261e-07)
(0.0028442436 -0.0001924701 -2.9152052e-07)
(0.0025487502 -0.00023874237 -3.4304413e-07)
(0.0022470248 -0.00025624661 -3.6888559e-07)
(0.0019657911 -0.00028413574 -3.769669e-07)
(0.0017180036 -0.00031767664 -3.7347004e-07)
(0.0015073404 -0.00036588794 -3.6283245e-07)
(0.0013314663 -0.00042771772 -3.4812065e-07)
(0.0011846959 -0.0004981144 -3.3141738e-07)
(0.0010608166 -0.00057345967 -3.141434e-07)
(0.00095400823 -0.00064964615 -2.9711332e-07)
(0.00085961172 -0.00072231287 -2.8067856e-07)
(0.00077415506 -0.00078883931 -2.6485656e-07)
(0.00069492648 -0.00084878704 -2.4949853e-07)
(0.00061997257 -0.00090163859 -2.3437198e-07)
(0.00054791413 -0.00094791065 -2.1917006e-07)
(0.00047783376 -0.00098758965 -2.0345551e-07)
(0.00040946253 -0.001018157 -1.8674348e-07)
(0.0003425641 -0.0010389897 -1.6845746e-07)
(0.00027699176 -0.0010499894 -1.4793686e-07)
(0.00021298292 -0.0010514532 -1.242289e-07)
(0.00015060261 -0.0010439726 -9.645648e-08)
(8.9624296e-05 -0.0010311879 -6.4067132e-08)
(2.9224444e-05 -0.00098115609 -2.6749624e-08)
(0.0003348451 -0.000159135 -1.0427432e-07)
(0.00030573975 -0.0006026206 -2.4260279e-07)
(0.00027755667 -0.00084941745 -3.3449502e-07)
(0.00027144443 -0.0011764906 -3.8516918e-07)
(0.00029258164 -0.0014318369 -4.0622811e-07)
(0.00033096736 -0.0017105179 -4.0907221e-07)
(0.0003735057 -0.0019907791 -4.0106574e-07)
(0.00040946319 -0.0022965661 -3.8692159e-07)
(0.00043041574 -0.0026221395 -3.6949916e-07)
(0.00043738048 -0.0029403668 -3.506441e-07)
(0.00043278306 -0.003246858 -3.317605e-07)
(0.00041904709 -0.0035385254 -3.1354914e-07)
(0.00039855265 -0.0038118922 -2.9625741e-07)
(0.00037351831 -0.0040655542 -2.7975834e-07)
(0.00034532098 -0.0042974039 -2.6381984e-07)
(0.0003147377 -0.0045080749 -2.4818386e-07)
(0.0002823202 -0.0047086765 -2.3258165e-07)
(0.00024865805 -0.0048921264 -2.1645648e-07)
(0.00021396357 -0.0050349917 -1.993573e-07)
(0.00017856682 -0.0051299531 -1.8065034e-07)
(0.00014313706 -0.0051746835 -1.5988424e-07)
(0.00010837348 -0.0051717815 -1.3558588e-07)
(7.4507832e-05 -0.0051247925 -1.0658161e-07)
(4.1895541e-05 -0.0050192988 -7.143183e-08)
(1.1535879e-05 -0.0047921294 -3.1041278e-08)
(0.0012073744 -0.00034985708 -1.4356789e-07)
(0.0011654328 -0.001611386 -3.2145543e-07)
(0.0011583748 -0.0021786815 -4.2489509e-07)
(0.0012107825 -0.003083893 -4.6868132e-07)
(0.0012807644 -0.0038228102 -4.7782691e-07)
(0.0013354054 -0.0046053866 -4.6957633e-07)
(0.0013569556 -0.0053814499 -4.5250936e-07)
(0.0013449131 -0.0063039424 -4.3173033e-07)
(0.0013077453 -0.0073455396 -4.092691e-07)
(0.0012514896 -0.0083063816 -3.8623307e-07)
(0.0011820578 -0.0091445806 -3.6430271e-07)
(0.0011041007 -0.0098565061 -3.4387356e-07)
(0.0010211614 -0.010440398 -3.2505408e-07)
(0.00093396531 -0.010903914 -3.0735143e-07)
(0.00084434897 -0.011253384 -2.9037464e-07)
(0.00075393345 -0.01149018 -2.7381646e-07)
(0.00066413302 -0.011606367 -2.5774299e-07)
(0.00057574824 -0.011620675 -2.4101353e-07)
(0.00048904891 -0.011562442 -2.2353458e-07)
(0.00040446673 -0.011446944 -2.0469568e-07)
(0.00032275357 -0.011284169 -1.8372355e-07)
(0.00024456043 -0.011083057 -1.5936925e-07)
(0.00016924048 -0.010850388 -1.298611e-07)
(9.716272e-05 -0.010556836 -9.218727e-08)
(2.9875238e-05 -0.01015504 -4.5711443e-08)
(0.0037749374 -0.0011013837 -2.2716186e-07)
(0.0037249957 -0.0048162144 -4.6692064e-07)
(0.0036588819 -0.0061474874 -5.73344e-07)
(0.003504586 -0.0093734684 -5.9517326e-07)
(0.0033138041 -0.012261518 -5.8195427e-07)
(0.0030729626 -0.014827763 -5.5607584e-07)
(0.0028046094 -0.016646152 -5.2547338e-07)
(0.0025276169 -0.017605773 -4.9657456e-07)
(0.0022598516 -0.017883941 -4.6834209e-07)
(0.00200317 -0.017736661 -4.3930391e-07)
(0.0017680368 -0.017274544 -4.1321793e-07)
(0.0015529725 -0.016620082 -3.8957835e-07)
(0.001355649 -0.015791046 -3.6880477e-07)
(0.0011631818 -0.014840265 -3.4944352e-07)
(0.00099007443 -0.0138202 -3.3094714e-07)
(0.00083663194 -0.012776384 -3.1309603e-07)
(0.00070155689 -0.011747817 -2.9561054e-07)
(0.00058299413 -0.010767897 -2.7817852e-07)
(0.00047924173 -0.0098601284 -2.6037391e-07)
(0.00038811517 -0.0090450928 -2.4165763e-07)
(0.00030683186 -0.008335102 -2.2132532e-07)
(0.0002322959 -0.0077343872 -1.98327e-07)
(0.00016356037 -0.0072434707 -1.7103997e-07)
(9.8843003e-05 -0.0068202591 -1.3669705e-07)
(3.6474297e-05 -0.0065128485 -8.6647067e-08)
(0.011829557 -0.0087709114 -4.1593096e-07)
(0.0094537979 -0.025783876 -7.1313243e-07)
(0.0081658482 -0.028322799 -7.8818164e-07)
(0.0063862791 -0.03262515 -7.7213187e-07)
(0.0049345979 -0.030077269 -7.3027812e-07)
(0.0036716793 -0.026288535 -6.8128288e-07)
(0.0026257693 -0.021577733 -6.3347105e-07)
(0.0017951356 -0.016602469 -5.8913106e-07)
(0.0011472618 -0.011632608 -5.5017052e-07)
(0.00064970219 -0.0070344337 -5.1450326e-07)
(0.00026724823 -0.002872878 -4.8245402e-07)
(-1.672873e-05 0.00069385049 -4.5272576e-07)
(-0.00022056596 0.0040155169 -4.2918303e-07)
(-0.00035084049 0.0071859344 -4.0695557e-07)
(-0.0004328226 0.010098413 -3.8557883e-07)
(-0.0004740845 0.012625705 -3.6526567e-07)
(-0.00048304622 0.01473632 -3.457551e-07)
(-0.0004664911 0.016448393 -3.2674279e-07)
(-0.00042987721 0.017790604 -3.0787258e-07)
(-0.00037790868 0.018792735 -2.8873978e-07)
(-0.00031513212 0.019479981 -2.688279e-07)
(-0.00024602238 0.019878257 -2.4738174e-07)
(-0.00017235911 0.019985741 -2.231316e-07)
(-9.736121e-05 0.019860961 -1.997139e-07)
(-2.2357215e-05 0.019162535 -1.7641423e-07)
(0.015087663 0.023153549 -7.8499904e-07)
(0.0038782254 -0.0016974251 -1.1068135e-06)
(0.0010447858 0.047937424 -1.1065659e-06)
(-0.00091158139 0.050779676 -1.0319262e-06)
(-0.0025857347 0.065096385 -9.5430755e-07)
(-0.003824103 0.075436125 -8.6807105e-07)
(-0.0045085766 0.082657604 -7.907748e-07)
(-0.0047232633 0.088684824 -7.2335894e-07)
(-0.0046488902 0.093129504 -6.6443717e-07)
(-0.0044278098 0.09589629 -6.1369738e-07)
(-0.0041401 0.097478024 -5.7053468e-07)
(-0.0037944698 0.097976777 -5.2529722e-07)
(-0.0034440357 0.097722513 -4.9931928e-07)
(-0.0030997928 0.096421728 -4.7120396e-07)
(-0.0027525457 0.094269322 -4.4346688e-07)
(-0.0024139216 0.09184603 -4.1861451e-07)
(-0.0020938763 0.089217709 -3.9555814e-07)
(-0.0017932555 0.086469944 -3.7372379e-07)
(-0.0015114141 0.083680139 -3.5269595e-07)
(-0.0012466616 0.080906709 -3.3210647e-07)
(-0.00099648633 0.078186753 -3.1156831e-07)
(-0.00075809754 0.075562913 -2.9059621e-07)
(-0.00052979091 0.073006638 -2.6867155e-07)
(-0.00030977862 0.070707813 -2.465041e-07)
(-9.2776794e-05 0.067223719 -2.2500085e-07)
(-0.0011251909 1.1752723 -2.511798e-06)
(-0.000603054 0.96267584 -1.992946e-06)
(-0.0009354348 0.86695298 -1.6146851e-06)
(-0.00067881271 0.77447143 -1.32527e-06)
(-0.00061192357 0.67834073 -1.1085814e-06)
(-0.00054527795 0.58687983 -9.5010229e-07)
(-0.00047446418 0.50840495 -8.3396744e-07)
(-0.00040829304 0.44462166 -7.4826761e-07)
(-0.00034957294 0.3920186 -6.7846689e-07)
(-0.00029740949 0.34712223 -6.2435038e-07)
(-0.00024441527 0.30837444 -5.8197662e-07)
(-0.00019779005 0.27503083 -5.4414022e-07)
(-0.00015798328 0.24651947 -5.1184707e-07)
(-0.00013396727 0.22211174 -4.8312446e-07)
(-0.00011203672 0.20115058 -4.5698311e-07)
(-9.4018825e-05 0.18315405 -4.3288585e-07)
(-7.8741162e-05 0.16769202 -4.1022002e-07)
(-6.5595982e-05 0.1544013 -3.8853936e-07)
(-5.4216517e-05 0.14297881 -3.6754578e-07)
(-4.4240984e-05 0.13317493 -3.4699981e-07)
(-3.5223027e-05 0.12477313 -3.266506e-07)
(-2.6579344e-05 0.11763168 -3.0613164e-07)
(-1.8318218e-05 0.1115071 -2.8525974e-07)
(-1.0478597e-05 0.10668687 -2.6385363e-07)
(-2.9758941e-06 0.10066743 -2.4113847e-07)
(-0.013001392 0.089027573 -1.2173932e-06)
(-0.002580367 0.097442826 -1.256842e-06)
(-0.00017847179 0.10353025 -1.2102808e-06)
(0.0015496108 0.10543752 -1.1191176e-06)
(0.0030502461 0.10764667 -1.0163161e-06)
(0.0041586277 0.10942042 -9.1649247e-07)
(0.0047561063 0.11113 -8.2728896e-07)
(0.0049086766 0.11268649 -7.5010685e-07)
(0.0047906757 0.11351475 -6.6830664e-07)
(0.004518639 0.11359886 -6.2332808e-07)
(0.0042053045 0.11291151 -5.8188631e-07)
(0.0038705058 0.11125219 -5.3756844e-07)
(0.0035013098 0.10873976 -5.001007e-07)
(0.0031313343 0.10572529 -4.6780313e-07)
(0.0027725355 0.10245457 -4.3932128e-07)
(0.0024293266 0.099053146 -4.1367336e-07)
(0.0021048468 0.095606055 -3.9012402e-07)
(0.001800286 0.092181826 -3.6810943e-07)
(0.0015149337 0.088831783 -3.4717566e-07)
(0.0012472607 0.08559404 -3.2691471e-07)
(0.00099526076 0.082490423 -3.068845e-07)
(0.00075674102 0.079550995 -2.8649464e-07)
(0.00052901099 0.076737709 -2.6613162e-07)
(0.00030985686 0.07424541 -2.4471199e-07)
(9.3430617e-05 0.070545152 -2.2352182e-07)
(-0.0095300077 -0.042171085 -8.2506171e-07)
(-0.0080107861 -0.039715254 -8.8818426e-07)
(-0.0065688352 -0.037819828 -8.7458911e-07)
(-0.0051559449 -0.034215959 -8.2845097e-07)
(-0.0038428039 -0.029137975 -7.7038828e-07)
(-0.0027096069 -0.023427795 -7.0924657e-07)
(-0.0017839408 -0.017583609 -6.5269346e-07)
(-0.0010599995 -0.011914252 -6.0094099e-07)
(-0.0005070194 -0.0068520049 -5.5282362e-07)
(-9.4531522e-05 -0.0023790327 -5.1678047e-07)
(0.00020491083 0.0014666168 -4.8357626e-07)
(0.00041512272 0.0052186456 -4.5250094e-07)
(0.00055332463 0.0087978131 -4.2448323e-07)
(0.00063592243 0.011999401 -3.992321e-07)
(0.00067460823 0.014754025 -3.761976e-07)
(0.00067967161 0.017060752 -3.5488739e-07)
(0.000657585 0.01895655 -3.3493592e-07)
(0.00061382194 0.020481819 -3.1593211e-07)
(0.00055329095 0.021657109 -2.9747235e-07)
(0.00047996167 0.022504747 -2.7910652e-07)
(0.0003972042 0.023046618 -2.6019935e-07)
(0.00030795726 0.023303858 -2.3957477e-07)
(0.00021510653 0.023287283 -2.1995831e-07)
(0.00012182013 0.023041097 -1.966565e-07)
(2.9567314e-05 0.022190815 -1.7411834e-07)
(-0.0048054775 -0.01686032 -5.3887351e-07)
(-0.0045297837 -0.019145796 -6.118976e-07)
(-0.0042860846 -0.021755049 -6.2535813e-07)
(-0.003988733 -0.023633341 -6.0817758e-07)
(-0.0036184724 -0.024788158 -5.7886131e-07)
(-0.0032301817 -0.025124981 -5.4695022e-07)
(-0.0028649692 -0.024808128 -5.083737e-07)
(-0.0025239617 -0.024060536 -4.7225212e-07)
(-0.0022117987 -0.023051436 -4.3960627e-07)
(-0.0019298397 -0.02184961 -4.1185966e-07)
(-0.0016758603 -0.020536987 -3.867002e-07)
(-0.0014409716 -0.019096295 -3.6354891e-07)
(-0.0012289274 -0.017596973 -3.4236603e-07)
(-0.0010420409 -0.016090695 -3.229764e-07)
(-0.00087823571 -0.014611637 -3.0489492e-07)
(-0.00073425777 -0.013192364 -2.8773354e-07)
(-0.00060901732 -0.0118709 -2.7147929e-07)
(-0.0005008246 -0.010676771 -2.5562363e-07)
(-0.0004073675 -0.0096144498 -2.3973626e-07)
(-0.000326454 -0.0086857639 -2.2331074e-07)
(-0.00025592815 -0.0078912188 -2.0564576e-07)
(-0.00019359261 -0.0072303107 -1.8576762e-07)
(-0.00013730616 -0.0066994305 -1.6269306e-07)
(-8.4681157e-05 -0.0062578722 -1.3167825e-07)
(-3.3062943e-05 -0.0059562614 -8.4845676e-08)
(-0.0014800118 -0.0045140613 -3.7204978e-07)
(-0.0015005109 -0.0053091564 -4.3764494e-07)
(-0.0015966173 -0.0061806467 -4.6232777e-07)
(-0.0016784345 -0.0070587034 -4.6169858e-07)
(-0.0017430881 -0.0079594532 -4.4723222e-07)
(-0.0017521813 -0.0090135092 -4.258216e-07)
(-0.0017111916 -0.010147826 -4.000011e-07)
(-0.0016366264 -0.011128266 -3.7416384e-07)
(-0.0015428526 -0.011949684 -3.5010323e-07)
(-0.0014381057 -0.012612341 -3.2843922e-07)
(-0.0013277776 -0.013136074 -3.0866849e-07)
(-0.0012159595 -0.013524813 -2.9046275e-07)
(-0.001104862 -0.013785409 -2.7364302e-07)
(-0.00099580045 -0.013897514 -2.5837965e-07)
(-0.00088997366 -0.013886323 -2.4383482e-07)
(-0.00078847213 -0.013792544 -2.3012717e-07)
(-0.00069120358 -0.013640933 -2.1661058e-07)
(-0.00059750583 -0.013445428 -2.0309148e-07)
(-0.00050721059 -0.013214858 -1.891819e-07)
(-0.00042007912 -0.012956264 -1.7437712e-07)
(-0.00033591258 -0.01267529 -1.5791027e-07)
(-0.00025461272 -0.012377435 -1.386389e-07)
(-0.00017625068 -0.012066076 -1.1487314e-07)
(-0.00010119574 -0.01170295 -8.3012688e-08)
(-3.1252027e-05 -0.011246336 -4.223365e-08)
(-0.00049841498 -0.0012440608 -2.6741116e-07)
(-0.00032445232 -0.0015025919 -3.1777181e-07)
(-0.00029047102 -0.0018007774 -3.4274238e-07)
(-0.000329984 -0.0021568868 -3.4928402e-07)
(-0.00041649691 -0.002548901 -3.4389578e-07)
(-0.0005076273 -0.0029829125 -3.3136822e-07)
(-0.00056905029 -0.0034459829 -3.1477312e-07)
(-0.00060110801 -0.0038869896 -2.9683449e-07)
(-0.00061013123 -0.0042940154 -2.7916725e-07)
(-0.00060378929 -0.0046601003 -2.6251457e-07)
(-0.00058652151 -0.0049854654 -2.4698676e-07)
(-0.00056114079 -0.0052765087 -2.3253055e-07)
(-0.00052919711 -0.0055475705 -2.1906877e-07)
(-0.0004924321 -0.0058251366 -2.0654183e-07)
(-0.00045249408 -0.0061014983 -1.9465868e-07)
(-0.00041041539 -0.0063393455 -1.8324058e-07)
(-0.0003666253 -0.006529951 -1.7195118e-07)
(-0.00032164889 -0.0066708343 -1.6049984e-07)
(-0.00027598816 -0.0067615814 -1.4850951e-07)
(-0.00023007971 -0.0068018641 -1.3562457e-07)
(-0.00018441462 -0.0067927789 -1.2118129e-07)
(-0.00013939734 -0.0067374205 -1.0407069e-07)
(-9.557568e-05 -0.0066404721 -8.3269598e-08)
(-5.355476e-05 -0.006483928 -5.7012516e-08)
(-1.4832725e-05 -0.0061932375 -2.5912523e-08)
(-0.00027902323 -0.0002735442 -1.9674654e-07)
(-0.00011983732 -0.00023541315 -2.3271206e-07)
(-2.7568436e-05 -0.00022452892 -2.5364439e-07)
(7.6734013e-06 -0.00025042089 -2.6210743e-07)
(2.4149138e-05 -0.00032833556 -2.6146047e-07)
(7.0840762e-06 -0.00044450062 -2.5473438e-07)
(-2.7385207e-05 -0.00057868376 -2.4430114e-07)
(-6.1410073e-05 -0.00072562063 -2.3207418e-07)
(-8.747611e-05 -0.00087800474 -2.19349e-07)
(-0.00010554775 -0.0010267122 -2.0686039e-07)
(-0.00011816725 -0.0011641969 -1.9492293e-07)
(-0.00012696719 -0.0012874064 -1.8363947e-07)
(-0.00013024822 -0.0013971338 -1.7301385e-07)
(-0.000128809 -0.0014957221 -1.6298859e-07)
(-0.00012347366 -0.0015827498 -1.5341465e-07)
(-0.0001153923 -0.0016555551 -1.4411929e-07)
(-0.00010534389 -0.0017147512 -1.3487329e-07)
(-9.3948855e-05 -0.0017604461 -1.2542554e-07)
(-8.1629273e-05 -0.0017924803 -1.1547816e-07)
(-6.8760074e-05 -0.0018105654 -1.0469776e-07)
(-5.5715742e-05 -0.00181463 -9.2661299e-08)
(-4.2667996e-05 -0.0018051724 -7.878746e-08)
(-2.9858215e-05 -0.0017846235 -6.2491089e-08)
(-1.7220071e-05 -0.001751944 -4.3251495e-08)
(-4.7638375e-06 -0.0016655443 -2.0610202e-08)
(-0.000246483 -1.1515673e-06 -1.4522679e-07)
(-0.00011214757 9.2372534e-05 -1.6990585e-07)
(-1.8291324e-05 0.00017861285 -1.8582223e-07)
(3.2063849e-05 0.00025254965 -1.9368353e-07)
(5.1935658e-05 0.00030502838 -1.9507698e-07)
(5.8082599e-05 0.00033287736 -1.9175999e-07)
(5.0908449e-05 0.00033340297 -1.853393e-07)
(3.6614212e-05 0.00031405591 -1.7714856e-07)
(2.0623872e-05 0.00028545078 -1.6816629e-07)
(7.1079952e-06 0.00025242918 -1.5902546e-07)
(-3.6098939e-06 0.00021771664 -1.5006866e-07)
(-1.2081814e-05 0.0001837988 -1.4145808e-07)
(-1.8271224e-05 0.00015449979 -1.3324664e-07)
(-2.1995509e-05 0.00012992959 -1.2541349e-07)
(-2.3428302e-05 0.00010984651 -1.1787287e-07)
(-2.3188993e-05 9.4251036e-05 -1.1049837e-07)
(-2.1959074e-05 8.205577e-05 -1.0312598e-07)
(-2.0035456e-05 7.2692522e-05 -9.5564872e-08)
(-1.7739361e-05 6.6001718e-05 -8.759734e-08)
(-1.5325853e-05 6.0457429e-05 -7.8988423e-08)
(-1.2799311e-05 5.594434e-05 -6.949323e-08)
(-1.0231956e-05 5.2272284e-05 -5.8899666e-08)
(-7.5925527e-06 4.8933242e-05 -4.7224482e-08)
(-4.8727097e-06 4.4769003e-05 -3.5138533e-08)
(-1.6239806e-06 4.4181171e-05 -2.5029748e-08)
(-0.00027404048 -4.5529523e-05 -1.0523449e-07)
(-0.0001643834 2.7508038e-05 -1.2207507e-07)
(-7.9924514e-05 0.00010598725 -1.3364288e-07)
(-2.3216114e-05 0.00017928493 -1.4004443e-07)
(1.1030973e-05 0.0002429301 -1.4200049e-07)
(2.9713001e-05 0.00029334796 -1.4052395e-07)
(3.6157464e-05 0.00032875622 -1.3662852e-07)
(3.3178522e-05 0.0003530703 -1.3121166e-07)
(2.4461417e-05 0.00036515449 -1.249774e-07)
(1.3317241e-05 0.00036536833 -1.1841579e-07)
(2.7818603e-06 0.00035932861 -1.118394e-07)
(-5.3663022e-06 0.00035071248 -1.0541895e-07)
(-1.1868581e-05 0.00034204871 -9.9226012e-08)
(-1.6790698e-05 0.00033332249 -9.3262383e-08)
(-2.0206202e-05 0.00032455369 -8.7480309e-08)
(-2.190071e-05 0.00031577063 -8.1795211e-08)
(-2.1850612e-05 0.00030747846 -7.6093556e-08)
(-2.0849189e-05 0.00030004448 -7.02411e-08)
(-1.9079138e-05 0.00029327532 -6.409064e-08)
(-1.6788823e-05 0.00028688438 -5.7498737e-08)
(-1.3975488e-05 0.00028065359 -5.035121e-08)
(-1.0992901e-05 0.00027435305 -4.2632503e-08)
(-7.8781238e-06 0.00026770763 -3.4588221e-08)
(-4.8013353e-06 0.00025987839 -2.7016585e-08)
(-1.6330312e-06 0.00024714101 -2.1725175e-08)
(-0.00029261037 -0.00014689488 -7.3753821e-08)
(-0.00020410463 -0.00011263277 -8.5086516e-08)
(-0.00013067766 -6.9655238e-05 -9.3259902e-08)
(-7.5308717e-05 -2.3111369e-05 -9.8128847e-08)
(-3.6273947e-05 1.8512247e-05 -1.0004013e-07)
(-1.0804621e-05 5.3173679e-05 -9.9534169e-08)
(3.4970187e-06 8.1689789e-05 -9.723085e-08)
(9.0564802e-06 0.00010332976 -9.3716276e-08)
(8.4468194e-06 0.00011659668 -8.9480464e-08)
(4.4643107e-06 0.00012152843 -8.4889746e-08)
(-4.754261e-07 0.00011956969 -8.0191618e-08)
(-5.213858e-06 0.00011287909 -7.5534947e-08)
(-9.6915185e-06 0.00010439181 -7.0992917e-08)
(-1.3806278e-05 9.5104883e-05 -6.658345e-08)
(-1.7544674e-05 8.567779e-05 -6.2283951e-08)
(-2.0333698e-05 7.6865275e-05 -5.8042284e-08)
(-2.1649757e-05 6.8181074e-05 -5.3784735e-08)
(-2.1416334e-05 6.0001845e-05 -4.9423718e-08)
(-2.0070126e-05 5.2883513e-05 -4.4867111e-08)
(-1.7850109e-05 4.7144973e-05 -4.0034289e-08)
(-1.5048375e-05 4.2605529e-05 -3.4881614e-08)
(-1.1897517e-05 3.8848123e-05 -2.9453404e-08)
(-8.5944949e-06 3.5784431e-05 -2.3969075e-08)
(-5.155508e-06 3.5317209e-05 -1.8937698e-08)
(-1.7430397e-06 3.2125349e-05 -1.4842462e-08)
(-0.00028447761 -0.0001974399 -4.9780383e-08)
(-0.00021405502 -0.00018979922 -5.733741e-08)
(-0.00015266147 -0.00017347793 -6.2955582e-08)
(-0.00010271443 -0.00015182539 -6.6477527e-08)
(-6.4147055e-05 -0.00012810729 -6.8032372e-08)
(-3.5991558e-05 -0.00010678335 -6.7935062e-08)
(-1.7096064e-05 -9.1194734e-05 -6.6562812e-08)
(-5.9431291e-06 -7.988461e-05 -6.4298414e-08)
(-6.1024314e-07 -7.2082578e-05 -6.1465952e-08)
(8.7552045e-07 -6.7787258e-05 -5.8322871e-08)
(1.5416454e-07 -6.7245973e-05 -5.5051345e-08)
(-1.6062722e-06 -7.1152948e-05 -5.1768723e-08)
(-3.8110454e-06 -7.8405156e-05 -4.8538327e-08)
(-6.0875451e-06 -8.7457629e-05 -4.5382908e-08)
(-8.1417609e-06 -9.651944e-05 -4.2295326e-08)
(-9.9815459e-06 -0.00010457168 -3.9246675e-08)
(-1.1505302e-05 -0.0001116084 -3.6192936e-08)
(-1.2053489e-05 -0.00011788825 -3.3081349e-08)
(-1.1861221e-05 -0.00012337064 -2.9858144e-08)
(-1.0995722e-05 -0.00012756418 -2.6479698e-08)
(-9.7039974e-06 -0.00013040907 -2.2928131e-08)
(-7.9508836e-06 -0.00013197895 -1.9230456e-08)
(-5.8500342e-06 -0.00013333723 -1.546475e-08)
(-3.5268249e-06 -0.00012673561 -1.1682749e-08)
(-1.1920629e-06 -0.00012802033 -7.4046592e-09)
(-0.00025921396 -0.0001852972 -3.2270379e-08)
(-0.00020311835 -0.00018786016 -3.7170858e-08)
(-0.00015240095 -0.00018269534 -4.0877075e-08)
(-0.00010914474 -0.00017312426 -4.327652e-08)
(-7.3907361e-05 -0.0001605309 -4.4423489e-08)
(-4.6312498e-05 -0.00014764265 -4.4480303e-08)
(-2.5825816e-05 -0.00013568466 -4.3670784e-08)
(-1.1585885e-05 -0.00012694967 -4.2226762e-08)
(-2.3963822e-06 -0.00012193109 -4.0366313e-08)
(2.8641976e-06 -0.00011855552 -3.8263801e-08)
(5.1622593e-06 -0.00011792814 -3.6047691e-08)
(5.4915829e-06 -0.00011967637 -3.3803368e-08)
(4.7762185e-06 -0.0001231158 -3.1581152e-08)
(3.6017882e-06 -0.00012793139 -2.9402823e-08)
(2.4185923e-06 -0.00013362249 -2.7269706e-08)
(1.2694504e-06 -0.00013955145 -2.5167905e-08)
(1.8523637e-07 -0.00014502077 -2.3073909e-08)
(-9.3990798e-07 -0.00014990963 -2.0958531e-08)
(-1.7653081e-06 -0.00015382349 -1.8792353e-08)
(-2.2367439e-06 -0.00015650201 -1.6552076e-08)
(-2.3376109e-06 -0.00015794791 -1.4226643e-08)
(-2.0784569e-06 -0.00015811203 -1.1818656e-08)
(-1.5102249e-06 -0.00015785853 -9.3269319e-09)
(-8.9329539e-07 -0.00014983664 -6.6696009e-09)
(-3.4180947e-07 -0.00014803283 -3.4934725e-09)
(-0.00022969487 -0.00014099881 -2.0099941e-08)
(-0.00018495008 -0.00014618759 -2.3149907e-08)
(-0.00014325707 -0.00014434644 -2.5480368e-08)
(-0.00010639896 -0.00013845189 -2.7017343e-08)
(-7.5147686e-05 -0.00013027871 -2.7776088e-08)
(-4.957926e-05 -0.00012060745 -2.7845567e-08)
(-2.9410428e-05 -0.00011111331 -2.7354136e-08)
(-1.4190478e-05 -0.00010244161 -2.644523e-08)
(-3.2636135e-06 -9.5573223e-05 -2.5251587e-08)
(4.0825941e-06 -9.1209325e-05 -2.3885531e-08)
(8.5502525e-06 -8.8468486e-05 -2.2433937e-08)
(1.082318e-05 -8.7338806e-05 -2.0955406e-08)
(1.1507031e-05 -8.7732248e-05 -1.948636e-08)
(1.1179333e-05 -8.9303746e-05 -1.8045175e-08)
(1.0261579e-05 -9.1872035e-05 -1.6636364e-08)
(9.028574e-06 -9.5103994e-05 -1.5255364e-08)
(7.6260082e-06 -9.8359429e-05 -1.3890562e-08)
(6.167264e-06 -0.0001012464 -1.2527471e-08)
(4.8217041e-06 -0.00010380603 -1.1151113e-08)
(3.6387035e-06 -0.00010585921 -9.7488851e-09)
(2.6661399e-06 -0.00010709109 -8.3123082e-09)
(1.9239698e-06 -0.00010740656 -6.8342276e-09)
(1.5098341e-06 -0.00010786728 -5.2959167e-09)
(7.7509444e-07 -0.0001006969 -3.6368743e-09)
(-1.3136044e-07 -0.00010109574 -1.7233241e-09)
(-0.00020300936 -0.0001019135 -1.2038737e-08)
(-0.00016730751 -0.00010453547 -1.3844521e-08)
(-0.00013311327 -0.00010244169 -1.5233196e-08)
(-0.00010191854 -9.6847575e-05 -1.6155182e-08)
(-7.4565356e-05 -8.8643905e-05 -1.6614383e-08)
(-5.1381133e-05 -7.9437838e-05 -1.6655648e-08)
(-3.2372938e-05 -7.0179921e-05 -1.6351859e-08)
(-1.7333083e-05 -6.1455711e-05 -1.5785771e-08)
(-5.8912784e-06 -5.3898339e-05 -1.5038761e-08)
(2.4343834e-06 -4.7747932e-05 -1.4180227e-08)
(8.1842758e-06 -4.2877469e-05 -1.3263888e-08)
(1.1851301e-05 -3.9064461e-05 -1.2328886e-08)
(1.3834446e-05 -3.6589061e-05 -1.1399646e-08)
(1.4528597e-05 -3.5481518e-05 -1.0489712e-08)
(1.429151e-05 -3.5433612e-05 -9.6043642e-09)
(1.343918e-05 -3.6298653e-05 -8.742526e-09)
(1.2192504e-05 -3.7759192e-05 -7.8996571e-09)
(1.0687473e-05 -3.9443821e-05 -7.0690055e-09)
(9.0593391e-06 -4.1127096e-05 -6.2432106e-09)
(7.4274895e-06 -4.2652064e-05 -5.4154698e-09)
(5.8629322e-06 -4.3810697e-05 -4.579689e-09)
(4.3881754e-06 -4.4232033e-05 -3.7284008e-09)
(2.9926993e-06 -4.619368e-05 -2.8477627e-09)
(1.6386884e-06 -4.0893603e-05 -1.9118513e-09)
(4.3104712e-07 -4.3170557e-05 -8.8353801e-10)
(-0.00018168084 -7.5706202e-05 -6.9413785e-09)
(-0.00015301905 -7.6911215e-05 -7.9543385e-09)
(-0.0001248986 -7.4896384e-05 -8.7362272e-09)
(-9.854233e-05 -6.9576364e-05 -9.2550924e-09)
(-7.4767067e-05 -6.2595018e-05 -9.5094006e-09)
(-5.4012385e-05 -5.369391e-05 -9.5223165e-09)
(-3.6434123e-05 -4.3353523e-05 -9.333399e-09)
(-2.1996603e-05 -3.3989158e-05 -8.9891619e-09)
(-1.0514421e-05 -2.5692845e-05 -8.5369773e-09)
(-1.6861624e-06 -1.8037205e-05 -8.0177072e-09)
(4.8484662e-06 -1.1804343e-05 -7.4638406e-09)
(9.4395592e-06 -6.9365603e-06 -6.8989992e-09)
(1.2422586e-05 -3.1222895e-06 -6.3388993e-09)
(1.4083545e-05 -3.9372895e-07 -5.7926815e-09)
(1.4706032e-05 1.3929148e-06 -5.2643018e-09)
(1.4531648e-05 2.437725e-06 -4.754438e-09)
(1.3762093e-05 2.719999e-06 -4.2614095e-09)
(1.2546584e-05 2.3830595e-06 -3.7822271e-09)
(1.1027071e-05 1.6953846e-06 -3.3133485e-09)
(9.3329573e-06 8.8308577e-07 -2.8510753e-09)
(7.549469e-06 -1.4011783e-08 -2.3915008e-09)
(5.7059495e-06 -4.6888924e-07 -1.9296568e-09)
(3.7006568e-06 -3.0569519e-06 -1.4584156e-09)
(2.0887881e-06 1.6281509e-06 -9.7008826e-10)
(8.6272296e-07 -2.9783037e-06 -4.6022271e-10)
(-0.00016507967 -6.0189604e-05 -3.851894e-09)
(-0.00014181815 -6.160874e-05 -4.392445e-09)
(-0.00011854793 -6.0336085e-05 -4.81012e-09)
(-9.6253858e-05 -5.6308264e-05 -5.0860108e-09)
(-7.5655016e-05 -4.9757249e-05 -5.2170511e-09)
(-5.7220815e-05 -4.2087156e-05 -5.2147209e-09)
(-4.1169723e-05 -3.3814178e-05 -5.0999115e-09)
(-2.7566149e-05 -2.4597062e-05 -4.8981365e-09)
(-1.6334507e-05 -1.5580268e-05 -4.6351271e-09)
(-7.3211226e-06 -7.7500604e-06 -4.334139e-09)
(-2.9423715e-07 -9.2447199e-07 -4.0138624e-09)
(4.9737156e-06 5.0197347e-06 -3.6881588e-09)
(8.7252457e-06 1.0019351e-05 -3.3663991e-09)
(1.1189203e-05 1.3997814e-05 -3.0542048e-09)
(1.2587277e-05 1.6823481e-05 -2.7543587e-09)
(1.3115524e-05 1.880747e-05 -2.4676364e-09)
(1.2937614e-05 2.0291479e-05 -2.1935213e-09)
(1.2202701e-05 2.1255039e-05 -1.930715e-09)
(1.1044274e-05 2.1683018e-05 -1.6774949e-09)
(9.5776722e-06 2.1681353e-05 -1.4318804e-09)
(7.8998773e-06 2.1347674e-05 -1.1915751e-09)
(6.0826734e-06 2.1318175e-05 -9.5377211e-10)
(4.1931936e-06 1.8552644e-05 -7.1513989e-10)
(2.4469545e-06 2.252978e-05 -4.7374254e-10)
(8.4043303e-07 1.8008574e-05 -2.2953522e-10)
(-0.00015145713 -5.1046906e-05 -2.0527222e-09)
(-0.00013243295 -5.2878112e-05 -2.328845e-09)
(-0.0001130803 -5.2258908e-05 -2.5418364e-09)
(-9.4191095e-05 -4.9392429e-05 -2.6814566e-09)
(-7.6381357e-05 -4.4409151e-05 -2.7452566e-09)
(-6.0081678e-05 -3.8065337e-05 -2.7383081e-09)
(-4.5562733e-05 -3.0890728e-05 -2.6713204e-09)
(-3.2938491e-05 -2.3489875e-05 -2.5578086e-09)
(-2.2202238e-05 -1.5804298e-05 -2.4115632e-09)
(-1.3292072e-05 -8.1114309e-06 -2.2450111e-09)
(-6.0804357e-06 -1.058961e-06 -2.0684141e-09)
(-4.18392e-07 5.2202855e-06 -1.8894237e-09)
(3.8655251e-06 1.0657655e-05 -1.7133283e-09)
(6.946992e-06 1.5234174e-05 -1.543359e-09)
(8.9966397e-06 1.8980504e-05 -1.3812254e-09)
(1.0158167e-05 2.1981931e-05 -1.2275542e-09)
(1.0572174e-05 2.4351504e-05 -1.0822308e-09)
(1.0371714e-05 2.6124824e-05 -9.4468965e-10)
(9.6764092e-06 2.7303649e-05 -8.1407831e-10)
(8.5932648e-06 2.7903887e-05 -6.8934559e-10)
(7.2192668e-06 2.802476e-05 -5.6924462e-10)
(5.6400954e-06 2.8263264e-05 -4.5230196e-10)
(3.9484125e-06 2.6119953e-05 -3.3693434e-10)
(2.3597049e-06 3.0599514e-05 -2.2254916e-10)
(8.818781e-07 2.5391695e-05 -1.0815519e-10)
(-0.00013965647 -4.4283187e-05 -1.0457534e-09)
(-0.00012403615 -4.6513845e-05 -1.1813659e-09)
(-0.00010789688 -4.6329377e-05 -1.2861687e-09)
(-9.1877628e-05 -4.4209232e-05 -1.3543476e-09)
(-7.6502908e-05 -4.0547203e-05 -1.3842815e-09)
(-6.2163405e-05 -3.5769311e-05 -1.3782859e-09)
(-4.9127438e-05 -3.0019351e-05 -1.3415196e-09)
(-3.7544215e-05 -2.3813792e-05 -1.2807799e-09)
(-2.7470728e-05 -1.7306414e-05 -1.2032508e-09)
(-1.8884316e-05 -1.068444e-05 -1.1154062e-09)
(-1.1725535e-05 -4.221942e-06 -1.0225631e-09)
(-5.900664e-06 1.9043939e-06 -9.2876225e-10)
(-1.2926224e-06 7.4393517e-06 -8.3682631e-10)
(2.2232092e-06 1.2245386e-05 -7.4854838e-10)
(4.7629321e-06 1.6378446e-05 -6.6489361e-10)
(6.4435432e-06 1.9905434e-05 -5.8625209e-10)
(7.3830088e-06 2.280477e-05 -5.1262712e-10)
(7.6957135e-06 2.5103571e-05 -4.4377309e-10)
(7.489071e-06 2.6835445e-05 -3.7927416e-10)
(6.8611964e-06 2.8012634e-05 -3.1859167e-10)
(5.9051416e-06 2.8584585e-05 -2.6107166e-10)
(4.7117929e-06 2.9212515e-05 -2.0597614e-10)
(3.3765314e-06 2.7602728e-05 -1.5250622e-10)
(2.0154232e-06 3.2263799e-05 -1.0047346e-10)
(6.7054401e-07 2.7069987e-05 -4.8516729e-11)
(-0.00012925869 -3.7968003e-05 -5.0610234e-10)
(-0.00011637103 -4.0109201e-05 -5.6999879e-10)
(-0.0001028779 -4.039235e-05 -6.1972541e-10)
(-8.9287549e-05 -3.919095e-05 -6.5203942e-10)
(-7.6036761e-05 -3.6529342e-05 -6.659744e-10)
(-6.3472574e-05 -3.2796621e-05 -6.6245181e-10)
(-5.1847366e-05 -2.8285522e-05 -6.4381605e-10)
(-4.1321773e-05 -2.3103509e-05 -6.1330059e-10)
(-3.1985469e-05 -1.7584208e-05 -5.7440366e-10)
(-2.3855589e-05 -1.1910907e-05 -5.3039881e-10)
(-1.6911206e-05 -6.2229148e-06 -4.8398644e-10)
(-1.1097743e-05 -7.0350433e-07 -4.3721025e-10)
(-6.3404537e-06 4.4746429e-06 -3.9150843e-10)
(-2.5562064e-06 9.3034178e-06 -3.4781491e-10)
(3.3717247e-07 1.3642872e-05 -3.0664662e-10)
(2.432981e-06 1.731433e-05 -2.6822136e-10)
(3.8243445e-06 2.0407116e-05 -2.3257624e-10)
(4.6081991e-06 2.3002748e-05 -1.9961232e-10)
(4.8783041e-06 2.5076659e-05 -1.6913311e-10)
(4.7223131e-06 2.6603779e-05 -1.4086841e-10)
(4.2270024e-06 2.752103e-05 -1.1450064e-10)
(3.4789437e-06 2.8430969e-05 -8.9666238e-11)
(2.5614474e-06 2.7067097e-05 -6.5948606e-11)
(1.5258623e-06 3.1588034e-05 -4.3354919e-11)
(4.4575433e-07 2.6639765e-05 -2.0631522e-11)
(-0.00012014912 -3.2021623e-05 -2.3039399e-10)
(-0.00010945108 -3.4010949e-05 -2.5874326e-10)
(-9.8130326e-05 -3.4573414e-05 -2.8114626e-10)
(-8.6586547e-05 -3.3947492e-05 -2.9600269e-10)
(-7.5175284e-05 -3.2151133e-05 -3.0257226e-10)
(-6.4194327e-05 -2.9109395e-05 -3.0111421e-10)
(-5.387452e-05 -2.5404911e-05 -2.9257218e-10)
(-4.4377633e-05 -2.1188279e-05 -2.7837622e-10)
(-3.580232e-05 -1.6503297e-05 -2.6015505e-10)
(-2.8195938e-05 -1.161967e-05 -2.3944831e-10)
(-2.1564269e-05 -6.6703296e-06 -2.17568e-10)
(-1.5881743e-05 -1.7697545e-06 -1.9553166e-10)
(-1.110491e-05 2.9864538e-06 -1.7404925e-10)
(-7.1791697e-06 7.4875218e-06 -1.5357146e-10)
(-4.0403549e-06 1.1611578e-05 -1.3435803e-10)
(-1.621236e-06 1.5326857e-05 -1.1653506e-10)
(1.5101936e-07 1.8588083e-05 -1.0013367e-10)
(1.3553474e-06 2.1282096e-05 -8.511675e-11)
(2.0694902e-06 2.3458287e-05 -7.1407395e-11)
(2.3707752e-06 2.5154266e-05 -5.8886215e-11)
(2.3354827e-06 2.6328936e-05 -4.7403747e-11)
(2.0399162e-06 2.7475844e-05 -3.6790232e-11)
(1.555459e-06 2.6099632e-05 -2.6829979e-11)
(9.4104645e-07 3.0082755e-05 -1.766222e-11)
(2.7179491e-07 2.5937898e-05 -8.263375e-12)
(-0.00011225437 -2.6776439e-05 -9.6921598e-11)
(-0.00010331909 -2.8587613e-05 -1.0808901e-10)
(-9.377697e-05 -2.9261023e-05 -1.1729549e-10)
(-8.3943253e-05 -2.8935316e-05 -1.236734e-10)
(-7.4106239e-05 -2.7656543e-05 -1.2674344e-10)
(-6.4516096e-05 -2.5357523e-05 -1.2643591e-10)
(-5.5375633e-05 -2.2250739e-05 -1.2306942e-10)
(-4.6839849e-05 -1.8679072e-05 -1.1719161e-10)
(-3.9011337e-05 -1.4755812e-05 -1.0946332e-10)
(-3.1950368e-05 -1.0518737e-05 -1.0054181e-10)
(-2.5681508e-05 -6.1945214e-06 -9.1015743e-11)
(-2.0201429e-05 -1.8764227e-06 -8.1377268e-11)
(-1.548771e-05 2.3589512e-06 -7.1971072e-11)
(-1.1505062e-05 6.4138552e-06 -6.3017542e-11)
(-8.2077221e-06 1.0225069e-05 -5.4649892e-11)
(-5.545378e-06 1.3727986e-05 -4.6929451e-11)
(-3.4599486e-06 1.6843672e-05 -3.9875068e-11)
(-1.8907701e-06 1.9526002e-05 -3.3476941e-11)
(-7.7494801e-07 2.1742891e-05 -2.7710117e-11)
(-4.6049082e-08 2.3522366e-05 -2.2534506e-11)
(3.6175455e-07 2.4844885e-05 -1.789212e-11)
(5.1499898e-07 2.6061555e-05 -1.3709011e-11)
(4.793452e-07 2.4720032e-05 -9.8684573e-12)
(3.2093257e-07 2.8417764e-05 -6.5864491e-12)
(1.0597586e-07 2.4844984e-05 -3.0088727e-12)
(-0.00010545558 -2.2399825e-05 -3.6495418e-11)
(-9.7946341e-05 -2.4085521e-05 -3.9207848e-11)
(-8.9861269e-05 -2.4794844e-05 -4.2073854e-11)
(-8.1449449e-05 -2.4632389e-05 -4.4411075e-11)
(-7.2946447e-05 -2.3676315e-05 -4.5764917e-11)
(-6.4561143e-05 -2.188859e-05 -4.5962877e-11)
(-5.6468715e-05 -1.9408228e-05 -4.5009316e-11)
(-4.8808104e-05 -1.6379256e-05 -4.3050728e-11)
(-4.1682048e-05 -1.3018694e-05 -4.0299929e-11)
(-3.5156641e-05 -9.4529547e-06 -3.6993606e-11)
(-2.9266921e-05 -5.6899626e-06 -3.3381774e-11)
(-2.4024786e-05 -1.8826293e-06 -2.9668213e-11)
(-1.9423002e-05 1.8578361e-06 -2.6008466e-11)
(-1.5440846e-05 5.4618729e-06 -2.2514011e-11)
(-1.2047456e-05 8.8746307e-06 -1.9251693e-11)
(-9.2042532e-06 1.2043971e-05 -1.625603e-11)
(-6.867096e-06 1.4911201e-05 -1.3543389e-11)
(-4.9884205e-06 1.7437131e-05 -1.1115177e-11)
(-3.5165528e-06 1.9580469e-05 -8.966599e-12)
(-2.3968967e-06 2.1308104e-05 -7.0875196e-12)
(-1.5723232e-06 2.2576053e-05 -5.4634333e-12)
(-9.848931e-07 2.3711005e-05 -4.072908e-12)
(-5.7697764e-07 2.2532589e-05 -2.8429762e-12)
(-2.9547458e-07 2.6307343e-05 -2.0260739e-12)
(-8.7195789e-08 2.2595668e-05 -8.3242408e-13)
(-9.9595765e-05 -1.886954e-05 -1.147203e-11)
(-9.3243482e-05 -2.0371975e-05 -1.0140444e-11)
(-8.6353423e-05 -2.1152193e-05 -9.8472947e-12)
(-7.9123317e-05 -2.1114035e-05 -1.0159851e-11)
(-7.1745319e-05 -2.0425973e-05 -1.060576e-11)
(-6.4393536e-05 -1.9052137e-05 -1.0891801e-11)
(-5.7218154e-05 -1.7102442e-05 -1.0897324e-11)
(-5.0342288e-05 -1.4709664e-05 -1.0601214e-11)
(-4.3860384e-05 -1.1866772e-05 -1.0035693e-11)
(-3.7841055e-05 -8.7835148e-06 -9.25262e-12)
(-3.2325585e-05 -5.5734036e-06 -8.3147618e-12)
(-2.7334647e-05 -2.2818079e-06 -7.2872282e-12)
(-2.2871846e-05 9.9145729e-07 -6.231297e-12)
(-1.8927353e-05 4.1908433e-06 -5.2021854e-12)
(-1.5481468e-05 7.2376144e-06 -4.2327946e-12)
(-1.2506161e-05 1.0068023e-05 -3.3448676e-12)
(-9.9679812e-06 1.2634879e-05 -2.5521163e-12)
(-7.8294605e-06 1.4902163e-05 -1.8623663e-12)
(-6.0482855e-06 1.6849523e-05 -1.282886e-12)
(-4.579929e-06 1.8430655e-05 -8.1825202e-13)
(-3.3766444e-06 1.9625412e-05 -4.7297048e-13)
(-2.3897772e-06 2.0608798e-05 -2.4349447e-13)
(-1.5727246e-06 1.9629606e-05 -8.276681e-14)
(-8.8909003e-07 2.398761e-05 -2.5539459e-13)
(-2.9060467e-07 1.970398e-05 8.3714864e-15)
(-9.4511679e-05 -1.609378e-05 -2.3185326e-12)
(-8.9099765e-05 -1.7476968e-05 8.7168869e-13)
(-8.3190966e-05 -1.8290885e-05 2.686638e-12)
(-7.694298e-05 -1.8381882e-05 3.4174844e-12)
(-7.0511646e-05 -1.7888243e-05 3.5136467e-12)
(-6.4041356e-05 -1.6906932e-05 3.3143961e-12)
(-5.7660531e-05 -1.5384752e-05 2.9990973e-12)
(-5.1477107e-05 -1.3466115e-05 2.6836831e-12)
(-4.5577491e-05 -1.1206793e-05 2.4024271e-12)
(-4.0025919e-05 -8.5897339e-06 2.1610646e-12)
(-3.4867396e-05 -5.8399873e-06 1.9804724e-12)
(-3.0127567e-05 -3.0643651e-06 1.8760267e-12)
(-2.581722e-05 -2.450179e-07 1.8302068e-12)
(-2.1934649e-05 2.5374858e-06 1.8109553e-12)
(-1.8468246e-05 5.2093539e-06 1.8060434e-12)
(-1.5399125e-05 7.702363e-06 1.8045968e-12)
(-1.270226e-05 9.9834275e-06 1.7937486e-12)
(-1.0348452e-05 1.2008858e-05 1.7618352e-12)
(-8.3041335e-06 1.373832e-05 1.6970438e-12)
(-6.5334922e-06 1.5152833e-05 1.5878276e-12)
(-4.998832e-06 1.6243683e-05 1.4217159e-12)
(-3.6622056e-06 1.7128548e-05 1.1957022e-12)
(-2.4871027e-06 1.6295424e-05 9.443309e-13)
(-1.4416328e-06 2.0828017e-05 4.0200037e-13)
(-4.8152465e-07 1.64277e-05 3.1622444e-13)
(-9.0053704e-05 -1.3948034e-05 3.1975417e-13)
(-8.5408408e-05 -1.5208997e-05 4.2656761e-12)
(-8.0306223e-05 -1.5995009e-05 6.7377915e-12)
(-7.4874226e-05 -1.6261207e-05 8.0238717e-12)
(-6.9237952e-05 -1.5986351e-05 8.4737676e-12)
(-6.3517377e-05 -1.5286903e-05 8.4108398e-12)
(-5.7821067e-05 -1.4156922e-05 8.0487562e-12)
(-5.2243193e-05 -1.2613316e-05 7.540719e-12)
(-4.6861618e-05 -1.0776583e-05 6.9821784e-12)
(-4.173602e-05 -8.7025018e-06 6.4061924e-12)
(-3.6910401e-05 -6.435005e-06 5.8352211e-12)
(-3.24133e-05 -4.0818961e-06 5.3124259e-12)
(-2.8260252e-05 -1.7053512e-06 4.8509723e-12)
(-2.4455324e-05 6.5694309e-07 4.4333808e-12)
(-2.099329e-05 2.9520322e-06 4.0521689e-12)
(-1.7862125e-05 5.1170117e-06 3.7044903e-12)
(-1.50441e-05 7.1112689e-06 3.3808949e-12)
(-1.2516736e-05 8.8907811e-06 3.0705982e-12)
(-1.0254744e-05 1.0423456e-05 2.7603543e-12)
(-8.2302007e-06 1.1689384e-05 2.4359746e-12)
(-6.4143495e-06 1.2684765e-05 2.0822492e-12)
(-4.7785135e-06 1.3509332e-05 1.6930927e-12)
(-3.2939675e-06 1.2720075e-05 1.2949833e-12)
(-1.9278262e-06 1.7072067e-05 6.3192015e-13)
(-6.4351538e-07 1.2976646e-05 4.2033438e-13)
(-8.6092967e-05 -1.2258279e-05 5.5831089e-13)
(-8.2074842e-05 -1.3484549e-05 4.7691226e-12)
(-7.7637358e-05 -1.4249196e-05 7.4671994e-12)
(-7.2882905e-05 -1.4601223e-05 8.9762043e-12)
(-6.791384e-05 -1.4528299e-05 9.6295255e-12)
(-6.2829403e-05 -1.403758e-05 9.7062272e-12)
(-5.7721196e-05 -1.3235274e-05 9.4099678e-12)
(-5.2670378e-05 -1.2086009e-05 8.8964577e-12)
(-4.7745437e-05 -1.062592e-05 8.2830219e-12)
(-4.3002118e-05 -8.973038e-06 7.6371843e-12)
(-3.8481986e-05 -7.1615635e-06 6.9876295e-12)
(-3.4214749e-05 -5.2195769e-06 6.3529023e-12)
(-3.0218362e-05 -3.2291334e-06 5.7648e-12)
(-2.6501046e-05 -1.2609358e-06 5.2315071e-12)
(-2.3062693e-05 6.6305629e-07 4.7395207e-12)
(-1.9896653e-05 2.4980044e-06 4.2841187e-12)
(-1.6991066e-05 4.203588e-06 3.8598097e-12)
(-1.4329737e-05 5.7463628e-06 3.4579137e-12)
(-1.1894004e-05 7.0949006e-06 3.0671562e-12)
(-9.6628601e-06 8.2220944e-06 2.674615e-12)
(-7.6144174e-06 9.1343744e-06 2.264186e-12)
(-5.7264972e-06 9.9417643e-06 1.8286911e-12)
(-3.9761043e-06 9.1252683e-06 1.3903353e-12)
(-2.3348916e-06 1.3040572e-05 7.0389709e-13)
(-7.7460592e-07 9.5638152e-06 4.4782435e-13)
(-8.2519397e-05 -1.0924844e-05 1.1354062e-14)
(-7.9017316e-05 -1.2096769e-05 4.203193e-12)
(-7.5130115e-05 -1.291697e-05 6.9614508e-12)
(-7.0939886e-05 -1.3347066e-05 8.5598597e-12)
(-6.6530874e-05 -1.34088e-05 9.3151609e-12)
(-6.1985523e-05 -1.3155468e-05 9.5013122e-12)
(-5.7381064e-05 -1.2607177e-05 9.3011213e-12)
(-5.2786915e-05 -1.1728967e-05 8.8558266e-12)
(-4.8263356e-05 -1.0631773e-05 8.2834829e-12)
(-4.3860635e-05 -9.3696678e-06 7.6643229e-12)
(-3.9618247e-05 -7.9124568e-06 7.0351101e-12)
(-3.5565484e-05 -6.3557804e-06 6.4171553e-12)
(-3.1721818e-05 -4.7492659e-06 5.8320573e-12)
(-2.8098166e-05 -3.1322347e-06 5.2908052e-12)
(-2.469842e-05 -1.5377187e-06 4.7895982e-12)
(-2.1520346e-05 -2.5255782e-09 4.3232214e-12)
(-1.8556899e-05 1.4281485e-06 3.8880258e-12)
(-1.5797469e-05 2.7286023e-06 3.4753439e-12)
(-1.3228579e-05 3.8844045e-06 3.0739411e-12)
(-1.0834897e-05 4.8675653e-06 2.6731759e-12)
(-8.5996346e-06 5.6774255e-06 2.2584424e-12)
(-6.5049783e-06 6.4300542e-06 1.821646e-12)
(-4.5325349e-06 5.6576346e-06 1.3864025e-12)
(-2.6634563e-06 9.2996326e-06 7.155796e-13)
(-8.760887e-07 6.183079e-06 4.4876291e-13)
(-7.9241503e-05 -9.88501e-06 -7.695875e-13)
(-7.6166705e-05 -1.1012685e-05 3.2601174e-12)
(-7.2737088e-05 -1.1855678e-05 5.9851386e-12)
(-6.9019202e-05 -1.2399085e-05 7.6474723e-12)
(-6.5082194e-05 -1.2602981e-05 8.4862016e-12)
(-6.0994502e-05 -1.250351e-05 8.7535122e-12)
(-5.682131e-05 -1.2178642e-05 8.6509938e-12)
(-5.2622286e-05 -1.1599741e-05 8.2991928e-12)
(-4.8450427e-05 -1.0794984e-05 7.801219e-12)
(-4.4350625e-05 -9.8099118e-06 7.2396182e-12)
(-4.0359756e-05 -8.6926581e-06 6.6635326e-12)
(-3.6505882e-05 -7.477137e-06 6.0973008e-12)
(-3.2809269e-05 -6.1861235e-06 5.5559517e-12)
(-2.9282851e-05 -4.8746119e-06 5.0464961e-12)
(-2.5933415e-05 -3.5780362e-06 4.5740015e-12)
(-2.2762315e-05 -2.3300568e-06 4.136517e-12)
(-1.9766662e-05 -1.1466444e-06 3.724728e-12)
(-1.694027e-05 -5.5213899e-08 3.3314697e-12)
(-1.4274173e-05 9.1910678e-07 2.9486034e-12)
(-1.1757606e-05 1.7530232e-06 2.5662453e-12)
(-9.3781917e-06 2.4300762e-06 2.1706798e-12)
(-7.1222689e-06 3.086897e-06 1.7517389e-12)
(-4.9759775e-06 2.3985054e-06 1.336464e-12)
(-2.9271512e-06 6.0582354e-06 6.9663586e-13)
(-9.5921517e-07 2.9394089e-06 4.3113606e-13)
(-7.6194029e-05 -9.1193766e-06 -1.5800347e-12)
(-7.347182e-05 -1.0206752e-05 2.2335146e-12)
(-7.0422635e-05 -1.1047949e-05 4.8886207e-12)
(-6.7100767e-05 -1.1650795e-05 6.5669933e-12)
(-6.3562712e-05 -1.2010014e-05 7.4824401e-12)
(-5.9864853e-05 -1.2067542e-05 7.8283918e-12)
(-5.6062039e-05 -1.1919016e-05 7.8157668e-12)
(-5.2205708e-05 -1.1589348e-05 7.5643401e-12)
(-4.8342229e-05 -1.1032933e-05 7.151539e-12)
(-4.4511994e-05 -1.0315828e-05 6.6618959e-12)
(-4.0748751e-05 -9.4773834e-06 6.1467295e-12)
(-3.707925e-05 -8.5420247e-06 5.6368166e-12)
(-3.3523804e-05 -7.538492e-06 5.1483696e-12)
(-3.0096821e-05 -6.4977209e-06 4.6867727e-12)
(-2.6807179e-05 -5.4540986e-06 4.2549817e-12)
(-2.3659194e-05 -4.4389964e-06 3.8527482e-12)
(-2.0653324e-05 -3.4735673e-06 3.475401e-12)
(-1.778689e-05 -2.57744e-06 3.1147249e-12)
(-1.5054908e-05 -1.7673637e-06 2.7618717e-12)
(-1.245061e-05 -1.0688339e-06 2.4083252e-12)
(-9.9658734e-06 -4.9223813e-07 2.0403341e-12)
(-7.5915878e-06 1.1476929e-07 1.6449789e-12)
(-5.3178471e-06 -5.2371841e-07 1.2572923e-12)
(-3.1341504e-06 3.0226452e-06 6.5638403e-13)
(-1.0292588e-06 5.1382264e-08 4.0246337e-13)
(-7.3340481e-05 -8.5996008e-06 -2.418032e-12)
(-7.0906272e-05 -9.6400316e-06 1.2369187e-12)
(-6.8170848e-05 -1.045602e-05 3.7994185e-12)
(-6.5178655e-05 -1.1100337e-05 5.4628105e-12)
(-6.1975766e-05 -1.1560241e-05 6.4330341e-12)
(-5.8608929e-05 -1.178282e-05 6.8686028e-12)
(-5.5124259e-05 -1.1794283e-05 6.9336605e-12)
(-5.1565831e-05 -1.1641926e-05 6.7684659e-12)
(-4.7973904e-05 -1.1321579e-05 6.4508534e-12)
(-4.4384156e-05 -1.0837661e-05 6.0408829e-12)
(-4.0827347e-05 -1.0228406e-05 5.5921506e-12)
(-3.7329068e-05 -9.5306674e-06 5.1404044e-12)
(-3.3909469e-05 -8.7700775e-06 4.7039941e-12)
(-3.0583668e-05 -7.9695414e-06 4.291064e-12)
(-2.7362095e-05 -7.1521893e-06 3.9038832e-12)
(-2.4251276e-05 -6.3412677e-06 3.5412261e-12)
(-2.1254286e-05 -5.5568183e-06 3.1987473e-12)
(-1.8371481e-05 -4.8170465e-06 2.8705616e-12)
(-1.5601174e-05 -4.1413127e-06 2.5498653e-12)
(-1.2940079e-05 -3.5479595e-06 2.2272514e-12)
(-1.0383846e-05 -3.040031e-06 1.8888427e-12)
(-7.9273382e-06 -2.4951924e-06 1.5226858e-12)
(-5.5638106e-06 -3.12388e-06 1.1635182e-12)
(-3.2838971e-06 2.4648378e-07 6.0048668e-13)
(-1.0805101e-06 -2.4454147e-06 3.6846097e-13)
(-7.0653044e-05 -8.0189384e-06 -3.2646463e-12)
(-6.8455801e-05 -9.1128929e-06 2.3967048e-13)
(-6.597912e-05 -1.0046151e-05 2.7377675e-12)
(-6.3259925e-05 -1.0762466e-05 4.3968842e-12)
(-6.03367e-05 -1.1273496e-05 5.3977339e-12)
(-5.72491e-05 -1.1580548e-05 5.9067681e-12)
(-5.4036334e-05 -1.1707133e-05 6.0584932e-12)
(-5.0735781e-05 -1.1730293e-05 5.9723031e-12)
(-4.738215e-05 -1.1614465e-05 5.7381427e-12)
(-4.4006843e-05 -1.1323367e-05 5.4138906e-12)
(-4.0637808e-05 -1.0916323e-05 5.0410334e-12)
(-3.7298959e-05 -1.0424711e-05 4.6517494e-12)
(-3.4010064e-05 -9.8686699e-06 4.269046e-12)
(-3.0786594e-05 -9.2694737e-06 3.9035957e-12)
(-2.7640101e-05 -8.6430786e-06 3.5583003e-12)
(-2.457867e-05 -8.0077147e-06 3.2330089e-12)
(-2.1607457e-05 -7.3815124e-06 2.9251588e-12)
(-1.8729272e-05 -6.7783278e-06 2.6294636e-12)
(-1.5945063e-05 -6.2128504e-06 2.3390385e-12)
(-1.3254263e-05 -5.697427e-06 2.0447217e-12)
(-1.0655232e-05 -5.2272729e-06 1.734093e-12)
(-8.1455223e-06 -4.684955e-06 1.3980061e-12)
(-5.7215462e-06 -5.367283e-06 1.0676501e-12)
(-3.3779562e-06 -2.4226281e-06 5.4213096e-13)
(-1.1100262e-06 -4.4468208e-06 3.3406056e-13)
(-6.8092724e-05 -7.6027876e-06 -4.0798442e-12)
(-6.6096134e-05 -8.6697999e-06 -7.2094222e-13)
(-6.3837604e-05 -9.5886538e-06 1.7176112e-12)
(-6.134828e-05 -1.0343659e-05 3.3801793e-12)
(-5.8661314e-05 -1.0933155e-05 4.4146913e-12)
(-5.5810768e-05 -1.140337e-05 4.9809892e-12)
(-5.2830293e-05 -1.1714622e-05 5.214015e-12)
(-4.9752207e-05 -1.1847801e-05 5.2107273e-12)
(-4.6606928e-05 -1.185803e-05 5.0525447e-12)
(-4.3422595e-05 -1.1729363e-05 4.8035588e-12)
(-4.0224005e-05 -1.1499626e-05 4.5070559e-12)
(-3.7033349e-05 -1.1198417e-05 4.1858228e-12)
(-3.3869715e-05 -1.0820628e-05 3.8586292e-12)
(-3.0748654e-05 -1.0391572e-05 3.5401923e-12)
(-2.7682484e-05 -9.9197643e-06 3.2354339e-12)
(-2.468053e-05 -9.4251258e-06 2.9462576e-12)
(-2.1749526e-05 -8.9312053e-06 2.6710113e-12)
(-1.8894086e-05 -8.4465459e-06 2.4046687e-12)
(-1.6117064e-05 -7.9775494e-06 2.1410281e-12)
(-1.3419853e-05 -7.5354721e-06 1.8726528e-12)
(-1.0802642e-05 -7.1164994e-06 1.5887424e-12)
(-8.2647117e-06 -6.6315964e-06 1.2814277e-12)
(-5.805193e-06 -7.2357701e-06 9.7776458e-13)
(-3.4255699e-06 -4.3961974e-06 4.8714018e-13)
(-1.1218532e-06 -6.3118481e-06 3.0347392e-13)
(-6.5619977e-05 -7.2626544e-06 -4.8535044e-12)
(-6.3795963e-05 -8.3035335e-06 -1.6136746e-12)
(-6.1725654e-05 -9.2195009e-06 7.7312693e-13)
(-5.9435149e-05 -1.0008947e-05 2.43411e-12)
(-5.6952932e-05 -1.0676222e-05 3.5149299e-12)
(-5.4308048e-05 -1.1215185e-05 4.1400733e-12)
(-5.1529518e-05 -1.161196e-05 4.4345487e-12)
(-4.8645905e-05 -1.1830003e-05 4.5027478e-12)
(-4.5684636e-05 -1.1965307e-05 4.4189168e-12)
(-4.2671102e-05 -1.2046588e-05 4.2397368e-12)
(-3.9628013e-05 -1.1985389e-05 4.0045704e-12)
(-3.6575961e-05 -1.1820686e-05 3.7429555e-12)
(-3.3532833e-05 -1.159613e-05 3.4728136e-12)
(-3.051396e-05 -1.1312458e-05 3.2015994e-12)
(-2.7532086e-05 -1.0965878e-05 2.936231e-12)
(-2.4597346e-05 -1.058246e-05 2.6816998e-12)
(-2.1717828e-05 -1.0197641e-05 2.4368764e-12)
(-1.8899527e-05 -9.8142492e-06 2.1979147e-12)
(-1.6146694e-05 -9.4304756e-06 1.9598186e-12)
(-1.3462266e-05 -9.0577414e-06 1.7162539e-12)
(-1.08481e-05 -8.6963002e-06 1.4576432e-12)
(-8.3052913e-06 -8.2799207e-06 1.1765064e-12)
(-5.8354408e-06 -8.7600654e-06 8.9740207e-13)
(-3.4439767e-06 -5.7734525e-06 4.4019439e-13)
(-1.1271307e-06 -7.8934982e-06 2.7604674e-13)
(-6.3215749e-05 -6.9688366e-06 -5.5719604e-12)
(-6.1538813e-05 -7.9948838e-06 -2.4100016e-12)
(-5.9630949e-05 -8.9122088e-06 -5.1591979e-14)
(-5.7514064e-05 -9.7224162e-06 1.614111e-12)
(-5.5211851e-05 -1.043076e-05 2.7229152e-12)
(-5.2748896e-05 -1.1016851e-05 3.3931304e-12)
(-5.0150206e-05 -1.147635e-05 3.7420426e-12)
(-4.7440981e-05 -1.1819669e-05 3.8710107e-12)
(-4.4645763e-05 -1.2068652e-05 3.8486727e-12)
(-4.1787732e-05 -1.2224314e-05 3.7280645e-12)
(-3.8888773e-05 -1.2268056e-05 3.5473728e-12)
(-3.5967889e-05 -1.2230241e-05 3.3348162e-12)
(-3.3041632e-05 -1.2122843e-05 3.1084641e-12)
(-3.0124768e-05 -1.19403e-05 2.8793621e-12)
(-2.7230053e-05 -1.1725081e-05 2.6542019e-12)
(-2.4368331e-05 -1.1483863e-05 2.4334449e-12)
(-2.1548614e-05 -1.1195528e-05 2.2172555e-12)
(-1.877811e-05 -1.0881257e-05 2.0046445e-12)
(-1.606241e-05 -1.0561235e-05 1.7913892e-12)
(-1.3405914e-05 -1.024039e-05 1.5715553e-12)
(-1.0812109e-05 -9.9187623e-06 1.3366994e-12)
(-8.2840233e-06 -9.5300982e-06 1.079608e-12)
(-5.8249514e-06 -9.9197636e-06 8.2392313e-13)
(-3.4395873e-06 -6.9894665e-06 4.0036368e-13)
(-1.1260303e-06 -9.0598682e-06 2.5203559e-13)
(-6.0883693e-05 -6.6929692e-06 -6.1935098e-12)
(-5.9331896e-05 -7.708352e-06 -3.0958605e-12)
(-5.7563488e-05 -8.6215542e-06 -7.5970128e-13)
(-5.5597313e-05 -9.4423192e-06 9.1098009e-13)
(-5.3452967e-05 -1.0174273e-05 2.0377799e-12)
(-5.1151293e-05 -1.0797533e-05 2.7419575e-12)
(-4.8714056e-05 -1.1313566e-05 3.1374235e-12)
(-4.6163205e-05 -1.1733801e-05 3.3164317e-12)
(-4.3520444e-05 -1.2036901e-05 3.3404231e-12)
(-4.0806875e-05 -1.2261791e-05 3.261078e-12)
(-3.8042558e-05 -1.2419254e-05 3.1230318e-12)
(-3.5245452e-05 -1.247324e-05 2.9533292e-12)
(-3.2431587e-05 -1.2447988e-05 2.767581e-12)
(-2.9615303e-05 -1.2369523e-05 2.5768936e-12)
(-2.6809271e-05 -1.2247541e-05 2.3863732e-12)
(-2.4024749e-05 -1.2079871e-05 2.1973368e-12)
(-2.1271227e-05 -1.1869696e-05 2.0099364e-12)
(-1.8556861e-05 -1.162661e-05 1.8227277e-12)
(-1.588852e-05 -1.1361962e-05 1.6327919e-12)
(-1.3271918e-05 -1.1085433e-05 1.4352224e-12)
(-1.0711914e-05 -1.0794845e-05 1.2225393e-12)
(-8.2128507e-06 -1.0419531e-05 9.8778886e-13)
(-5.7786427e-06 -1.0753348e-05 7.5524507e-13)
(-3.4123763e-06 -7.9821633e-06 3.6559685e-13)
(-1.1152886e-06 -9.8881156e-06 2.2966846e-13)
(-5.8635778e-05 -6.4034867e-06 -6.6687213e-12)
(-5.7192427e-05 -7.3965541e-06 -3.6685952e-12)
(-5.5544539e-05 -8.3247722e-06 -1.3746292e-12)
(-5.3708447e-05 -9.1654459e-06 2.8860114e-13)
(-5.1701253e-05 -9.9020348e-06 1.42716e-12)
(-4.954119e-05 -1.0546203e-05 2.1619916e-12)
(-4.7247377e-05 -1.1100069e-05 2.5968089e-12)
(-4.4839146e-05 -1.1553869e-05 2.8095292e-12)
(-4.2335729e-05 -1.1911757e-05 2.8709105e-12)
(-3.9755804e-05 -1.2193473e-05 2.8352451e-12)
(-3.7116998e-05 -1.2402422e-05 2.7391972e-12)
(-3.4436381e-05 -1.2529843e-05 2.6076933e-12)
(-3.1729945e-05 -1.2582794e-05 2.4566896e-12)
(-2.9011933e-05 -1.2576248e-05 2.2969774e-12)
(-2.6295081e-05 -1.2516357e-05 2.1347633e-12)
(-2.3590583e-05 -1.2409744e-05 1.9731242e-12)
(-2.0908351e-05 -1.2263286e-05 1.8120085e-12)
(-1.8257137e-05 -1.207874e-05 1.6492126e-12)
(-1.5644648e-05 -1.1861767e-05 1.4817015e-12)
(-1.3077554e-05 -1.1620504e-05 1.3053572e-12)
(-1.0561648e-05 -1.1355218e-05 1.1137189e-12)
(-8.1020365e-06 -1.0993746e-05 9.0004696e-13)
(-5.7030566e-06 -1.1290198e-05 6.9034503e-13)
(-3.3672941e-06 -8.7138357e-06 3.3436888e-13)
(-1.0984931e-06 -1.0418638e-05 2.0832359e-13)
(-5.6477813e-05 -6.1264977e-06 -7.0108323e-12)
(-5.5129325e-05 -7.0904582e-06 -4.1353297e-12)
(-5.3586488e-05 -7.9917218e-06 -1.9130069e-12)
(-5.1863416e-05 -8.8190417e-06 -2.7792704e-13)
(-4.9975716e-05 -9.5596321e-06 8.628349e-13)
(-4.7939882e-05 -1.0218069e-05 1.6209646e-12)
(-4.5772871e-05 -1.0790662e-05 2.0875921e-12)
(-4.3491891e-05 -1.127159e-05 2.3375229e-12)
(-4.1114044e-05 -1.1673178e-05 2.4407288e-12)
(-3.8656092e-05 -1.1997553e-05 2.4463924e-12)
(-3.6134206e-05 -1.224805e-05 2.388574e-12)
(-3.3564259e-05 -1.2427115e-05 2.2914229e-12)
(-3.096151e-05 -1.2536152e-05 2.1716521e-12)
(-2.833991e-05 -1.2582161e-05 2.0400255e-12)
(-2.57121e-05 -1.2571007e-05 1.9032623e-12)
(-2.3089412e-05 -1.2511096e-05 1.7650642e-12)
(-2.0482042e-05 -1.2407826e-05 1.6258724e-12)
(-1.789909e-05 -1.2263673e-05 1.4841123e-12)
(-1.5348695e-05 -1.2083646e-05 1.3371746e-12)
(-1.2838109e-05 -1.187696e-05 1.1815025e-12)
(-1.0373744e-05 -1.1640575e-05 1.0106926e-12)
(-7.9612527e-06 -1.1294546e-05 8.1812463e-13)
(-5.6056898e-06 -1.1564294e-05 6.300561e-13)
(-3.3095759e-06 -9.1992296e-06 3.0587381e-13)
(-1.0781959e-06 -1.0703831e-05 1.9041271e-13)
(-5.4411401e-05 -5.8363971e-06 -7.3032729e-12)
(-5.3145386e-05 -6.7629057e-06 -4.542616e-12)
(-5.1694584e-05 -7.6287305e-06 -2.3944593e-12)
(-5.0071431e-05 -8.4284518e-06 -7.9846305e-13)
(-4.8289873e-05 -9.1576277e-06 3.3760013e-13)
(-4.6364674e-05 -9.8126031e-06 1.1101179e-12)
(-4.4311028e-05 -1.0390163e-05 1.6040622e-12)
(-4.2144355e-05 -1.0891286e-05 1.8932786e-12)
(-3.9880157e-05 -1.1319152e-05 2.0380079e-12)
(-3.7533946e-05 -1.1672793e-05 2.0826262e-12)
(-3.5121043e-05 -1.1954102e-05 2.0603531e-12)
(-3.2656163e-05 -1.2166071e-05 1.9953259e-12)
(-3.0153345e-05 -1.2312597e-05 1.9049601e-12)
(-2.7625926e-05 -1.2398388e-05 1.800491e-12)
(-2.508628e-05 -1.2427264e-05 1.6882745e-12)
(-2.2545813e-05 -1.2404198e-05 1.5718695e-12)
(-2.001487e-05 -1.2334226e-05 1.452544e-12)
(-1.7502787e-05 -1.2221189e-05 1.3296891e-12)
(-1.5017986e-05 -1.2070042e-05 1.2014028e-12)
(-1.2568076e-05 -1.1886944e-05 1.0643537e-12)
(-1.0159923e-05 -1.1673007e-05 9.1274414e-13)
(-7.7997209e-06 -1.1337064e-05 7.4058044e-13)
(-5.4930832e-06 -1.1587088e-05 5.7240154e-13)
(-3.2430033e-06 -9.4365772e-06 2.7740015e-13)
(-1.0558512e-06 -1.0743977e-05 1.7282078e-13)
(-5.2444427e-05 -5.5204841e-06 -7.6342445e-12)
(-5.1250496e-05 -6.4042145e-06 -4.956815e-12)
(-4.9880897e-05 -7.230816e-06 -2.8620975e-12)
(-4.8346786e-05 -7.9965832e-06 -1.2908227e-12)
(-4.6660365e-05 -8.7029801e-06 -1.5359544e-13)
(-4.4834647e-05 -9.3427049e-06 6.3303899e-13)
(-4.2883364e-05 -9.9122569e-06 1.1507692e-12)
(-4.082047e-05 -1.0417732e-05 1.4738956e-12)
(-3.8660325e-05 -1.0854871e-05 1.6546049e-12)
(-3.6417346e-05 -1.1221467e-05 1.7341118e-12)
(-3.4105784e-05 -1.1520237e-05 1.7453631e-12)
(-3.1739441e-05 -1.1753542e-05 1.7120012e-12)
(-2.9331516e-05 -1.1924842e-05 1.6506177e-12)
(-2.6894689e-05 -1.2036914e-05 1.5720418e-12)
(-2.4440944e-05 -1.2092971e-05 1.4830378e-12)
(-2.1981483e-05 -1.2097209e-05 1.3876678e-12)
(-1.9526654e-05 -1.205376e-05 1.2876654e-12)
(-1.7085925e-05 -1.1965743e-05 1.1829152e-12)
(-1.4667941e-05 -1.1837269e-05 1.0720495e-12)
(-1.2280584e-05 -1.1672872e-05 9.5230782e-13)
(-9.9310403e-06 -1.1484167e-05 8.1892963e-13)
(-7.625897e-06 -1.1154123e-05 6.6564066e-13)
(-5.3712537e-06 -1.1382183e-05 5.1613667e-13)
(-3.1712632e-06 -9.4337288e-06 2.4942575e-13)
(-1.0324499e-06 -1.0572421e-05 1.5516823e-13)
(-5.0590393e-05 -5.1610166e-06 -8.0515076e-12)
(-4.9460176e-05 -5.9936499e-06 -5.4276143e-12)
(-4.8162522e-05 -6.7818088e-06 -3.3489044e-12)
(-4.6707441e-05 -7.5167654e-06 -1.772998e-12)
(-4.5105845e-05 -8.193305e-06 -6.2404782e-13)
(-4.3369409e-05 -8.8075983e-06 1.8115079e-13)
(-4.151044e-05 -9.3619665e-06 7.2530421e-13)
(-3.954183e-05 -9.8576089e-06 1.0774493e-12)
(-3.7476885e-05 -1.0285961e-05 1.2872067e-12)
(-3.5328907e-05 -1.0651323e-05 1.3974026e-12)
(-3.3111105e-05 -1.0955964e-05 1.4396203e-12)
(-3.0836473e-05 -1.1198351e-05 1.4357035e-12)
(-2.8517646e-05 -1.138181e-05 1.4014847e-12)
(-2.6166719e-05 -1.150925e-05 1.3476368e-12)
(-2.3795232e-05 -1.1583248e-05 1.2812757e-12)
(-2.1414103e-05 -1.1607193e-05 1.2067533e-12)
(-1.9033559e-05 -1.1584077e-05 1.126064e-12)
(-1.6663091e-05 -1.1516294e-05 1.0393148e-12)
(-1.4311461e-05 -1.1407124e-05 9.4551665e-13)
(-1.1986749e-05 -1.1262224e-05 8.4267804e-13)
(-9.6963994e-06 -1.1085958e-05 7.2673548e-13)
(-7.447304e-06 -1.0783603e-05 5.9177421e-13)
(-5.2459366e-06 -1.0982059e-05 4.6057724e-13)
(-3.0978097e-06 -9.2065131e-06 2.2214184e-13)
(-1.0086225e-06 -1.0187164e-05 1.3729266e-13)
(-4.8862465e-05 -4.7730907e-06 -8.4711617e-12)
(-4.7788474e-05 -5.5477506e-06 -5.8961322e-12)
(-4.6554305e-05 -6.282617e-06 -3.8387055e-12)
(-4.5169143e-05 -6.9730036e-06 -2.2598953e-12)
(-4.3642882e-05 -7.6127812e-06 -1.0936233e-12)
(-4.1986133e-05 -8.2011836e-06 -2.6013232e-13)
(-4.021019e-05 -8.7338939e-06 3.1409354e-13)
(-3.8326852e-05 -9.205803e-06 6.9311346e-13)
(-3.6348411e-05 -9.6166659e-06 9.3079476e-13)
(-3.4287054e-05 -9.9714503e-06 1.0694391e-12)
(-3.2155332e-05 -1.0271373e-05 1.1397287e-12)
(-2.9965508e-05 -1.0513139e-05 1.1626597e-12)
(-2.7729554e-05 -1.0699287e-05 1.1536327e-12)
(-2.5459042e-05 -1.0833847e-05 1.1234533e-12)
(-2.3165146e-05 -1.0918783e-05 1.0791727e-12)
(-2.0858487e-05 -1.0955753e-05 1.025035e-12)
(-1.8549111e-05 -1.0947082e-05 9.6322621e-13)
(-1.6246464e-05 -1.0894894e-05 8.9428797e-13)
(-1.3959322e-05 -1.0802323e-05 8.1769822e-13)
(-1.1695882e-05 -1.0674532e-05 7.3192906e-13)
(-9.4637864e-06 -1.0514679e-05 6.3358959e-13)
(-7.2702315e-06 -1.0247853e-05 5.1742531e-13)
(-5.1219299e-06 -1.0407996e-05 4.0420421e-13)
(-3.0248464e-06 -8.7985974e-06 1.9410361e-13)
(-9.8463123e-07 -9.680338e-06 1.2075698e-13)
(-4.7272611e-05 -4.3570313e-06 -8.8710498e-12)
(-4.6247887e-05 -5.0687432e-06 -6.3419173e-12)
(-4.5069373e-05 -5.7425803e-06 -4.3086372e-12)
(-4.3745669e-05 -6.3793625e-06 -2.7322325e-12)
(-4.2286051e-05 -6.9737175e-06 -1.552791e-12)
(-4.0700015e-05 -7.520153e-06 -6.990648e-13)
(-3.8998368e-05 -8.0158904e-06 -1.0005011e-13)
(-3.7191615e-05 -8.4575122e-06 3.0705996e-13)
(-3.5290866e-05 -8.8487595e-06 5.7583667e-13)
(-3.3307825e-05 -9.1889631e-06 7.4435222e-13)
(-3.1254334e-05 -9.4753192e-06 8.4144659e-13)
(-2.9142044e-05 -9.7102256e-06 8.8960759e-13)
(-2.6982247e-05 -9.8950478e-06 9.0452958e-13)
(-2.4786056e-05 -1.0031204e-05 8.9697924e-13)
(-2.2564281e-05 -1.0120133e-05 8.7384421e-13)
(-2.0327266e-05 -1.0163547e-05 8.3939029e-13)
(-1.8084835e-05 -1.0163744e-05 7.9600736e-13)
(-1.5846342e-05 -1.0123465e-05 7.4480473e-13)
(-1.3620528e-05 -1.0045209e-05 6.8566035e-13)
(-1.1415678e-05 -9.9327335e-06 6.1727366e-13)
(-9.2395634e-06 -9.7908358e-06 5.3691309e-13)
(-7.0995573e-06 -9.5526963e-06 4.4014937e-13)
(-5.0026413e-06 -9.6841126e-06 3.4534265e-13)
(-2.9542502e-06 -8.2424492e-06 1.6359465e-13)
(-9.6080481e-07 -9.0162845e-06 1.0273568e-13)
(-4.5833461e-05 -3.9133854e-06 -9.255375e-12)
(-4.4851356e-05 -4.5542425e-06 -6.7718606e-12)
(-4.3720482e-05 -5.1641322e-06 -4.758754e-12)
(-4.245021e-05 -5.7411947e-06 -3.187362e-12)
(-4.1049057e-05 -6.2792601e-06 -2.0022038e-12)
(-3.9525361e-05 -6.7736975e-06 -1.133966e-12)
(-3.788902e-05 -7.224058e-06 -5.1350467e-13)
(-3.6150008e-05 -7.6332119e-06 -7.9094415e-14)
(-3.4318272e-05 -7.997299e-06 2.1799129e-13)
(-3.2405139e-05 -8.3118575e-06 4.1390583e-13)
(-3.0421744e-05 -8.5787774e-06 5.3761677e-13)
(-2.8379259e-05 -8.8005037e-06 6.1134627e-13)
(-2.628846e-05 -8.9773298e-06 6.5036658e-13)
(-2.4159937e-05 -9.1089477e-06 6.6495744e-13)
(-2.2004098e-05 -9.1967122e-06 6.6224582e-13)
(-1.9831054e-05 -9.242909e-06 6.4706394e-13)
(-1.7650421e-05 -9.2493081e-06 6.2213174e-13)
(-1.5471325e-05 -9.218366e-06 5.8879993e-13)
(-1.330257e-05 -9.1527988e-06 5.4728617e-13)
(-1.1152449e-05 -9.0550553e-06 4.9660884e-13)
(-9.0287997e-06 -8.9313556e-06 4.3473339e-13)
(-6.9390607e-06 -8.7167376e-06 3.576296e-13)
(-4.890466e-06 -8.8266564e-06 2.8215965e-13)
(-2.8878257e-06 -7.5601649e-06 1.2989675e-13)
(-9.3825115e-07 -8.2225023e-06 8.3123676e-14)
(-4.4571466e-05 -3.4391831e-06 -9.6325354e-12)
(-4.3620996e-05 -4.0045061e-06 -7.1853245e-12)
(-4.2526347e-05 -4.5449406e-06 -5.1913552e-12)
(-4.1300874e-05 -5.0538973e-06 -3.6295093e-12)
(-3.9947799e-05 -5.5289015e-06 -2.4427776e-12)
(-3.8476157e-05 -5.9721867e-06 -1.5619345e-12)
(-3.689621e-05 -6.3769562e-06 -9.2229081e-13)
(-3.5215855e-05 -6.7406143e-06 -4.6531365e-13)
(-3.3444016e-05 -7.0646915e-06 -1.4379855e-13)
(-3.1591726e-05 -7.3473447e-06 7.7751943e-14)
(-2.9669689e-05 -7.5893898e-06 2.2730629e-13)
(-2.768887e-05 -7.7913643e-06 3.2582058e-13)
(-2.5659432e-05 -7.953131e-06 3.8806267e-13)
(-2.3591207e-05 -8.0748923e-06 4.2437952e-13)
(-2.1494335e-05 -8.1580608e-06 4.4216641e-13)
(-1.9378781e-05 -8.20462e-06 4.4652709e-13)
(-1.7253891e-05 -8.2164999e-06 4.4050384e-13)
(-1.5128608e-05 -8.194359e-06 4.2534265e-13)
(-1.301171e-05 -8.1395707e-06 4.0143394e-13)
(-1.0911457e-05 -8.0558429e-06 3.6856435e-13)
(-8.8357163e-06 -7.949106e-06 3.2537067e-13)
(-6.7919619e-06 -7.7584106e-06 2.6830416e-13)
(-4.7875845e-06 -7.8509196e-06 2.1303035e-13)
(-2.8269627e-06 -6.7624424e-06 9.1614951e-14)
(-9.1774556e-07 -7.3144314e-06 6.0851181e-14)
(-4.3478699e-05 -2.9284213e-06 -9.961091e-12)
(-4.2569106e-05 -3.4105252e-06 -7.5529243e-12)
(-4.1523538e-05 -3.8747106e-06 -5.5871816e-12)
(-4.0340238e-05 -4.317675e-06 -4.039015e-12)
(-3.9029324e-05 -4.7299355e-06 -2.8559881e-12)
(-3.7599836e-05 -5.1129999e-06 -1.9707948e-12)
(-3.6057791e-05 -5.4629693e-06 -1.3189818e-12)
(-3.4415086e-05 -5.7760969e-06 -8.444909e-13)
(-3.2687167e-05 -6.0553403e-06 -5.0222732e-13)
(-3.0883336e-05 -6.3010654e-06 -2.5775941e-13)
(-2.9011489e-05 -6.5131248e-06 -8.458572e-14)
(-2.7083022e-05 -6.6907875e-06 3.7002714e-14)
(-2.5106446e-05 -6.8332101e-06 1.2133422e-13)
(-2.3090056e-05 -6.9413411e-06 1.7877403e-13)
(-2.1044083e-05 -7.016921e-06 2.1677174e-13)
(-1.8978697e-05 -7.0610184e-06 2.4039403e-13)
(-1.6902675e-05 -7.0747308e-06 2.5273649e-13)
(-1.4824746e-05 -7.0588227e-06 2.5534643e-13)
(-1.2753603e-05 -7.0143809e-06 2.4894413e-13)
(-1.0697484e-05 -6.9446828e-06 2.3376862e-13)
(-8.6641638e-06 -6.856402e-06 2.0918178e-13)
(-6.6613069e-06 -6.6920566e-06 1.724231e-13)
(-4.6960611e-06 -6.7695128e-06 1.3785746e-13)
(-2.7728498e-06 -5.8597893e-06 4.8376403e-14)
(-8.9961706e-07 -6.3101457e-06 3.5700223e-14)
(-4.2518233e-05 -2.415379e-06 -1.0155689e-11)
(-4.164151e-05 -2.8145142e-06 -7.797164e-12)
(-4.063174e-05 -3.1914158e-06 -5.8740527e-12)
(-3.9486784e-05 -3.5461319e-06 -4.3589706e-12)
(-3.8218656e-05 -3.8784475e-06 -3.1981856e-12)
(-3.6835105e-05 -4.1839228e-06 -2.3230939e-12)
(-3.5342966e-05 -4.4636413e-06 -1.6712722e-12)
(-3.3754235e-05 -4.7256195e-06 -1.1889761e-12)
(-3.2075552e-05 -4.9653094e-06 -8.3357633e-13)
(-3.0315481e-05 -5.1739319e-06 -5.724815e-13)
(-2.8484087e-05 -5.3542415e-06 -3.8081205e-13)
(-2.6589519e-05 -5.5061278e-06 -2.4000239e-13)
(-2.4648674e-05 -5.6264137e-06 -1.3628944e-13)
(-2.2670576e-05 -5.7176329e-06 -5.9747295e-14)
(-2.0664261e-05 -5.7830596e-06 -3.2711995e-15)
(-1.8640366e-05 -5.8223546e-06 3.7949061e-14)
(-1.6605154e-05 -5.8355483e-06 6.709761e-14)
(-1.4566681e-05 -5.8243394e-06 8.6137264e-14)
(-1.2534109e-05 -5.7899724e-06 9.6148946e-14)
(-1.0515519e-05 -5.7345004e-06 9.7707664e-14)
(-8.5183323e-06 -5.6652424e-06 9.0785243e-14)
(-6.5500216e-06 -5.5279784e-06 7.3600705e-14)
(-4.6179824e-06 -5.5925485e-06 5.9253944e-14)
(-2.7268387e-06 -4.857926e-06 1.495483e-15)
(-8.8432745e-07 -5.2103792e-06 7.8310392e-15)
(-4.1731929e-05 -1.864705e-06 -1.0034581e-11)
(-4.0868121e-05 -2.1726806e-06 -7.7635404e-12)
(-3.9870778e-05 -2.4643423e-06 -5.9286847e-12)
(-3.8752036e-05 -2.739841e-06 -4.4885085e-12)
(-3.7515745e-05 -2.9976799e-06 -3.3835761e-12)
(-3.6169124e-05 -3.2371964e-06 -2.546612e-12)
(-3.4722455e-05 -3.4577994e-06 -1.917571e-12)
(-3.318158e-05 -3.6577296e-06 -1.4457795e-12)
(-3.1549991e-05 -3.8340818e-06 -1.0917443e-12)
(-2.9835665e-05 -3.9876695e-06 -8.2614858e-13)
(-2.8050747e-05 -4.1187937e-06 -6.2625969e-13)
(-2.6202561e-05 -4.2344235e-06 -4.7432401e-13)
(-2.4298839e-05 -4.3342963e-06 -3.5746184e-13)
(-2.2353987e-05 -4.4112864e-06 -2.6687865e-13)
(-2.037781e-05 -4.4685395e-06 -1.9632198e-13)
(-1.8381126e-05 -4.5042396e-06 -1.4130907e-13)
(-1.6372666e-05 -4.5166526e-06 -9.8705837e-14)
(-1.4362242e-05 -4.5098258e-06 -6.6376537e-14)
(-1.2358916e-05 -4.4856652e-06 -4.2849773e-14)
(-1.0369898e-05 -4.4454641e-06 -2.7139933e-14)
(-8.4015691e-06 -4.3920641e-06 -1.8856677e-14)
(-6.4609736e-06 -4.2841602e-06 -1.8849056e-14)
(-4.5558962e-06 -4.3393145e-06 -1.5545172e-14)
(-2.6901976e-06 -3.7743067e-06 -4.4011845e-14)
(-8.7224296e-07 -4.0417818e-06 -1.9729716e-14)
(-4.1166779e-05 -1.2971963e-06 -9.3077939e-12)
(-4.0318e-05 -1.5106033e-06 -7.2278162e-12)
(-3.9339134e-05 -1.7141934e-06 -5.5707038e-12)
(-3.8237777e-05 -1.9066563e-06 -4.2792172e-12)
(-3.7019704e-05 -2.0870652e-06 -3.289183e-12)
(-3.5691626e-05 -2.2548855e-06 -2.5372411e-12)
(-3.4260989e-05 -2.4093104e-06 -1.9681798e-12)
(-3.2734626e-05 -2.5470953e-06 -1.5374591e-12)
(-3.1124634e-05 -2.6716865e-06 -1.2097367e-12)
(-2.9439877e-05 -2.7833582e-06 -9.597092e-13)
(-2.7687956e-05 -2.8774798e-06 -7.6786367e-13)
(-2.5879036e-05 -2.9520004e-06 -6.1839274e-13)
(-2.4014992e-05 -3.0117738e-06 -5.0002474e-13)
(-2.2107309e-05 -3.0611519e-06 -4.0519427e-13)
(-2.0165823e-05 -3.0993023e-06 -3.289531e-13)
(-1.8195416e-05 -3.1263737e-06 -2.6742715e-13)
(-1.6209872e-05 -3.1411088e-06 -2.177031e-13)
(-1.4220187e-05 -3.1434238e-06 -1.7770252e-13)
(-1.2234537e-05 -3.1308865e-06 -1.4586914e-13)
(-1.0263604e-05 -3.104579e-06 -1.2098937e-13)
(-8.3170403e-06 -3.0672133e-06 -1.0226637e-13)
(-6.3967078e-06 -2.9931529e-06 -8.9761658e-14)
(-4.5107684e-06 -3.0334175e-06 -7.4226315e-14)
(-2.6637348e-06 -2.6330415e-06 -7.9325727e-14)
(-8.6336559e-07 -2.8256007e-06 -4.2680001e-14)
(-4.0854558e-05 -7.2921829e-07 -7.6279503e-12)
(-4.0014182e-05 -8.4940289e-07 -5.9217066e-12)
(-3.9045331e-05 -9.6485291e-07 -4.5895563e-12)
(-3.79542e-05 -1.0741376e-06 -3.5618828e-12)
(-3.6746997e-05 -1.1767962e-06 -2.7758369e-12)
(-3.543044e-05 -1.2721495e-06 -2.1776319e-12)
(-3.4011818e-05 -1.359734e-06 -1.7226585e-12)
(-3.2499035e-05 -1.4385898e-06 -1.3757169e-12)
(-3.0900116e-05 -1.5072495e-06 -1.1100356e-12)
(-2.9224987e-05 -1.5689884e-06 -9.0487088e-13)
(-2.748132e-05 -1.6235775e-06 -7.4395682e-13)
(-2.5678519e-05 -1.6673975e-06 -6.1628195e-13)
(-2.3829114e-05 -1.7029447e-06 -5.1367137e-13)
(-2.1939408e-05 -1.7312332e-06 -4.3002155e-13)
(-2.0017628e-05 -1.7481246e-06 -3.6131727e-13)
(-1.8069625e-05 -1.7596605e-06 -3.0462199e-13)
(-1.6106687e-05 -1.7694743e-06 -2.5769573e-13)
(-1.4136669e-05 -1.7739773e-06 -2.1877097e-13)
(-1.2167235e-05 -1.7683875e-06 -1.8655734e-13)
(-1.0207908e-05 -1.7528957e-06 -1.5995977e-13)
(-8.2698268e-06 -1.7302065e-06 -1.3803691e-13)
(-6.3584835e-06 -1.6797963e-06 -1.205796e-13)
(-4.4826648e-06 -1.7089183e-06 -1.0072714e-13)
(-2.6473325e-06 -1.4779619e-06 -9.1738038e-14)
(-8.5896899e-07 -1.5914377e-06 -5.3378416e-14)
(-4.0705777e-05 -1.8283142e-07 -4.6676614e-12)
(-3.9868885e-05 -2.1306772e-07 -3.6099366e-12)
(-3.8904134e-05 -2.4262071e-07 -2.8033855e-12)
(-3.7817372e-05 -2.7049519e-07 -2.1896369e-12)
(-3.661485e-05 -2.9674955e-07 -1.7222767e-12)
(-3.5303317e-05 -3.2118179e-07 -1.365993e-12)
(-3.3890067e-05 -3.4352838e-07 -1.0939749e-12)
(-3.2382919e-05 -3.6356852e-07 -8.8557608e-13)
(-3.0790039e-05 -3.8037107e-07 -7.253209e-13)
(-2.9119579e-05 -3.9338316e-07 -6.0227342e-13)
(-2.7380854e-05 -4.0654081e-07 -5.025544e-13)
(-2.5582987e-05 -4.1853987e-07 -4.2220105e-13)
(-2.3735666e-05 -4.2870885e-07 -3.5710943e-13)
(-2.1846821e-05 -4.375575e-07 -3.0375632e-13)
(-1.9925628e-05 -4.4369715e-07 -2.5944507e-13)
(-1.798508e-05 -4.4691679e-07 -2.2138344e-13)
(-1.6030982e-05 -4.4321812e-07 -1.9030691e-13)
(-1.4071153e-05 -4.3824361e-07 -1.6407755e-13)
(-1.2114226e-05 -4.3414955e-07 -1.4190878e-13)
(-1.0166146e-05 -4.3197542e-07 -1.2314222e-13)
(-8.2555668e-06 -4.2652245e-07 -1.0762388e-13)
(-6.3467015e-06 -4.0890032e-07 -9.4081007e-14)
(-4.4739515e-06 -4.3023955e-07 -7.9589477e-14)
(-2.641843e-06 -3.5529474e-07 -6.8897401e-14)
(-8.5739657e-07 -3.8759625e-07 -4.3621035e-14)
)
;

boundaryField
{
    Walls
    {
        type            noSlip;
    }
    Inlet
    {
        type            pressureInletVelocity;
        value           nonuniform List<vector> 3((1.4989312 -0 -0) (1.4570763 -0 -0) (1.6102577 -0 -0));
    }
    Outlet
    {
        type            pressureInletOutletVelocity;
        value           nonuniform List<vector> 
86
(
(-4.2633342e-05 0 0)
(-4.2661038e-05 0 0)
(-4.2395916e-05 0 0)
(-4.1974328e-05 0 0)
(-4.1409164e-05 0 0)
(-4.0705777e-05 0 0)
(-3.9868885e-05 2.7664596e-19 4.8771254e-19)
(-3.8904134e-05 -2.6995166e-19 4.1245605e-19)
(-3.7817372e-05 0 0)
(-3.661485e-05 0 0)
(-3.5303317e-05 0 0)
(-3.3890067e-05 0 0)
(-3.2382919e-05 -2.2470164e-19 -2.0599144e-19)
(-3.0790039e-05 2.1364881e-19 -1.8135087e-19)
(-2.9119579e-05 0 0)
(-2.7380854e-05 0 0)
(-2.5582987e-05 0 0)
(-2.3735666e-05 0 0)
(-2.1846821e-05 0 0)
(-1.9925628e-05 0 0)
(-1.798508e-05 0 0)
(-1.6030982e-05 0 0)
(-1.4071153e-05 0 0)
(-1.2114226e-05 0 0)
(-1.0166146e-05 0 0)
(-8.2555668e-06 0 0)
(-6.3467015e-06 0 0)
(-4.4739515e-06 6.208855e-20 0)
(-2.641843e-06 -3.6662937e-20 0)
(-8.5739657e-07 0 0)
(-2.9758941e-06 0.10066743 -2.4113847e-07)
(9.3430617e-05 0.070545152 -2.2352182e-07)
(2.9567314e-05 0.022190815 -1.7411834e-07)
(0 -0.0059562614 0)
(0 -0.011246336 0)
(0 -0.0061932375 0)
(0 -0.0016655443 0)
(-1.6239806e-06 4.4181171e-05 -2.5029748e-08)
(-1.6330312e-06 0.00024714101 -2.1725175e-08)
(-1.7430397e-06 3.2125349e-05 -1.4842462e-08)
(0 -0.00012802033 0)
(0 -0.00014803283 0)
(0 -0.00010109574 0)
(0 -4.3170557e-05 0)
(0 -2.9783037e-06 0)
(8.4043303e-07 1.8008574e-05 -2.2953522e-10)
(8.818781e-07 2.5391695e-05 -1.0815519e-10)
(6.7054401e-07 2.7069987e-05 -4.8516729e-11)
(4.4575433e-07 2.6639765e-05 -2.0631522e-11)
(2.7179491e-07 2.5937898e-05 -8.263375e-12)
(1.0597586e-07 2.4844984e-05 -3.0088727e-12)
(-8.7195789e-08 2.2595668e-05 -8.3242408e-13)
(-2.9060467e-07 1.970398e-05 8.3714864e-15)
(-4.8152465e-07 1.64277e-05 3.1622444e-13)
(-6.4351538e-07 1.2976646e-05 4.2033438e-13)
(-7.7460592e-07 9.5638152e-06 4.4782435e-13)
(-8.760887e-07 6.183079e-06 4.4876291e-13)
(-9.5921517e-07 2.9394089e-06 4.3113606e-13)
(-1.0292588e-06 5.1382264e-08 4.0246337e-13)
(0 -2.4454147e-06 0)
(0 -4.4468208e-06 0)
(0 -6.3118481e-06 0)
(0 -7.8934982e-06 0)
(0 -9.0598682e-06 0)
(0 -9.8881156e-06 0)
(0 -1.0418638e-05 0)
(0 -1.0703831e-05 0)
(0 -1.0743977e-05 0)
(0 -1.0572421e-05 0)
(0 -1.0187164e-05 0)
(0 -9.680338e-06 0)
(0 -9.0162845e-06 0)
(0 -8.2225023e-06 0)
(0 -7.3144314e-06 0)
(0 -6.3101457e-06 0)
(0 -5.2103792e-06 0)
(0 -4.0417818e-06 0)
(0 -2.8256007e-06 0)
(0 -1.5914377e-06 0)
(0 -3.8759625e-07 0)
(0 -0.00098115609 0)
(0 -0.0047921294 0)
(0 -0.01015504 0)
(0 -0.0065128485 0)
(-2.2357215e-05 0.019162535 -1.7641423e-07)
(-9.2776794e-05 0.067223719 -2.2500085e-07)
)
;
    }
    Front
    {
        type            wedge;
    }
    Back
    {
        type            wedge;
    }
    defaultFaces
    {
        type            empty;
    }
}


// ************************************************************************* //
