/*--------------------------------*- C++ -*----------------------------------*\
| =========                 |                                                 |
| \\      /  F ield         | OpenFOAM: The Open Source CFD Toolbox           |
|  \\    /   O peration     | Version:  4.0                                   |
|   \\  /    A nd           | Web:      www.OpenFOAM.org                      |
|    \\/     M anipulation  |                                                 |
\*---------------------------------------------------------------------------*/
FoamFile
{
    version     2.0;
    format      ascii;
    class       volVectorField;
    location    "0.16";
    object      U;
}
// * * * * * * * * * * * * * * * * * * * * * * * * * * * * * * * * * * * * * //

dimensions      [0 1 -1 0 0 0 0];

internalField   nonuniform List<vector> 
1740
(
(1.4953453 -0.0078196965 4.9219271e-06)
(1.5060004 -0.015860114 7.4958431e-07)
(1.6261636 -0.005591488 2.8281485e-08)
(1.614725 -0.014303849 7.2161169e-06)
(1.524675 -0.040721219 1.5428388e-06)
(1.6354002 -0.027579601 3.1489469e-07)
(1.6085426 -0.0058818092 1.1433034e-05)
(1.5781421 -0.035657378 2.4663902e-06)
(1.5335581 -0.025705295 4.5970538e-07)
(1.6308296 -0.010173002 1.3024103e-05)
(1.6018324 -0.0015275439 3.4179275e-06)
(1.5560515 -0.0034081125 5.7305481e-07)
(1.6382752 -0.011534312 1.5367513e-05)
(1.5615204 0.01487647 4.3196543e-06)
(1.5679942 0.0080303232 8.0221401e-07)
(1.6203747 -0.010883855 1.6199646e-05)
(1.5289834 0.0076270151 5.069454e-06)
(1.536857 0.0059132616 9.7296686e-07)
(1.7239372 0.0091859048 1.6834883e-05)
(1.5085609 0.0075252883 5.7017736e-06)
(1.6116182 0.0026018545 1.0564405e-06)
(1.6014827 0.016517358 1.7914355e-05)
(1.5059096 -0.0093202714 6.3766316e-06)
(1.6123865 -0.016448285 1.3592755e-06)
(1.6071532 -0.0042814573 1.8625914e-05)
(1.6206338 -0.02337063 7.012959e-06)
(1.5242301 -0.014649118 1.5303674e-06)
(1.6662401 -0.0091153604 1.9233794e-05)
(1.6312825 0.0072613786 7.6759017e-06)
(1.5454519 0.0081140584 1.6551266e-06)
(1.5818163 0.0057452795 1.9596306e-05)
(1.5424776 0.023307722 8.2214206e-06)
(1.5583218 0.010799765 1.9151612e-06)
(1.5787057 0.012112498 1.9960419e-05)
(1.5528003 0.015793936 8.8316682e-06)
(1.5470298 0.0046821252 2.1062595e-06)
(1.5282084 0.0095707798 2.0160257e-05)
(1.5104763 0.01344261 9.3881992e-06)
(1.5976536 0.0030495954 2.2832878e-06)
(1.5356446 0.0056797377 2.0219126e-05)
(1.5413224 0.0052581131 9.7670648e-06)
(1.5973466 -0.0018825568 2.5552984e-06)
(1.5039044 0.0038753011 2.0153661e-05)
(1.6230399 0.010939385 1.0355341e-05)
(1.5745976 0.0088050566 2.6977512e-06)
(1.5036395 -0.0010993193 2.038106e-05)
(1.5282378 0.0027357751 1.074885e-05)
(1.6480157 -5.8225029e-05 2.9057995e-06)
(1.5373436 0.0069928673 2.0942476e-05)
(1.5741429 -0.00088700419 1.1230593e-05)
(1.5784935 -0.010062142 3.0604204e-06)
(1.4763412 0.0017519481 2.107237e-05)
(1.5903327 -0.0034857963 1.1669955e-05)
(1.5959047 -0.0016753583 3.2458228e-06)
(1.4931981 0.00013865237 2.1353379e-05)
(1.4847369 -0.0045392046 1.2089409e-05)
(1.5736324 0.00039991077 3.4366589e-06)
(1.4964727 0.0060707658 2.1677157e-05)
(1.5952237 0.0067478695 1.2405827e-05)
(1.5978784 0.00079763178 3.5800978e-06)
(1.4941915 -0.0099195671 2.1765354e-05)
(1.6001336 0.0038390063 1.2739264e-05)
(1.6143927 0.011882928 3.8139199e-06)
(1.4761135 -0.0055868861 2.169355e-05)
(1.4751957 -0.0068873433 1.3053439e-05)
(1.5844484 -0.0013472302 3.9344702e-06)
(1.4969098 0.0027245706 2.1862007e-05)
(1.582224 -0.01712252 1.3383801e-05)
(1.5682529 -0.012676255 4.1085251e-06)
(1.5014634 -0.012399078 2.201462e-05)
(1.5910659 -0.014941643 1.3719628e-05)
(1.5803211 -0.0091854942 4.2139388e-06)
(1.5746017 -0.02998954 2.2291574e-05)
(1.585916 -0.028282758 1.4113293e-05)
(1.5901385 -0.0094225925 4.4181429e-06)
(1.6942313 -0.022631601 2.2677347e-05)
(1.5968602 -0.015781839 1.4457512e-05)
(1.4923121 -0.0034460939 4.5460649e-06)
(1.5961808 0.0096231005 2.2414773e-05)
(1.5119481 -0.0052644607 1.4670256e-05)
(1.5067374 -0.00090341201 4.6646644e-06)
(1.5870491 0.0094059395 2.2598034e-05)
(1.6006195 -0.0085033365 1.4922383e-05)
(1.4975492 -0.011864393 4.842961e-06)
(1.5267855 0.011117749 2.2195952e-05)
(1.5670947 0.0071238407 1.510795e-05)
(1.4682151 0.0055110969 4.8267193e-06)
(1.3168633 0.040847756 2.3709675e-05)
(1.33312 0.1142372 1.5762447e-05)
(1.3750348 0.068835209 5.5259994e-06)
(0.86259893 0.37432394 1.1818963e-05)
(0.82826952 0.94605563 9.9712831e-06)
(0.75704723 1.2597631 5.4128688e-06)
(0.22846342 0.11564834 1.5192509e-06)
(0.19487427 0.37473536 3.0865945e-06)
(0.088403129 0.51080325 7.0388993e-07)
(-0.02820402 -0.012906139 1.2463202e-06)
(-0.02684373 -0.026796905 1.7350695e-06)
(-0.019930251 -0.031742938 6.4292099e-07)
(-0.0068339895 -0.0028168128 4.7505203e-07)
(-0.0068149801 -0.0074020663 7.9233925e-07)
(-0.0062091667 -0.010137952 4.1633829e-07)
(-0.00059479879 -0.00030643867 1.3819944e-07)
(-0.00067407093 -0.00087655596 2.9378847e-07)
(-0.00091034245 -0.0014682463 1.8823927e-07)
(2.0372238e-05 -6.2572055e-05 4.1201617e-08)
(3.1418263e-05 -0.00012320203 1.0081763e-07)
(6.3893518e-06 -0.00022110548 6.7563335e-08)
(0.00017152436 8.9415152e-06 9.722888e-09)
(0.000164033 4.0621371e-05 2.7827727e-08)
(0.00014085793 6.6845027e-05 1.4496905e-08)
(0.00015579292 3.5163943e-05 -1.1113237e-09)
(0.00014075836 8.9200581e-05 1.831153e-09)
(0.00011078348 0.00014569756 -4.9210569e-09)
(0.00010212238 2.5270674e-05 -2.9175754e-09)
(8.8374469e-05 6.4507454e-05 -4.1088809e-09)
(6.5503994e-05 9.3290085e-05 -8.0994484e-09)
(6.0405969e-05 5.0966111e-06 -1.4868244e-09)
(5.0056006e-05 1.6043101e-05 -2.8584712e-09)
(3.1312055e-05 1.3772229e-05 -5.3792503e-09)
(4.4680989e-05 -5.6681805e-06 -1.6771653e-10)
(3.7282129e-05 -1.5018174e-05 -8.2095414e-10)
(2.3524244e-05 -2.5906055e-05 -2.3064682e-09)
(4.4454798e-05 -5.5598766e-06 2.3368998e-10)
(3.8903873e-05 -1.6048098e-05 1.1045936e-10)
(2.824727e-05 -2.284407e-05 -6.2795991e-10)
(4.7665815e-05 -1.851776e-06 1.2087033e-10)
(4.3426898e-05 -4.9375046e-06 2.0511286e-10)
(3.5044573e-05 -8.7521498e-06 -6.1697903e-11)
(4.8877658e-05 7.5908054e-07 -5.5662707e-11)
(4.5649465e-05 2.4578097e-06 4.0327993e-11)
(3.9074562e-05 2.8374739e-06 3.8269618e-12)
(4.6744952e-05 1.898804e-06 -1.53081e-10)
(4.4269644e-05 5.0410427e-06 -9.2660284e-11)
(3.9110657e-05 7.1301306e-06 -5.0077578e-11)
(4.2569461e-05 1.9667843e-06 -1.6972485e-10)
(4.0656337e-05 5.231425e-06 -1.3684414e-10)
(3.6573409e-05 7.6848508e-06 -8.1721504e-11)
(3.7809725e-05 1.6595416e-06 -1.4242912e-10)
(3.6310336e-05 4.4051468e-06 -1.2193575e-10)
(3.3045662e-05 6.5749999e-06 -7.3766695e-11)
(3.3246631e-05 1.3668676e-06 -1.0851559e-10)
(3.2057165e-05 3.6035505e-06 -9.1369843e-11)
(2.9421352e-05 5.3190575e-06 -5.1084356e-11)
(2.9111806e-05 1.1758176e-06 -8.4527118e-11)
(2.8157415e-05 3.0711153e-06 -6.9028897e-11)
(2.6008722e-05 4.5255321e-06 -3.3563835e-11)
(2.5383264e-05 1.061188e-06 -7.2372466e-11)
(2.4608449e-05 2.7822813e-06 -6.0147383e-11)
(2.2840853e-05 4.1673358e-06 -2.6604052e-11)
(2.1976491e-05 9.9865036e-07 -6.4903393e-11)
(2.1339562e-05 2.616119e-06 -5.6886369e-11)
(1.9872525e-05 3.9990434e-06 -2.6427524e-11)
(1.8819734e-05 9.6175581e-07 -5.8855687e-11)
(1.8290061e-05 2.5126259e-06 -5.4228219e-11)
(1.7063323e-05 3.9160986e-06 -2.7722819e-11)
(1.5881607e-05 8.7969795e-07 -5.4142862e-11)
(1.5437338e-05 2.2923862e-06 -5.1974635e-11)
(1.4406e-05 3.5272476e-06 -2.8229639e-11)
(1.317858e-05 7.7491946e-07 -4.9378691e-11)
(1.2803366e-05 2.013333e-06 -4.8202471e-11)
(1.1933052e-05 3.1315497e-06 -2.7358767e-11)
(1.0753369e-05 6.940382e-07 -4.352787e-11)
(1.0433884e-05 1.7818424e-06 -4.2843613e-11)
(9.6960942e-06 2.7987832e-06 -2.5162938e-11)
(8.6343125e-06 6.0250923e-07 -3.9865125e-11)
(8.3591296e-06 1.568787e-06 -3.9663649e-11)
(7.7283713e-06 2.4548533e-06 -2.3423215e-11)
(6.8106436e-06 5.0599372e-07 -3.7646367e-11)
(6.5712395e-06 1.3409815e-06 -3.7996623e-11)
(6.028574e-06 2.0990493e-06 -2.2640822e-11)
(5.2458711e-06 4.1129704e-07 -3.6034076e-11)
(5.0372128e-06 1.1106227e-06 -3.6663503e-11)
(4.5704402e-06 1.7384893e-06 -2.2453972e-11)
(3.9128196e-06 3.5755351e-07 -3.5391712e-11)
(3.7310501e-06 9.6031176e-07 -3.5929698e-11)
(3.33076e-06 1.4849251e-06 -2.2495594e-11)
(2.812263e-06 2.7946671e-07 -3.4120466e-11)
(2.6535047e-06 7.6946788e-07 -3.4436747e-11)
(2.3101603e-06 1.1848673e-06 -2.1952832e-11)
(1.9551061e-06 2.0476597e-07 -3.3124259e-11)
(1.8158654e-06 5.8675507e-07 -3.3145311e-11)
(1.5201542e-06 8.9806474e-07 -2.1508344e-11)
(1.3368391e-06 1.3791107e-07 -3.2449076e-11)
(1.2144471e-06 4.2079439e-07 -3.215905e-11)
(9.5880207e-07 6.3503857e-07 -2.1199332e-11)
(9.3513625e-07 7.5931275e-08 -3.1844326e-11)
(8.2761443e-07 2.7040021e-07 -3.1151145e-11)
(6.0621448e-07 3.9740303e-07 -2.0820015e-11)
(7.2167689e-07 1.6744636e-08 -3.0993904e-11)
(6.273358e-07 1.248889e-07 -2.985783e-11)
(4.3525782e-07 1.7053231e-07 -2.0160033e-11)
(6.6846984e-07 -3.4958751e-08 -3.022126e-11)
(5.857197e-07 -4.5124377e-09 -2.8645141e-11)
(4.1849608e-07 -2.7011522e-08 -1.9488652e-11)
(7.4800349e-07 -6.8495133e-08 -2.9895623e-11)
(6.7546924e-07 -8.8793488e-08 -2.7826895e-11)
(5.2903936e-07 -1.8924569e-07 -1.9015684e-11)
(9.3363653e-07 -9.9001568e-08 -2.9327582e-11)
(8.7013981e-07 -1.6727873e-07 -2.6917908e-11)
(7.4106359e-07 -2.9974487e-07 -1.8620466e-11)
(1.2009667e-06 -1.2347778e-07 -2.8892417e-11)
(1.1453343e-06 -2.304844e-07 -2.6214493e-11)
(1.0306229e-06 -3.8909499e-07 -1.8337337e-11)
(1.5265407e-06 -1.4196026e-07 -2.851423e-11)
(1.4776199e-06 -2.8386326e-07 -2.5623207e-11)
(1.3746349e-06 -4.5994241e-07 -1.8109249e-11)
(1.8906366e-06 -1.4532478e-07 -2.8403839e-11)
(1.8474639e-06 -2.9455726e-07 -2.5221352e-11)
(1.7538578e-06 -5.1900595e-07 -1.7918299e-11)
(2.2824643e-06 -1.5071712e-07 -2.8193793e-11)
(2.2442313e-06 -3.1213672e-07 -2.4857986e-11)
(2.1575857e-06 -5.2972829e-07 -1.7828533e-11)
(2.6890963e-06 -1.5045095e-07 -2.7912167e-11)
(2.6552325e-06 -3.1472007e-07 -2.4501308e-11)
(2.5741953e-06 -5.2210193e-07 -1.7827379e-11)
(3.0888612e-06 -1.4288138e-07 -2.7818068e-11)
(3.0589791e-06 -3.018911e-07 -2.4327156e-11)
(2.983208e-06 -4.9984264e-07 -1.7872075e-11)
(3.4642151e-06 -1.3119918e-07 -2.7780689e-11)
(3.4377214e-06 -2.7968857e-07 -2.4251627e-11)
(3.3662041e-06 -4.6402723e-07 -1.7966034e-11)
(3.8048362e-06 -1.1616293e-07 -2.7788412e-11)
(3.7810546e-06 -2.4933988e-07 -2.4269909e-11)
(3.7124527e-06 -4.1400698e-07 -1.8139668e-11)
(4.1007858e-06 -9.7909833e-08 -2.7880778e-11)
(4.079131e-06 -2.10453e-07 -2.4417907e-11)
(4.0125445e-06 -3.4825888e-07 -1.8403504e-11)
(4.3396667e-06 -7.5848437e-08 -2.8143525e-11)
(4.3196294e-06 -1.6064367e-07 -2.4717081e-11)
(4.2544766e-06 -2.6305779e-07 -1.8671122e-11)
(4.50163e-06 -4.9738409e-08 -2.8511683e-11)
(4.4827445e-06 -1.0184544e-07 -2.4797678e-11)
(4.418735e-06 -1.6642146e-07 -1.8432052e-11)
(4.598808e-06 -2.1472779e-08 -2.8261216e-11)
(4.580711e-06 -4.0838023e-08 -2.3368991e-11)
(4.5175816e-06 -6.9469451e-08 -1.6650203e-11)
(4.5589103e-06 2.1028206e-09 -2.528491e-11)
(4.5408871e-06 9.2315081e-09 -1.7635528e-11)
(4.478819e-06 1.205796e-08 -1.1515402e-11)
(-0.046831451 1.9648498 -3.8091078e-07)
(-0.033334996 1.7096235 -3.4688255e-06)
(-0.063054972 0.35018871 -2.4423305e-07)
(-0.043971333 0.15679012 -9.8924221e-07)
(-0.016003406 -0.040148385 -1.2743569e-07)
(-0.011999772 -0.0428011 -5.3972812e-07)
(-0.0054174156 -0.012853014 -8.663741e-10)
(-0.0049385447 -0.014488346 -2.8321123e-07)
(-0.0010548912 -0.0022971295 -6.4816878e-10)
(-0.0012170442 -0.003134978 -1.634813e-07)
(3.3446429e-06 -0.00039854891 -1.7017913e-08)
(-2.1223849e-05 -0.00060703366 -1.043541e-07)
(0.00013506891 7.2766782e-05 -2.4600346e-08)
(0.00014462488 8.4983664e-05 -7.0254519e-08)
(8.3172704e-05 0.00020217361 -2.3460686e-08)
(8.0465936e-05 0.00024963586 -4.682899e-08)
(3.8524118e-05 0.00012371696 -1.7157622e-08)
(1.793746e-05 0.00015076051 -2.8857551e-08)
(1.1804165e-05 9.4263671e-06 -9.9576406e-09)
(-5.0351559e-06 5.4534648e-06 -1.5724431e-08)
(8.1635694e-06 -4.0091447e-05 -4.6300429e-09)
(-4.8689799e-06 -5.6114438e-05 -7.4200319e-09)
(1.5998624e-05 -3.3125576e-05 -1.7359356e-09)
(5.1373139e-06 -4.8103891e-05 -3.0231548e-09)
(2.5159763e-05 -1.3628083e-05 -5.3018651e-10)
(1.591799e-05 -2.091511e-05 -1.0817843e-09)
(3.1068298e-05 1.4255221e-06 -1.5314332e-10)
(2.3215043e-05 -7.5510381e-07 -3.6241978e-10)
(3.261333e-05 8.0802742e-06 -7.484036e-11)
(2.5950132e-05 8.840126e-06 -1.3495871e-10)
(3.1304949e-05 1.0424296e-05 -5.9987914e-11)
(2.5705813e-05 1.0787776e-05 -6.2358001e-11)
(2.876086e-05 8.8882598e-06 -4.3483038e-11)
(2.4074359e-05 9.5929438e-06 -2.9403001e-11)
(2.5903731e-05 7.2423226e-06 -2.4311948e-11)
(2.196206e-05 8.0740351e-06 -8.351632e-12)
(2.3096274e-05 6.15321e-06 -1.0175845e-11)
(1.9768784e-05 7.0735866e-06 3.94795e-12)
(2.0414745e-05 5.6175154e-06 -4.725067e-12)
(1.7595509e-05 6.5610903e-06 8.1875325e-12)
(1.7840062e-05 5.3825503e-06 -5.7416063e-12)
(1.5440211e-05 6.3775033e-06 6.8448737e-12)
(1.5349461e-05 5.1553953e-06 -8.845742e-12)
(1.3297869e-05 6.0574943e-06 3.1624531e-12)
(1.2953936e-05 4.6186575e-06 -1.1023854e-11)
(1.1197513e-05 5.6376748e-06 -2.5079737e-14)
(1.0700622e-05 4.1564418e-06 -1.1977346e-11)
(9.1965058e-06 5.1521706e-06 -1.8485369e-12)
(8.6467448e-06 3.7435708e-06 -1.1916943e-11)
(7.3542035e-06 4.6809424e-06 -2.9056638e-12)
(6.8284731e-06 3.3097204e-06 -1.1532367e-11)
(5.7120255e-06 4.2017998e-06 -3.4764346e-12)
(5.252158e-06 2.8288403e-06 -1.1385236e-11)
(4.2849846e-06 3.6131099e-06 -3.9254448e-12)
(3.9018538e-06 2.3368025e-06 -1.1718688e-11)
(3.0656587e-06 2.9287979e-06 -4.4689085e-12)
(2.7577096e-06 1.9699887e-06 -1.2288189e-11)
(2.0380507e-06 2.4041195e-06 -5.282753e-12)
(1.8191434e-06 1.574785e-06 -1.2429079e-11)
(1.2005789e-06 1.9149488e-06 -5.8502367e-12)
(1.0978915e-06 1.1912446e-06 -1.2565188e-11)
(5.6459352e-07 1.4354886e-06 -6.3570134e-12)
(5.9443642e-07 8.3503751e-07 -1.2710922e-11)
(1.3334191e-07 9.9031099e-07 -6.7940757e-12)
(2.9136628e-07 5.0852054e-07 -1.2780291e-11)
(-1.0773985e-07 5.7184107e-07 -7.1057862e-12)
(1.6278876e-07 2.0111525e-07 -1.2602596e-11)
(-1.8328351e-07 1.9322279e-07 -7.2429789e-12)
(1.8185802e-07 -6.6326539e-08 -1.2344037e-11)
(-1.1932626e-07 -1.3695104e-07 -7.2785282e-12)
(3.2229881e-07 -2.9857479e-07 -1.2180726e-11)
(5.864177e-08 -4.0754531e-07 -7.3493943e-12)
(5.590596e-07 -4.3327188e-07 -1.2165114e-11)
(3.2668324e-07 -5.9530119e-07 -7.5237578e-12)
(8.6913097e-07 -5.5494189e-07 -1.2163157e-11)
(6.6285494e-07 -7.4913602e-07 -7.6936879e-12)
(1.2305664e-06 -6.4813863e-07 -1.2181701e-11)
(1.0461715e-06 -8.6770118e-07 -7.872193e-12)
(1.6233216e-06 -7.3733082e-07 -1.220493e-11)
(1.4554852e-06 -9.503304e-07 -8.0575578e-12)
(2.0358016e-06 -7.4701584e-07 -1.2306972e-11)
(1.8786257e-06 -9.6456283e-07 -8.2848269e-12)
(2.459796e-06 -7.3341794e-07 -1.2501018e-11)
(2.3121467e-06 -9.5468906e-07 -8.5652381e-12)
(2.876695e-06 -7.0164705e-07 -1.2688395e-11)
(2.7392615e-06 -9.1139312e-07 -8.8271187e-12)
(3.265712e-06 -6.5129643e-07 -1.2896908e-11)
(3.1356176e-06 -8.4347066e-07 -9.1026156e-12)
(3.6156672e-06 -5.8060591e-07 -1.3167171e-11)
(3.4898537e-06 -7.5037239e-07 -9.4280194e-12)
(3.9182895e-06 -4.8607083e-07 -1.3496224e-11)
(3.7954752e-06 -6.2449173e-07 -9.8008161e-12)
(4.1620543e-06 -3.6565402e-07 -1.3737807e-11)
(4.0414794e-06 -4.6860268e-07 -1.0055722e-11)
(4.3278457e-06 -2.3086953e-07 -1.3425023e-11)
(4.2091958e-06 -2.9617723e-07 -9.8115049e-12)
(4.4279041e-06 -9.858577e-08 -1.1789707e-11)
(4.3107827e-06 -1.2953891e-07 -8.4989093e-12)
(4.3907585e-06 1.4524831e-08 -7.7705872e-12)
(4.2757456e-06 1.5636041e-08 -5.4694457e-12)
(-0.00046728705 3.2645e-06 -4.8003341e-08)
(-0.00045713333 -4.011998e-05 -1.1229029e-07)
(-0.00043701668 -3.5302276e-05 -1.5597442e-07)
(-0.00042368971 -5.9860375e-05 -1.8103791e-07)
(-0.00041567762 -6.3574871e-05 -1.9138335e-07)
(-0.00041480988 -7.7503887e-05 -1.9137641e-07)
(-0.00041503218 -9.0484302e-05 -1.8483272e-07)
(-0.00040999945 -0.00011263035 -1.7462575e-07)
(-0.00039657266 -0.00014480331 -1.6265719e-07)
(-0.00037494097 -0.00018403088 -1.501358e-07)
(-0.00034691765 -0.00022971504 -1.378326e-07)
(-0.00031492379 -0.00027952294 -1.2612244e-07)
(-0.00028103183 -0.00033050373 -1.1510922e-07)
(-0.0002467917 -0.00038046084 -1.0472442e-07)
(-0.00021342943 -0.00042807884 -9.486188e-08)
(-0.00018181745 -0.00047183569 -8.5444104e-08)
(-0.00015252432 -0.0005110958 -7.6427304e-08)
(-0.00012590578 -0.0005460204 -6.7773912e-08)
(-0.00010218135 -0.00057525625 -5.9412913e-08)
(-8.1042995e-05 -0.00059777943 -5.1302237e-08)
(-6.2266517e-05 -0.00061308814 -4.3364566e-08)
(-4.5629025e-05 -0.00062099146 -3.5330754e-08)
(-3.0766526e-05 -0.00062249524 -2.6892572e-08)
(-1.750211e-05 -0.00061629027 -1.7774161e-08)
(-5.7248186e-06 -0.00058913507 -7.7512021e-09)
(0.00024360592 -0.00011393212 -6.4863796e-08)
(0.00024462427 -0.00049140286 -1.4906161e-07)
(0.00024354161 -0.00069769185 -2.0249044e-07)
(0.00024215284 -0.00099881431 -2.291923e-07)
(0.00024533033 -0.001245639 -2.366647e-07)
(0.00026195877 -0.0015171433 -2.3266025e-07)
(0.00028975621 -0.0017768217 -2.2238642e-07)
(0.00032016984 -0.0020549635 -2.0909444e-07)
(0.00034281289 -0.0023513288 -1.9454424e-07)
(0.00035539591 -0.0026437218 -1.7978979e-07)
(0.00035810496 -0.0029279169 -1.6563864e-07)
(0.00035230366 -0.0032001683 -1.5240588e-07)
(0.00033981915 -0.0034561328 -1.401294e-07)
(0.00032220977 -0.0036926199 -1.2861408e-07)
(0.00030054663 -0.0039076072 -1.1767606e-07)
(0.00027568909 -0.0040989543 -1.072052e-07)
(0.0002483912 -0.0042667099 -9.7153445e-08)
(0.00021935867 -0.0044182816 -8.7453831e-08)
(0.00018931735 -0.0045485987 -7.7933601e-08)
(0.00015856203 -0.0046406835 -6.851821e-08)
(0.00012757491 -0.0046878701 -5.918309e-08)
(9.6886314e-05 -0.0046914006 -4.9330833e-08)
(6.688264e-05 -0.004655116 -3.8437527e-08)
(3.7817993e-05 -0.0045641907 -2.5680411e-08)
(1.0465562e-05 -0.0043586937 -1.1099168e-08)
(0.0011098276 -0.00032509823 -1.0488095e-07)
(0.0011181285 -0.0015486923 -2.3141088e-07)
(0.0011276952 -0.0020880243 -3.0089726e-07)
(0.0011534987 -0.0029769282 -3.2510488e-07)
(0.0011864485 -0.0036966982 -3.2358468e-07)
(0.0012156163 -0.0044463279 -3.1045237e-07)
(0.0012293567 -0.005188658 -2.9240923e-07)
(0.0012209911 -0.0060812704 -2.7313864e-07)
(0.0011933023 -0.0071032373 -2.5364697e-07)
(0.0011491143 -0.008060577 -2.3445468e-07)
(0.0010910468 -0.0089011259 -2.1673183e-07)
(0.0010233429 -0.0096172836 -2.0058582e-07)
(0.0009495375 -0.010208858 -1.8599012e-07)
(0.00087133958 -0.01068089 -1.7240884e-07)
(0.00079005374 -0.011041665 -1.5950522e-07)
(0.00070707302 -0.011296408 -1.4711525e-07)
(0.00062369502 -0.011449082 -1.3526803e-07)
(0.00054090056 -0.011498654 -1.2383434e-07)
(0.00045959859 -0.0114592 -1.1238393e-07)
(0.00038014052 -0.011354629 -1.0096366e-07)
(0.00030324316 -0.011198419 -8.931619e-08)
(0.00022948212 -0.011000869 -7.6856345e-08)
(0.00015873546 -0.010770408 -6.2588427e-08)
(9.1134658e-05 -0.01047522 -4.4647453e-08)
(2.7969565e-05 -0.010065115 -2.2188529e-08)
(0.0036918468 -0.001062273 -1.8927423e-07)
(0.0036314304 -0.0047517965 -3.8353278e-07)
(0.0035516905 -0.0060654154 -4.6336935e-07)
(0.0033718718 -0.0092266856 -4.7133125e-07)
(0.0031710911 -0.012042924 -4.5089875e-07)
(0.0029346189 -0.014566103 -4.2265633e-07)
(0.0026822846 -0.016377735 -3.9271319e-07)
(0.0024231262 -0.017367341 -3.6617188e-07)
(0.002172852 -0.017684029 -3.4093266e-07)
(0.0019346695 -0.017586628 -3.1517912e-07)
(0.0017112739 -0.017179122 -2.9231303e-07)
(0.0015049676 -0.016573828 -2.7173673e-07)
(0.0013142 -0.015805935 -2.5386943e-07)
(0.0011321148 -0.014911398 -2.3722785e-07)
(0.0009667133 -0.013946664 -2.2130989e-07)
(0.00081898105 -0.012958119 -2.0602403e-07)
(0.00068798202 -0.011982032 -1.9125974e-07)
(0.00057222141 -0.011048626 -1.7680658e-07)
(0.00046990796 -0.01017947 -1.6271282e-07)
(0.00037932813 -0.0093936673 -1.4871504e-07)
(0.00029831423 -0.0087040487 -1.3450918e-07)
(0.00022474101 -0.0081162601 -1.1955164e-07)
(0.00015724156 -0.007632444 -1.0283181e-07)
(9.4300487e-05 -0.0072052535 -8.2438439e-08)
(3.4400334e-05 -0.0068748786 -5.239255e-08)
(0.0115781 -0.0087785567 -3.7849249e-07)
(0.009126391 -0.025700921 -6.422275e-07)
(0.0078756162 -0.027998579 -7.0093386e-07)
(0.0061422214 -0.032093919 -6.7957479e-07)
(0.0047283208 -0.02944577 -6.3542482e-07)
(0.0035082227 -0.025632696 -5.8644878e-07)
(0.0024959321 -0.020968273 -5.3969979e-07)
(0.001694047 -0.016057627 -4.965692e-07)
(0.0010707901 -0.011137266 -4.5953287e-07)
(0.00059160776 -0.0065978501 -4.2571777e-07)
(0.00023072868 -0.0025085289 -3.9522105e-07)
(-3.2627474e-05 0.0010234751 -3.6668917e-07)
(-0.00021779729 0.0042129711 -3.4416537e-07)
(-0.00033854061 0.0072827198 -3.2272311e-07)
(-0.00041290589 0.010130434 -3.0185613e-07)
(-0.00044884095 0.012603592 -2.8194882e-07)
(-0.00045453769 0.014664261 -2.6286977e-07)
(-0.0004368473 0.016327963 -2.4443499e-07)
(-0.00040115998 0.017622183 -2.2651847e-07)
(-0.00035190927 0.018577261 -2.0894961e-07)
(-0.00029317753 0.019219819 -1.9151106e-07)
(-0.00022846394 0.019580078 -1.738232e-07)
(-0.00015992231 0.019656009 -1.5506174e-07)
(-9.0360493e-05 0.019521397 -1.3790634e-07)
(-2.0589726e-05 0.01881594 -1.2132492e-07)
(0.014086511 0.024027034 -7.649398e-07)
(0.0030605157 -0.00021324234 -1.0707212e-06)
(0.00043676264 0.049325142 -1.0651462e-06)
(-0.0013014667 0.052472947 -9.8701253e-07)
(-0.0028364912 0.06657108 -9.0814033e-07)
(-0.0039812598 0.076765635 -8.213138e-07)
(-0.0046088317 0.083849426 -7.4350332e-07)
(-0.0047860797 0.089737352 -6.7544704e-07)
(-0.0046860105 0.09404167 -6.1582508e-07)
(-0.0044484626 0.09670423 -5.6430898e-07)
(-0.004142196 0.098189527 -5.2026724e-07)
(-0.0037802975 0.098616917 -4.73749e-07)
(-0.003417287 0.098317604 -4.4666709e-07)
(-0.0030675835 0.097057829 -4.1705542e-07)
(-0.002715096 0.094897163 -3.8734953e-07)
(-0.002373056 0.092449427 -3.6036375e-07)
(-0.0020505551 0.089805899 -3.3519979e-07)
(-0.001748808 0.087048647 -3.1139266e-07)
(-0.0014673197 0.084251724 -2.8864494e-07)
(-0.0012045996 0.081472358 -2.6673377e-07)
(-0.0009582758 0.078744928 -2.4547238e-07)
(-0.00072587342 0.076114667 -2.2463928e-07)
(-0.00050509903 0.073539058 -2.0399006e-07)
(-0.0002942673 0.071251918 -1.8404291e-07)
(-8.7593363e-05 0.067717612 -1.6486846e-07)
(-0.0020136492 1.1837869 -2.5207807e-06)
(-0.0010247864 0.96738872 -1.9994858e-06)
(-0.0012191972 0.8702466 -1.6169891e-06)
(-0.00087560092 0.77681992 -1.3222448e-06)
(-0.0007265541 0.6799463 -1.10194e-06)
(-0.00060982321 0.58807884 -9.4064726e-07)
(-0.00050687739 0.50940772 -8.2112413e-07)
(-0.00042140959 0.44550804 -7.314221e-07)
(-0.0003480421 0.39285352 -6.5772876e-07)
(-0.000287051 0.34796358 -6.0024542e-07)
(-0.000234238 0.30922503 -5.5481156e-07)
(-0.00019031989 0.27589817 -5.1418016e-07)
(-0.0001544595 0.24741613 -4.793289e-07)
(-0.00012968089 0.22305217 -4.4786058e-07)
(-0.00010797181 0.20213546 -4.1845033e-07)
(-8.9864798e-05 0.18418544 -3.9070285e-07)
(-7.4284439e-05 0.16877263 -3.6431317e-07)
(-6.1271767e-05 0.15553252 -3.3906516e-07)
(-5.0174889e-05 0.14415971 -3.1478532e-07)
(-4.0518904e-05 0.13440324 -2.9132999e-07)
(-3.1893168e-05 0.12604133 -2.6858673e-07)
(-2.3971976e-05 0.11893735 -2.4639278e-07)
(-1.6518923e-05 0.11281604 -2.2479575e-07)
(-9.4939665e-06 0.10804765 -2.0376611e-07)
(-2.7075329e-06 0.10194431 -1.816166e-07)
(-0.013070189 0.093950514 -1.1910907e-06)
(-0.0023318909 0.10138331 -1.2264178e-06)
(7.2745989e-05 0.10682697 -1.1769612e-06)
(0.0017055867 0.10817853 -1.0844757e-06)
(0.0031516347 0.10989911 -9.8125082e-07)
(0.004223198 0.11127467 -8.8092002e-07)
(0.0047966155 0.11270393 -7.9116116e-07)
(0.0049307086 0.11404074 -7.1323218e-07)
(0.0047655718 0.11466681 -6.2923842e-07)
(0.0044910975 0.11459512 -5.8625277e-07)
(0.0041937859 0.11378173 -5.4223706e-07)
(0.0038444104 0.11206263 -4.9676109e-07)
(0.0034656945 0.10953363 -4.5789343e-07)
(0.0030903509 0.10649256 -4.2370687e-07)
(0.0027279446 0.10320026 -3.9296353e-07)
(0.0023833679 0.099784808 -3.6484198e-07)
(0.0020599238 0.096328419 -3.3877635e-07)
(0.0017558209 0.092897448 -3.1432192e-07)
(0.0014719038 0.089542125 -2.9112075e-07)
(0.0012070036 0.086299541 -2.6888643e-07)
(0.00095918436 0.083189182 -2.4736022e-07)
(0.00072624424 0.080243549 -2.261979e-07)
(0.00050547706 0.077409816 -2.0598302e-07)
(0.00029483998 0.074929079 -1.857736e-07)
(8.8233687e-05 0.071170645 -1.6606328e-07)
(-0.0093275303 -0.040408063 -7.5404017e-07)
(-0.0077911894 -0.037996899 -8.1523561e-07)
(-0.0063213676 -0.036148034 -8.0087215e-07)
(-0.0049120657 -0.032648351 -7.5551412e-07)
(-0.0036408707 -0.027695614 -6.9879008e-07)
(-0.0025556763 -0.022156893 -6.3894027e-07)
(-0.0016705157 -0.016506044 -5.8417623e-07)
(-0.00097989066 -0.010976128 -5.3415368e-07)
(-0.00045736791 -0.006045115 -4.8751918e-07)
(-6.5492908e-05 -0.0016925913 -4.5264969e-07)
(0.00021871961 0.0020591256 -4.201625e-07)
(0.00041590041 0.0057065489 -3.8953642e-07)
(0.000543473 0.0091768492 -3.6162478e-07)
(0.00061839939 0.01228761 -3.3615015e-07)
(0.00065139768 0.014964935 -3.1266244e-07)
(0.00065111831 0.017202902 -2.9073903e-07)
(0.00062376441 0.019029257 -2.7012777e-07)
(0.00057885651 0.02048494 -2.5052825e-07)
(0.00051951029 0.021598481 -2.3167988e-07)
(0.00044915589 0.022391232 -2.1332865e-07)
(0.00037085237 0.022884961 -1.9511539e-07)
(0.0002869815 0.023100141 -1.7619917e-07)
(0.00020055667 0.023051732 -1.5959585e-07)
(0.00011397411 0.022790063 -1.4050275e-07)
(2.7752886e-05 0.021926178 -1.2304666e-07)
(-0.0046911961 -0.016076946 -4.4482855e-07)
(-0.0043943983 -0.018481373 -5.1313037e-07)
(-0.0040832435 -0.021081215 -5.2443318e-07)
(-0.0037478794 -0.022955575 -5.0737891e-07)
(-0.003393811 -0.024123133 -4.794917e-07)
(-0.0030404529 -0.024502611 -4.5024945e-07)
(-0.0027070798 -0.024266492 -4.1435761e-07)
(-0.0023930857 -0.023607665 -3.810084e-07)
(-0.0021020163 -0.022694518 -3.5099473e-07)
(-0.0018403623 -0.021586137 -3.2560983e-07)
(-0.0016027456 -0.020362532 -3.0251598e-07)
(-0.001381634 -0.019009176 -2.811313e-07)
(-0.0011805422 -0.017592661 -2.6140513e-07)
(-0.0010027293 -0.016165758 -2.4318617e-07)
(-0.0008466259 -0.014761099 -2.2615279e-07)
(-0.00071042565 -0.013410236 -2.0987236e-07)
(-0.00059320735 -0.01214515 -1.9453077e-07)
(-0.00048928342 -0.010995063 -1.7976419e-07)
(-0.0003982857 -0.0099720593 -1.6535045e-07)
(-0.00031871866 -0.0090763891 -1.5106009e-07)
(-0.00024885938 -0.0083076079 -1.3656053e-07)
(-0.00018694004 -0.0076648415 -1.2135911e-07)
(-0.00013121134 -0.0071433004 -1.0507216e-07)
(-7.9767309e-05 -0.0066985098 -8.4149204e-08)
(-3.0531396e-05 -0.0063731234 -5.3592037e-08)
(-0.0013458063 -0.00404577 -2.7273504e-07)
(-0.0013971834 -0.0049418024 -3.3094436e-07)
(-0.0014592255 -0.0058412367 -3.5116381e-07)
(-0.001521658 -0.0066926945 -3.4863351e-07)
(-0.0015520076 -0.0075656832 -3.3421968e-07)
(-0.0015504316 -0.0086071782 -3.142693e-07)
(-0.0015204159 -0.0097509763 -2.9079948e-07)
(-0.0014642381 -0.010757658 -2.6781403e-07)
(-0.0013888655 -0.01161116 -2.4679915e-07)
(-0.0013025742 -0.012309038 -2.2815287e-07)
(-0.0012099669 -0.012869522 -2.1123768e-07)
(-0.0011136646 -0.013296334 -1.9565591e-07)
(-0.0010150107 -0.013601513 -1.811998e-07)
(-0.00091712198 -0.013775685 -1.6796542e-07)
(-0.00082202036 -0.013820333 -1.555755e-07)
(-0.00072915684 -0.013765376 -1.4384068e-07)
(-0.00063813619 -0.013643082 -1.3235824e-07)
(-0.00055153572 -0.013470911 -1.2118427e-07)
(-0.00046799286 -0.013258724 -1.1020302e-07)
(-0.00038728449 -0.013013308 -9.924709e-08)
(-0.00030936906 -0.012740305 -8.798861e-08)
(-0.00023426389 -0.012445977 -7.5875267e-08)
(-0.00016207261 -0.012134519 -6.20054e-08)
(-9.3052676e-05 -0.011763685 -4.4145645e-08)
(-2.8741657e-05 -0.011290504 -2.2027611e-08)
(-6.7069445e-05 -0.00088889339 -1.7140639e-07)
(-9.8041178e-05 -0.0012038515 -2.126737e-07)
(-0.00013823025 -0.0015460495 -2.3136903e-07)
(-0.00020723473 -0.001912514 -2.3426068e-07)
(-0.00028466933 -0.0022857513 -2.2748277e-07)
(-0.00035448446 -0.0026829221 -2.1534521e-07)
(-0.00040894807 -0.0031061165 -2.0043091e-07)
(-0.00044533273 -0.0035150132 -1.8501459e-07)
(-0.00046410932 -0.0039010823 -1.7033918e-07)
(-0.00046859614 -0.0042557408 -1.5686134e-07)
(-0.00046153238 -0.0045766697 -1.4449061e-07)
(-0.00044599488 -0.0048638932 -1.3305679e-07)
(-0.00042559307 -0.0051262457 -1.224338e-07)
(-0.00040006385 -0.0053803074 -1.125556e-07)
(-0.0003702426 -0.0056350978 -1.0329402e-07)
(-0.00033731355 -0.0058700162 -9.4474312e-08)
(-0.00030197974 -0.0060624558 -8.5938132e-08)
(-0.00026564084 -0.006207381 -7.7642428e-08)
(-0.00022858803 -0.0063041397 -6.9502763e-08)
(-0.00019117744 -0.0063521107 -6.1518273e-08)
(-0.00015377355 -0.0063526096 -5.3401156e-08)
(-0.00011674759 -0.0063089296 -4.465583e-08)
(-8.0511287e-05 -0.0062264239 -3.4840096e-08)
(-4.5423453e-05 -0.0060866365 -2.3058586e-08)
(-1.2630449e-05 -0.0058148795 -9.8713398e-09)
(0.00014507736 0.00010696055 -1.088441e-07)
(0.00013589223 9.8769741e-05 -1.3506441e-07)
(0.00013358558 6.3419619e-05 -1.4876643e-07)
(0.00013213764 1.5337877e-05 -1.5249546e-07)
(0.00011497664 -5.4804091e-05 -1.4942382e-07)
(9.1050183e-05 -0.0001476572 -1.42208e-07)
(6.2822728e-05 -0.00025083672 -1.3277875e-07)
(3.4156689e-05 -0.00036380522 -1.2260791e-07)
(8.3123565e-06 -0.00048393179 -1.1259886e-07)
(-1.2989363e-05 -0.00060490198 -1.03169e-07)
(-3.0253891e-05 -0.00072220018 -9.4402421e-08)
(-4.4189764e-05 -0.00083278185 -8.6257271e-08)
(-5.5008101e-05 -0.00093259265 -7.8668953e-08)
(-6.1158481e-05 -0.0010214519 -7.1578239e-08)
(-6.241395e-05 -0.001101884 -6.4912446e-08)
(-6.0659793e-05 -0.001171974 -5.8579042e-08)
(-5.675327e-05 -0.00122992 -5.2505317e-08)
(-5.1564709e-05 -0.0012759723 -4.6661274e-08)
(-4.5540198e-05 -0.0013104358 -4.1019227e-08)
(-3.8939381e-05 -0.0013330875 -3.5552704e-08)
(-3.1971635e-05 -0.0013438653 -3.0146993e-08)
(-2.4811638e-05 -0.001343183 -2.4583733e-08)
(-1.7577408e-05 -0.0013332128 -1.8626718e-08)
(-1.0220448e-05 -0.0013131397 -1.201356e-08)
(-2.6719848e-06 -0.0012496818 -4.8728222e-09)
(8.174969e-05 0.00030686657 -6.7970667e-08)
(8.4741975e-05 0.00036357684 -8.3174513e-08)
(9.6590018e-05 0.00041860728 -9.173259e-08)
(0.00010727149 0.00047112052 -9.4510972e-08)
(0.00011018305 0.00051134962 -9.2982948e-08)
(0.00010569684 0.00053637015 -8.8659638e-08)
(9.5727386e-05 0.00054700597 -8.2768992e-08)
(8.3099194e-05 0.00054475566 -7.6238607e-08)
(6.9529951e-05 0.00053458158 -6.9670183e-08)
(5.618036e-05 0.00051715177 -6.3378589e-08)
(4.3577169e-05 0.00049414106 -5.7476315e-08)
(3.2249183e-05 0.00046975893 -5.1973909e-08)
(2.3559734e-05 0.0004467343 -4.6845394e-08)
(1.6606186e-05 0.0004268871 -4.2056214e-08)
(1.0950253e-05 0.0004100808 -3.7568008e-08)
(6.9929231e-06 0.00039585634 -3.333772e-08)
(4.4211163e-06 0.00038380597 -2.9334825e-08)
(2.7286526e-06 0.00037334726 -2.5548314e-08)
(1.5819822e-06 0.00036386182 -2.1974551e-08)
(7.8169105e-07 0.00035488865 -1.8604005e-08)
(2.2040016e-07 0.0003460639 -1.5393525e-08)
(-1.6358245e-07 0.00033710558 -1.2262549e-08)
(-4.0331727e-07 0.0003275167 -9.1358676e-09)
(-4.5155181e-07 0.00031631866 -6.0408544e-09)
(-1.2463281e-07 0.00030382013 -3.4806971e-09)
(1.1854014e-05 0.00017552504 -3.9896089e-08)
(1.8880847e-05 0.0002105433 -4.8167035e-08)
(2.9624505e-05 0.00025410482 -5.3008861e-08)
(4.3699849e-05 0.00029424709 -5.4631487e-08)
(5.4600676e-05 0.00033396351 -5.3748348e-08)
(6.0552969e-05 0.00037216579 -5.1165968e-08)
(6.1102533e-05 0.00040437905 -4.7598751e-08)
(5.6324335e-05 0.00042684523 -4.3597873e-08)
(4.8241845e-05 0.00043939172 -3.9532332e-08)
(3.8383849e-05 0.00044389195 -3.5609506e-08)
(2.8517317e-05 0.00044286907 -3.1918932e-08)
(2.0124689e-05 0.00043831151 -2.848287e-08)
(1.3303278e-05 0.00043097766 -2.5294375e-08)
(7.7907376e-06 0.00042221188 -2.2337454e-08)
(3.3453066e-06 0.00041290163 -1.9593277e-08)
(-9.2622295e-08 0.00040384207 -1.704393e-08)
(-2.3783795e-06 0.00039505692 -1.4677442e-08)
(-3.7917435e-06 0.00038668603 -1.2490171e-08)
(-4.4881687e-06 0.00037866253 -1.0482431e-08)
(-4.6135309e-06 0.00037075038 -8.6511632e-09)
(-4.2932669e-06 0.00036266891 -6.9793836e-09)
(-3.6514371e-06 0.00035436935 -5.4361557e-09)
(-2.7801779e-06 0.00034562107 -3.9992299e-09)
(-1.7843027e-06 0.00033673535 -2.7080703e-09)
(-6.7430003e-07 0.00032123221 -1.790676e-09)
(-1.3117277e-05 4.3900922e-06 -2.1264964e-08)
(-1.458595e-05 7.7421807e-06 -2.5509927e-08)
(-1.0554324e-05 1.9473792e-05 -2.8010161e-08)
(-9.7200115e-07 3.7327729e-05 -2.882544e-08)
(1.0294763e-05 5.4736584e-05 -2.8292921e-08)
(1.9513537e-05 7.1178005e-05 -2.6826186e-08)
(2.6052984e-05 8.6012811e-05 -2.4809373e-08)
(2.9131997e-05 9.9681663e-05 -2.2545531e-08)
(2.7919027e-05 0.00010916975 -2.0241368e-08)
(2.3844662e-05 0.00011305766 -1.8017932e-08)
(1.7984727e-05 0.0001123893 -1.5932142e-08)
(1.1517153e-05 0.00010811209 -1.4002249e-08)
(6.3992573e-06 0.00010187471 -1.2228117e-08)
(2.605489e-06 9.4678494e-05 -1.0602627e-08)
(-2.3139028e-07 8.6849326e-05 -9.1169481e-09)
(-2.4928931e-06 7.8429507e-05 -7.7626829e-09)
(-4.2897539e-06 7.0124556e-05 -6.5337497e-09)
(-5.3987683e-06 6.2551761e-05 -5.4269879e-09)
(-5.8830517e-06 5.5850139e-05 -4.440419e-09)
(-5.8594636e-06 5.0079123e-05 -3.570213e-09)
(-5.3644194e-06 4.5241288e-05 -2.8072375e-09)
(-4.5088428e-06 4.135769e-05 -2.13753e-09)
(-3.3932548e-06 3.6758842e-05 -1.5503617e-09)
(-2.1262656e-06 3.8651473e-05 -1.0551368e-09)
(-7.767892e-07 3.2615394e-05 -6.8181836e-10)
(-1.2386669e-05 -6.8136771e-05 -1.0108549e-08)
(-1.3952965e-05 -7.9721051e-05 -1.2189407e-08)
(-1.0562641e-05 -8.6810813e-05 -1.341826e-08)
(-6.2865475e-06 -8.4914898e-05 -1.3805912e-08)
(-2.8415881e-07 -8.0336979e-05 -1.3511028e-08)
(6.6989429e-06 -7.6917428e-05 -1.2743136e-08)
(1.3035593e-05 -7.3093036e-05 -1.1698396e-08)
(1.7681084e-05 -6.8936348e-05 -1.053102e-08)
(1.967244e-05 -6.568608e-05 -9.3479292e-09)
(1.9375691e-05 -6.4082884e-05 -8.2127967e-09)
(1.776908e-05 -6.4865816e-05 -7.1559749e-09)
(1.5144856e-05 -6.8075845e-05 -6.1879864e-09)
(1.2115987e-05 -7.31116e-05 -5.3093952e-09)
(8.9957639e-06 -7.89682e-05 -4.5164929e-09)
(6.1881195e-06 -8.5093198e-05 -3.8044708e-09)
(3.8766671e-06 -9.1002504e-05 -3.1684617e-09)
(1.8214093e-06 -9.6487611e-05 -2.6043364e-09)
(2.043732e-07 -0.00010158948 -2.1088629e-09)
(-8.9699915e-07 -0.00010600442 -1.6791821e-09)
(-1.4921341e-06 -0.00010940711 -1.3117405e-09)
(-1.7189004e-06 -0.00011168432 -1.0012471e-09)
(-1.6372279e-06 -0.00011284031 -7.4079739e-10)
(-1.317718e-06 -0.00011424431 -5.2366802e-10)
(-8.1367064e-07 -0.00010768435 -3.4468968e-10)
(-2.4816297e-07 -0.00010831711 -1.8408984e-10)
(-2.0330331e-06 -6.1157381e-05 -4.2676211e-09)
(-4.6882182e-06 -7.1465561e-05 -5.2357495e-09)
(-3.4073948e-06 -8.0124644e-05 -5.8054264e-09)
(5.2515533e-07 -8.6683004e-05 -5.9851561e-09)
(5.0737693e-06 -8.7584481e-05 -5.8474003e-09)
(1.0560928e-05 -8.541665e-05 -5.4896452e-09)
(1.5005214e-05 -8.4318488e-05 -5.0037375e-09)
(1.79925e-05 -8.4353904e-05 -4.4631081e-09)
(2.0191058e-05 -8.4089701e-05 -3.9175438e-09)
(2.1368138e-05 -8.3908536e-05 -3.3964892e-09)
(2.1559497e-05 -8.4713125e-05 -2.915165e-09)
(2.1128935e-05 -8.601459e-05 -2.4790018e-09)
(1.9632418e-05 -8.7979022e-05 -2.0882103e-09)
(1.7390904e-05 -9.1104812e-05 -1.740856e-09)
(1.4749666e-05 -9.500746e-05 -1.4342264e-09)
(1.2132623e-05 -9.9120281e-05 -1.1655621e-09)
(9.8102482e-06 -0.00010295907 -9.3229138e-10)
(7.7026259e-06 -0.00010639822 -7.3214109e-10)
(5.8995409e-06 -0.00010920131 -5.6299305e-10)
(4.4495e-06 -0.0001112106 -4.2262352e-10)
(3.2552993e-06 -0.00011235839 -3.083398e-10)
(2.2900596e-06 -0.00011247608 -2.1698013e-10)
(1.5186506e-06 -0.00011269455 -1.4521876e-10)
(8.6859674e-07 -0.00010572334 -8.9389527e-11)
(2.5697936e-07 -0.00010489515 -4.0433784e-11)
(8.9799363e-06 -2.8736115e-05 -1.6222491e-09)
(5.1985273e-06 -3.5464121e-05 -2.0469452e-09)
(4.6838366e-06 -4.0598223e-05 -2.2983889e-09)
(6.7831274e-06 -4.4431201e-05 -2.3804842e-09)
(1.0549261e-05 -4.6111626e-05 -2.3248169e-09)
(1.3166423e-05 -4.5585482e-05 -2.1735251e-09)
(1.6356902e-05 -4.4132423e-05 -1.9671845e-09)
(1.9153787e-05 -4.2629336e-05 -1.7377722e-09)
(2.148844e-05 -4.1715324e-05 -1.50719e-09)
(2.3183607e-05 -4.1354461e-05 -1.2885638e-09)
(2.3990933e-05 -4.1164485e-05 -1.0882737e-09)
(2.4031887e-05 -4.0997069e-05 -9.0870342e-10)
(2.3187509e-05 -4.1274415e-05 -7.4986816e-10)
(2.1627513e-05 -4.2288945e-05 -6.1069296e-10)
(1.9628336e-05 -4.4008919e-05 -4.8982944e-10)
(1.7401408e-05 -4.6200119e-05 -3.8585157e-10)
(1.5141175e-05 -4.8529516e-05 -2.9740253e-10)
(1.2926711e-05 -5.0715053e-05 -2.2324087e-10)
(1.0780267e-05 -5.2669702e-05 -1.6222765e-10)
(8.7261812e-06 -5.4317822e-05 -1.1324618e-10)
(6.8432987e-06 -5.5506169e-05 -7.5120945e-11)
(5.1225917e-06 -5.6018995e-05 -4.6588896e-11)
(3.5559069e-06 -5.7376358e-05 -2.633925e-11)
(2.0180147e-06 -5.1283769e-05 -1.3201417e-11)
(4.7810078e-07 -5.3469587e-05 -4.2636962e-12)
(1.6764547e-05 -3.7515558e-06 -5.7421125e-10)
(1.2489762e-05 -6.50437e-06 -7.445781e-10)
(1.06474e-05 -8.3987512e-06 -8.473908e-10)
(1.1018805e-05 -9.1559058e-06 -8.8227318e-10)
(1.3008425e-05 -9.156126e-06 -8.6164056e-10)
(1.5071632e-05 -8.2784877e-06 -8.0226049e-10)
(1.6864563e-05 -6.3140534e-06 -7.20837e-10)
(1.9157276e-05 -4.5924832e-06 -6.3037444e-10)
(2.1275057e-05 -2.6918737e-06 -5.3984671e-10)
(2.2934411e-05 -6.5161275e-07 -4.5457722e-10)
(2.3992492e-05 1.0026251e-06 -3.7710537e-10)
(2.4381468e-05 2.3610486e-06 -3.0833076e-10)
(2.4025982e-05 3.3214623e-06 -2.4822681e-10)
(2.2993809e-05 3.646283e-06 -1.9633604e-10)
(2.1453872e-05 3.4050375e-06 -1.5199233e-10)
(1.9563443e-05 2.6421354e-06 -1.1452229e-10)
(1.7488842e-05 1.5073402e-06 -8.3296717e-11)
(1.5319126e-05 1.6925533e-07 -5.7745832e-11)
(1.310771e-05 -1.2344503e-06 -3.7361711e-11)
(1.0896652e-05 -2.6258279e-06 -2.1673198e-11)
(8.7363779e-06 -3.8882598e-06 -1.0237098e-11)
(6.6452655e-06 -4.6449927e-06 -2.6130849e-12)
(4.635315e-06 -7.1957818e-06 1.674881e-12)
(2.6849865e-06 -2.2474843e-06 2.7597282e-12)
(7.9373894e-07 -6.7164556e-06 2.2008498e-12)
(2.0134879e-05 8.764491e-06 -2.0409649e-10)
(1.574878e-05 7.7691673e-06 -2.623829e-10)
(1.3076909e-05 7.6963959e-06 -2.9899597e-10)
(1.1999631e-05 8.2016269e-06 -3.1153214e-10)
(1.2146906e-05 9.0297726e-06 -3.0371281e-10)
(1.3979941e-05 9.956629e-06 -2.8159073e-10)
(1.5516793e-05 1.1683899e-05 -2.5112733e-10)
(1.7361995e-05 1.4091826e-05 -2.1732119e-10)
(1.9186207e-05 1.6569368e-05 -1.8368586e-10)
(2.0689371e-05 1.9127721e-05 -1.522215e-10)
(2.1855975e-05 2.1439014e-05 -1.2386059e-10)
(2.2477336e-05 2.3552755e-05 -9.894424e-11)
(2.2511424e-05 2.5351779e-05 -7.7430142e-11)
(2.1957693e-05 2.6702891e-05 -5.9096181e-11)
(2.0900018e-05 2.7622688e-05 -4.3660251e-11)
(1.9452574e-05 2.8101365e-05 -3.0844102e-11)
(1.7723141e-05 2.8035297e-05 -2.0385797e-11)
(1.57955e-05 2.7542795e-05 -1.205062e-11)
(1.3729317e-05 2.679843e-05 -5.6424388e-12)
(1.1579461e-05 2.5891864e-05 -9.9188291e-13)
(9.3958973e-06 2.4905295e-05 2.0427653e-12)
(7.211743e-06 2.420534e-05 3.5995751e-12)
(5.0414816e-06 2.1256274e-05 3.875948e-12)
(2.9446553e-06 2.5965848e-05 2.7286095e-12)
(9.9331695e-07 2.072334e-05 1.5656415e-12)
(2.0550417e-05 1.0658964e-05 -7.6881369e-11)
(1.6351421e-05 1.1153124e-05 -9.133432e-11)
(1.3382862e-05 1.1563727e-05 -1.0117455e-10)
(1.1698653e-05 1.2375609e-05 -1.0454967e-10)
(1.1117752e-05 1.2864128e-05 -1.0145201e-10)
(1.1654153e-05 1.3439923e-05 -9.3678577e-11)
(1.3248844e-05 1.5113093e-05 -8.3088373e-11)
(1.4507724e-05 1.7673141e-05 -7.1285407e-11)
(1.6021987e-05 2.0360081e-05 -5.9542553e-11)
(1.7439992e-05 2.3087451e-05 -4.8612801e-11)
(1.8598415e-05 2.576329e-05 -3.8839838e-11)
(1.9365459e-05 2.8255084e-05 -3.0323322e-11)
(1.9670729e-05 3.0538922e-05 -2.3043301e-11)
(1.9498582e-05 3.2550481e-05 -1.6911379e-11)
(1.8870617e-05 3.4088059e-05 -1.1815367e-11)
(1.7856427e-05 3.5135228e-05 -7.6418735e-12)
(1.6520896e-05 3.5810391e-05 -4.2977256e-12)
(1.4927702e-05 3.615506e-05 -1.7069237e-12)
(1.3133966e-05 3.6163211e-05 1.962653e-13)
(1.1195883e-05 3.5869909e-05 1.4589665e-12)
(9.164509e-06 3.5358927e-05 2.1082185e-12)
(7.0854862e-06 3.5207433e-05 2.1834969e-12)
(4.9914736e-06 3.216674e-05 1.8119182e-12)
(2.9432483e-06 3.6168313e-05 7.7065221e-13)
(9.8864537e-07 3.1404682e-05 3.8616532e-13)
(1.9556039e-05 9.7307981e-06 -2.59722e-11)
(1.5670898e-05 1.0245855e-05 -2.6504536e-11)
(1.2698881e-05 1.0449835e-05 -2.7699418e-11)
(1.0749958e-05 1.093167e-05 -2.8262609e-11)
(9.7646249e-06 1.1195076e-05 -2.7569108e-11)
(9.6643186e-06 1.174622e-05 -2.5582492e-11)
(1.0539548e-05 1.2997269e-05 -2.2742412e-11)
(1.1646422e-05 1.4984724e-05 -1.9449623e-11)
(1.2683925e-05 1.7624043e-05 -1.6068187e-11)
(1.3906128e-05 2.0212688e-05 -1.2876078e-11)
(1.4993561e-05 2.2842399e-05 -1.0020931e-11)
(1.5815542e-05 2.5443232e-05 -7.5350698e-12)
(1.6288244e-05 2.7916014e-05 -5.4194529e-12)
(1.6385156e-05 3.016863e-05 -3.6526788e-12)
(1.6100579e-05 3.2079198e-05 -2.193114e-12)
(1.5453222e-05 3.3622995e-05 -1.0124873e-12)
(1.448474e-05 3.4785132e-05 -8.9836524e-14)
(1.3240081e-05 3.5603755e-05 5.9549435e-13)
(1.1771577e-05 3.6139488e-05 1.0521984e-12)
(1.0126589e-05 3.6334536e-05 1.285172e-12)
(8.3529486e-06 3.6210946e-05 1.284419e-12)
(6.499483e-06 3.6137146e-05 1.0551101e-12)
(4.6108523e-06 3.3650826e-05 6.967143e-13)
(2.7643769e-06 3.8097757e-05 -5.2601612e-14)
(9.5725612e-07 3.2800916e-05 -1.9259602e-14)
(1.8037063e-05 8.2206176e-06 -8.9465342e-13)
(1.4511829e-05 8.6402117e-06 1.5056573e-12)
(1.1651419e-05 8.8667123e-06 1.9501236e-12)
(9.5817365e-06 8.7985978e-06 1.6029302e-12)
(8.3288786e-06 8.8950083e-06 9.6127784e-13)
(7.8236413e-06 9.5571351e-06 4.633918e-13)
(7.9481303e-06 1.0697461e-05 2.2016611e-13)
(8.8382381e-06 1.2068669e-05 1.8041563e-13)
(9.7646586e-06 1.4011471e-05 3.2582761e-13)
(1.0595604e-05 1.641987e-05 5.6660035e-13)
(1.1529252e-05 1.8841088e-05 8.0153098e-13)
(1.2305994e-05 2.1278988e-05 1.0294468e-12)
(1.2846208e-05 2.3634433e-05 1.2431304e-12)
(1.31045e-05 2.5843312e-05 1.420475e-12)
(1.3055633e-05 2.7842498e-05 1.5563215e-12)
(1.269665e-05 2.9593315e-05 1.6488273e-12)
(1.2047216e-05 3.1115751e-05 1.6980432e-12)
(1.1133569e-05 3.2318608e-05 1.7013172e-12)
(9.9967466e-06 3.3164781e-05 1.645089e-12)
(8.6758164e-06 3.3681978e-05 1.518545e-12)
(7.2135675e-06 3.3843653e-05 1.3056562e-12)
(5.6533393e-06 3.3954642e-05 9.9623592e-13)
(4.0403187e-06 3.1944191e-05 6.5832982e-13)
(2.4204131e-06 3.6571531e-05 1.0592701e-14)
(8.121087e-07 3.1228454e-05 7.9257369e-14)
(1.6368484e-05 7.3483058e-06 1.0973574e-11)
(1.3207146e-05 7.7311212e-06 1.3524157e-11)
(1.0515087e-05 7.8091185e-06 1.391847e-11)
(8.4306852e-06 7.7042258e-06 1.3206031e-11)
(7.0114661e-06 7.9663376e-06 1.1941764e-11)
(6.2282669e-06 8.5078055e-06 1.0529464e-11)
(6.0117535e-06 9.3385982e-06 9.1505912e-12)
(6.2700316e-06 1.0615829e-05 7.8591422e-12)
(7.0420339e-06 1.2034058e-05 6.7990516e-12)
(7.7791544e-06 1.3828589e-05 5.9683443e-12)
(8.4323947e-06 1.6010184e-05 5.2548142e-12)
(9.0715622e-06 1.8161118e-05 4.6521084e-12)
(9.5952062e-06 2.0311693e-05 4.1539735e-12)
(9.9323146e-06 2.2392578e-05 3.7344697e-12)
(1.0034311e-05 2.4329159e-05 3.379619e-12)
(9.8883591e-06 2.6085152e-05 3.071362e-12)
(9.4961314e-06 2.766848e-05 2.7894847e-12)
(8.87602e-06 2.9000331e-05 2.5253297e-12)
(8.0497369e-06 3.0021605e-05 2.2661231e-12)
(7.0496835e-06 3.0708296e-05 1.994892e-12)
(5.9092684e-06 3.1032431e-05 1.6911605e-12)
(4.6645328e-06 3.1353733e-05 1.3346345e-12)
(3.3501889e-06 2.9638974e-05 9.7912865e-13)
(2.0028363e-06 3.4126425e-05 3.2615828e-13)
(6.5185636e-07 2.9134616e-05 2.8376628e-13)
(1.4650575e-05 7.0716619e-06 1.4537755e-11)
(1.1828946e-05 7.3297502e-06 1.6959013e-11)
(9.3303023e-06 7.4101939e-06 1.7303448e-11)
(7.2920984e-06 7.5728773e-06 1.6480331e-11)
(5.7804184e-06 7.9541537e-06 1.51188e-11)
(4.8017997e-06 8.3939093e-06 1.3564025e-11)
(4.3166931e-06 9.0015793e-06 1.1950543e-11)
(4.2531106e-06 1.004383e-05 1.0373215e-11)
(4.5177501e-06 1.1353078e-05 8.970373e-12)
(5.1421894e-06 1.2730666e-05 7.7999035e-12)
(5.6886543e-06 1.435347e-05 6.8167621e-12)
(6.2145134e-06 1.6258211e-05 5.9780831e-12)
(6.6343469e-06 1.8168515e-05 5.2643154e-12)
(7.0016997e-06 2.0034223e-05 4.6569992e-12)
(7.1938626e-06 2.1812112e-05 4.1416175e-12)
(7.2003728e-06 2.3479726e-05 3.6986719e-12)
(7.0110874e-06 2.5022903e-05 3.3115467e-12)
(6.6345742e-06 2.635086e-05 2.9638718e-12)
(6.0833369e-06 2.7375828e-05 2.6327298e-12)
(5.3785928e-06 2.808814e-05 2.3056306e-12)
(4.544941e-06 2.8451844e-05 1.9671326e-12)
(3.6091656e-06 2.8933954e-05 1.5833703e-12)
(2.6015429e-06 2.7269468e-05 1.2157313e-12)
(1.5526726e-06 3.1349849e-05 5.4862361e-13)
(4.9570429e-07 2.7033439e-05 4.0826223e-13)
(1.2882983e-05 6.8904445e-06 1.3162737e-11)
(1.0370307e-05 7.1420681e-06 1.5832444e-11)
(8.074942e-06 7.4170062e-06 1.6509745e-11)
(6.1187363e-06 7.7294995e-06 1.5935358e-11)
(4.5753771e-06 8.0824297e-06 1.475631e-11)
(3.4719161e-06 8.5536154e-06 1.3353773e-11)
(2.7913385e-06 9.125354e-06 1.1897878e-11)
(2.4871581e-06 9.9146191e-06 1.0456324e-11)
(2.4913026e-06 1.0962952e-05 9.1019518e-12)
(2.7238459e-06 1.2201835e-05 7.9139599e-12)
(3.1939172e-06 1.353764e-05 6.921399e-12)
(3.6674141e-06 1.4974399e-05 6.0825441e-12)
(4.1148434e-06 1.6612452e-05 5.3620706e-12)
(4.4109307e-06 1.8281248e-05 4.7447921e-12)
(4.6156487e-06 1.9831114e-05 4.2154705e-12)
(4.7221473e-06 2.1339246e-05 3.758108e-12)
(4.6915338e-06 2.2734963e-05 3.3587765e-12)
(4.5150508e-06 2.3904072e-05 3.003323e-12)
(4.1996411e-06 2.4835849e-05 2.671661e-12)
(3.7561447e-06 2.5542632e-05 2.3479076e-12)
(3.2035663e-06 2.5859376e-05 2.0153634e-12)
(2.5617617e-06 2.6562354e-05 1.6349968e-12)
(1.8527017e-06 2.4722896e-05 1.282712e-12)
(1.1101749e-06 2.7982088e-05 6.2886438e-13)
(3.5990194e-07 2.4719258e-05 4.5313904e-13)
(1.1074097e-05 6.6056469e-06 9.789965e-12)
(8.8449083e-06 7.0146651e-06 1.2950159e-11)
(6.7525291e-06 7.4081956e-06 1.4091013e-11)
(4.9060565e-06 7.7608273e-06 1.3921138e-11)
(3.3802967e-06 8.1564416e-06 1.3034409e-11)
(2.2123976e-06 8.6052623e-06 1.1887115e-11)
(1.4048919e-06 9.1208171e-06 1.0693197e-11)
(9.3068757e-07 9.7433265e-06 9.5171355e-12)
(7.4592086e-07 1.0545499e-05 8.3836676e-12)
(7.9342451e-07 1.1555811e-05 7.3307306e-12)
(1.022515e-06 1.2711777e-05 6.4196013e-12)
(1.3697469e-06 1.396221e-05 5.6540864e-12)
(1.7840709e-06 1.5206995e-05 4.9983009e-12)
(2.0889966e-06 1.6494458e-05 4.4319022e-12)
(2.3548889e-06 1.7878242e-05 3.9414348e-12)
(2.5216571e-06 1.9176586e-05 3.5160775e-12)
(2.6023736e-06 2.0324932e-05 3.1446573e-12)
(2.5890378e-06 2.1344704e-05 2.8130259e-12)
(2.4748147e-06 2.2202683e-05 2.5052491e-12)
(2.2609907e-06 2.2850638e-05 2.2059005e-12)
(1.9626083e-06 2.3180906e-05 1.894791e-12)
(1.5884833e-06 2.379701e-05 1.5338651e-12)
(1.1555703e-06 2.203813e-05 1.2090163e-12)
(6.9713619e-07 2.53792e-05 5.8138271e-13)
(2.3024429e-07 2.1979502e-05 4.1679603e-13)
(9.2673597e-06 6.3179589e-06 6.4568301e-12)
(7.2968333e-06 6.795391e-06 9.9311091e-12)
(5.4040442e-06 7.2449765e-06 1.1473701e-11)
(3.6865123e-06 7.5846213e-06 1.1699259e-11)
(2.2152294e-06 7.9653726e-06 1.1137393e-11)
(1.0332037e-06 8.3624084e-06 1.0250269e-11)
(1.5469174e-07 8.8072574e-06 9.2888808e-12)
(-4.3091323e-07 9.3265746e-06 8.3425986e-12)
(-7.5311781e-07 9.9409767e-06 7.4355784e-12)
(-8.5031631e-07 1.0697124e-05 6.57912e-12)
(-7.7082406e-07 1.1602738e-05 5.7960944e-12)
(-5.708686e-07 1.2619377e-05 5.1125957e-12)
(-3.1942115e-07 1.366942e-05 4.5289946e-12)
(2.2688903e-08 1.4747237e-05 4.0252934e-12)
(3.4037618e-07 1.5818959e-05 3.5856877e-12)
(5.8459344e-07 1.6811049e-05 3.2011289e-12)
(7.7014567e-07 1.772717e-05 2.8636037e-12)
(8.9756052e-07 1.8566747e-05 2.5616888e-12)
(9.5815575e-07 1.9319502e-05 2.2817341e-12)
(9.5034145e-07 1.9919054e-05 2.0090307e-12)
(8.7182762e-07 2.0214422e-05 1.7232252e-12)
(7.3527258e-07 2.0828273e-05 1.3911412e-12)
(5.5170631e-07 1.9155821e-05 1.0954559e-12)
(3.2454441e-07 2.2310212e-05 5.0046163e-13)
(7.1839074e-08 1.9291423e-05 3.5968227e-13)
(7.5228233e-06 5.911499e-06 4.1405072e-12)
(5.7860736e-06 6.3886176e-06 7.5891637e-12)
(4.0858101e-06 6.8743152e-06 9.2825244e-12)
(2.5074875e-06 7.2545742e-06 9.739239e-12)
(1.1164555e-06 7.5325588e-06 9.4880589e-12)
(-4.2666562e-08 7.8488529e-06 8.8540915e-12)
(-9.4853671e-07 8.1902979e-06 8.0986961e-12)
(-1.5985684e-06 8.5941759e-06 7.3302692e-12)
(-2.0138255e-06 9.0765343e-06 6.5844712e-12)
(-2.2156772e-06 9.643644e-06 5.8797517e-12)
(-2.2422105e-06 1.0313685e-05 5.2281442e-12)
(-2.1347406e-06 1.1078554e-05 4.6371872e-12)
(-1.9341728e-06 1.1911565e-05 4.1149115e-12)
(-1.6628286e-06 1.2762076e-05 3.665006e-12)
(-1.3722742e-06 1.3600255e-05 3.2743169e-12)
(-1.0649176e-06 1.4399201e-05 2.9290241e-12)
(-7.8320635e-07 1.5097829e-05 2.6207216e-12)
(-5.3986482e-07 1.5702034e-05 2.342805e-12)
(-3.3812249e-07 1.6259622e-05 2.0854662e-12)
(-1.8005015e-07 1.6732711e-05 1.8351271e-12)
(-7.2127887e-08 1.7033134e-05 1.5727611e-12)
(-4.7352526e-09 1.7610595e-05 1.2733318e-12)
(2.486481e-08 1.5985663e-05 9.9682174e-13)
(1.0375007e-08 1.8877352e-05 4.3108822e-13)
(-3.1050623e-08 1.6091281e-05 3.2629534e-13)
(5.8997842e-06 5.4180018e-06 2.6449261e-12)
(4.3711257e-06 5.8411645e-06 5.9805307e-12)
(2.8514667e-06 6.2641263e-06 7.6835093e-12)
(1.4141323e-06 6.6711612e-06 8.224e-12)
(1.188455e-07 6.9292961e-06 8.1567966e-12)
(-9.9141884e-07 7.1431653e-06 7.72968e-12)
(-1.8909029e-06 7.4187501e-06 7.1257488e-12)
(-2.5689493e-06 7.7072885e-06 6.4951032e-12)
(-3.0410205e-06 8.0247463e-06 5.8853435e-12)
(-3.3114051e-06 8.4132049e-06 5.3021788e-12)
(-3.4113294e-06 8.882087e-06 4.7547331e-12)
(-3.3704936e-06 9.421731e-06 4.2499222e-12)
(-3.2187474e-06 1.0006373e-05 3.7928931e-12)
(-2.9833481e-06 1.0638494e-05 3.3834538e-12)
(-2.6944449e-06 1.1284819e-05 3.0234965e-12)
(-2.3713415e-06 1.1897847e-05 2.7102822e-12)
(-2.0382333e-06 1.2449988e-05 2.4313617e-12)
(-1.7131572e-06 1.2920565e-05 2.1762172e-12)
(-1.4056277e-06 1.3301766e-05 1.9373769e-12)
(-1.1223372e-06 1.3611351e-05 1.7039581e-12)
(-8.6233095e-07 1.3812141e-05 1.4592491e-12)
(-6.3104027e-07 1.4291036e-05 1.180345e-12)
(-4.2525812e-07 1.2785938e-05 9.1958531e-13)
(-2.4202961e-07 1.5805989e-05 3.8019456e-13)
(-6.9324572e-08 1.309545e-05 2.9245829e-13)
(4.4450782e-06 4.8366464e-06 1.6295863e-12)
(3.0995197e-06 5.2090377e-06 4.7354935e-12)
(1.7446811e-06 5.5815105e-06 6.4250399e-12)
(4.4395595e-07 5.9111562e-06 7.076671e-12)
(-7.4894262e-07 6.1539267e-06 7.1192814e-12)
(-1.7940485e-06 6.3219673e-06 6.8171343e-12)
(-2.6640078e-06 6.5026933e-06 6.3342819e-12)
(-3.3449179e-06 6.6989197e-06 5.8068754e-12)
(-3.8365574e-06 6.9000106e-06 5.2943089e-12)
(-4.1488057e-06 7.1309342e-06 4.8015493e-12)
(-4.2970041e-06 7.4167972e-06 4.3348774e-12)
(-4.3023774e-06 7.7552554e-06 3.9016098e-12)
(-4.1886663e-06 8.1368275e-06 3.5046484e-12)
(-3.9795311e-06 8.5470863e-06 3.1461151e-12)
(-3.6982366e-06 8.9716366e-06 2.8243482e-12)
(-3.3653301e-06 9.4036539e-06 2.5354094e-12)
(-3.0005098e-06 9.8148178e-06 2.2768096e-12)
(-2.6200407e-06 1.017048e-05 2.0421928e-12)
(-2.2352757e-06 1.0451546e-05 1.8217861e-12)
(-1.8541769e-06 1.0659699e-05 1.6041742e-12)
(-1.4818139e-06 1.0770464e-05 1.3739428e-12)
(-1.1227091e-06 1.1090033e-05 1.1107052e-12)
(-7.759793e-07 9.6982666e-06 8.6796838e-13)
(-4.475268e-07 1.291929e-05 3.5711677e-13)
(-1.3554874e-07 9.9576132e-06 2.7479215e-13)
(3.1821506e-06 4.1483553e-06 8.3505852e-13)
(1.9984373e-06 4.5095468e-06 3.7034298e-12)
(7.9363586e-07 4.855143e-06 5.3537029e-12)
(-3.7697995e-07 5.0838054e-06 6.1163697e-12)
(-1.4659925e-06 5.2710897e-06 6.2606361e-12)
(-2.4364641e-06 5.3960102e-06 6.0619738e-12)
(-3.2611284e-06 5.4915544e-06 5.6828938e-12)
(-3.9244921e-06 5.5881844e-06 5.2320631e-12)
(-4.4140157e-06 5.7000558e-06 4.7790171e-12)
(-4.7456314e-06 5.8148963e-06 4.3501104e-12)
(-4.9214864e-06 5.9499755e-06 3.9482527e-12)
(-4.9569145e-06 6.1305574e-06 3.5746662e-12)
(-4.8701307e-06 6.3383311e-06 3.2308516e-12)
(-4.6807492e-06 6.5657917e-06 2.9170361e-12)
(-4.4083397e-06 6.8141402e-06 2.6320813e-12)
(-4.0714686e-06 7.0676951e-06 2.374526e-12)
(-3.6874775e-06 7.3111907e-06 2.1409633e-12)
(-3.2715663e-06 7.5345304e-06 1.9249874e-12)
(-2.8355586e-06 7.7236526e-06 1.7191348e-12)
(-2.3882587e-06 7.8636851e-06 1.5151517e-12)
(-1.9363261e-06 7.9123583e-06 1.3002682e-12)
(-1.4850377e-06 8.1798228e-06 1.0523501e-12)
(-1.0368573e-06 6.9154764e-06 8.250185e-13)
(-6.0782699e-07 1.0169356e-05 3.3708084e-13)
(-2.0104341e-07 7.2105836e-06 2.5972402e-13)
(2.1069509e-06 3.395827e-06 5.8598743e-14)
(1.0703823e-06 3.7447634e-06 2.7746571e-12)
(5.4153482e-09 4.0249611e-06 4.4156993e-12)
(-1.0401908e-06 4.1972383e-06 5.2518253e-12)
(-2.0248077e-06 4.3219522e-06 5.4902954e-12)
(-2.9144059e-06 4.3988355e-06 5.3819943e-12)
(-3.6824443e-06 4.430277e-06 5.0915124e-12)
(-4.3114343e-06 4.438967e-06 4.7194943e-12)
(-4.7907747e-06 4.4484708e-06 4.3256193e-12)
(-5.1226714e-06 4.4639173e-06 3.9429922e-12)
(-5.3103958e-06 4.5017108e-06 3.5880506e-12)
(-5.3637704e-06 4.5493689e-06 3.2630815e-12)
(-5.2953345e-06 4.6114552e-06 2.9653802e-12)
(-5.1219345e-06 4.703073e-06 2.6917205e-12)
(-4.8593301e-06 4.808171e-06 2.4406617e-12)
(-4.5236802e-06 4.9219762e-06 2.210953e-12)
(-4.1306797e-06 5.0387543e-06 1.9992931e-12)
(-3.6945224e-06 5.1528135e-06 1.8017338e-12)
(-3.2271398e-06 5.2443338e-06 1.6136453e-12)
(-2.7381598e-06 5.3053977e-06 1.4267523e-12)
(-2.2354101e-06 5.3115395e-06 1.2272602e-12)
(-1.7257131e-06 5.5576003e-06 9.944382e-13)
(-1.2120573e-06 4.3560404e-06 7.848491e-13)
(-7.1286489e-07 7.4980764e-06 3.2031712e-13)
(-2.3544963e-07 4.7428826e-06 2.4547706e-13)
(1.2076727e-06 2.7405832e-06 -7.4624138e-13)
(3.0505675e-07 2.9707007e-06 1.9542554e-12)
(-6.2877772e-07 3.1391735e-06 3.551774e-12)
(-1.5537319e-06 3.2610527e-06 4.4203643e-12)
(-2.4340081e-06 3.3430998e-06 4.7464008e-12)
(-3.2384119e-06 3.3743506e-06 4.7300616e-12)
(-3.9422038e-06 3.3446781e-06 4.5258946e-12)
(-4.527078e-06 3.2723443e-06 4.2296409e-12)
(-4.9819963e-06 3.2018698e-06 3.9008899e-12)
(-5.303187e-06 3.1541238e-06 3.5697058e-12)
(-5.4922879e-06 3.0883914e-06 3.2528173e-12)
(-5.5557466e-06 3.0077156e-06 2.9636626e-12)
(-5.4985056e-06 2.9804474e-06 2.7021293e-12)
(-5.3398737e-06 2.9722021e-06 2.46296e-12)
(-5.088881e-06 2.9619364e-06 2.2434484e-12)
(-4.7601759e-06 2.968844e-06 2.0413345e-12)
(-4.3677925e-06 2.9894857e-06 1.8527481e-12)
(-3.9247946e-06 3.0175287e-06 1.6750425e-12)
(-3.4429052e-06 3.0321974e-06 1.5048103e-12)
(-2.9324212e-06 3.0384608e-06 1.3338173e-12)
(-2.4022568e-06 3.0228649e-06 1.1492289e-12)
(-1.8610766e-06 3.2262513e-06 9.3528253e-13)
(-1.3102156e-06 2.0483171e-06 7.4157294e-13)
(-7.7007234e-07 4.9532586e-06 3.01863e-13)
(-2.5063802e-07 2.5127131e-06 2.3485303e-13)
(4.8339561e-07 2.1993886e-06 -1.5091679e-12)
(-3.0032941e-07 2.3642461e-06 1.1977594e-12)
(-1.1150512e-06 2.4628218e-06 2.8003407e-12)
(-1.927527e-06 2.5147683e-06 3.6467117e-12)
(-2.7069358e-06 2.4785653e-06 4.0191228e-12)
(-3.4255283e-06 2.3746071e-06 4.0879754e-12)
(-4.0605721e-06 2.2426731e-06 3.97174e-12)
(-4.5943828e-06 2.1098328e-06 3.7549034e-12)
(-5.0153341e-06 1.9910438e-06 3.487731e-12)
(-5.3173706e-06 1.8837206e-06 3.2090826e-12)
(-5.4995645e-06 1.7479751e-06 2.9364829e-12)
(-5.5646753e-06 1.6143398e-06 2.679228e-12)
(-5.5192405e-06 1.4761206e-06 2.445721e-12)
(-5.3724055e-06 1.3593755e-06 2.2350488e-12)
(-5.1347427e-06 1.2903325e-06 2.0424665e-12)
(-4.8184148e-06 1.2276768e-06 1.8646759e-12)
(-4.43559e-06 1.1770676e-06 1.6984507e-12)
(-3.9979568e-06 1.1387571e-06 1.5412435e-12)
(-3.5165907e-06 1.1097286e-06 1.3886486e-12)
(-3.0018972e-06 1.088447e-06 1.23354e-12)
(-2.4629508e-06 1.0649674e-06 1.064235e-12)
(-1.9090768e-06 1.2825607e-06 8.6697709e-13)
(-1.3348733e-06 1.2285384e-07 6.8746363e-13)
(-7.858576e-07 2.6616644e-06 2.7420783e-13)
(-2.6198571e-07 7.5947212e-07 2.1300361e-13)
(-5.567436e-08 1.6746599e-06 -2.2061364e-12)
(-7.3581466e-07 1.7755861e-06 4.7454265e-13)
(-1.4466569e-06 1.7575907e-06 2.126104e-12)
(-2.1594007e-06 1.7415903e-06 3.0101458e-12)
(-2.8468153e-06 1.6666995e-06 3.4087699e-12)
(-3.4847198e-06 1.5248518e-06 3.5207785e-12)
(-4.052486e-06 1.3517853e-06 3.4606829e-12)
(-4.5339498e-06 1.162632e-06 3.3015612e-12)
(-4.9173414e-06 9.4032654e-07 3.0886805e-12)
(-5.1956473e-06 6.9040149e-07 2.8589787e-12)
(-5.3658774e-06 4.6940716e-07 2.6299356e-12)
(-5.4284602e-06 2.7965649e-07 2.4100336e-12)
(-5.3920768e-06 9.8409529e-08 2.2050908e-12)
(-5.2562075e-06 -4.9916707e-08 2.0174744e-12)
(-5.0339107e-06 -1.7469347e-07 1.846341e-12)
(-4.7345762e-06 -2.9910809e-07 1.6891847e-12)
(-4.3685705e-06 -4.0674864e-07 1.5427894e-12)
(-3.9464494e-06 -4.8676429e-07 1.4036756e-12)
(-3.4780073e-06 -5.4368869e-07 1.2674262e-12)
(-2.9738352e-06 -5.8252398e-07 1.1279605e-12)
(-2.441899e-06 -6.1297849e-07 9.7447454e-13)
(-1.8904718e-06 -3.8454478e-07 7.9298459e-13)
(-1.2857405e-06 -1.4964543e-06 6.3056214e-13)
(-7.6030103e-07 7.9951488e-07 2.4633387e-13)
(-2.9707699e-07 -8.449739e-07 1.9290803e-13)
(-4.0434297e-07 1.1352068e-06 -2.7845549e-12)
(-9.9548491e-07 1.1726904e-06 -1.4663229e-13)
(-1.6167099e-06 1.1159247e-06 1.5010835e-12)
(-2.2427037e-06 1.0253625e-06 2.4374949e-12)
(-2.8495591e-06 8.8231323e-07 2.8890477e-12)
(-3.4158527e-06 7.093102e-07 3.0332662e-12)
(-3.9231127e-06 4.9379457e-07 3.0108323e-12)
(-4.3563626e-06 2.4770138e-07 2.8943342e-12)
(-4.7042036e-06 -1.8247365e-08 2.7250775e-12)
(-4.9591037e-06 -2.9836984e-07 2.5357659e-12)
(-5.117242e-06 -5.6745195e-07 2.3441115e-12)
(-5.1784421e-06 -8.1247034e-07 2.1575512e-12)
(-5.1460897e-06 -1.0439011e-06 1.9802262e-12)
(-5.0237364e-06 -1.2749028e-06 1.8157179e-12)
(-4.8192475e-06 -1.4818188e-06 1.6644115e-12)
(-4.5407047e-06 -1.6427316e-06 1.5245413e-12)
(-4.197147e-06 -1.7685885e-06 1.3940512e-12)
(-3.7981681e-06 -1.8671318e-06 1.2701113e-12)
(-3.3533667e-06 -1.9425101e-06 1.1485921e-12)
(-2.8720992e-06 -2.0067462e-06 1.023928e-12)
(-2.3626891e-06 -2.0604461e-06 8.8580431e-13)
(-1.833064e-06 -1.8271248e-06 7.1957394e-13)
(-1.23617e-06 -2.8382636e-06 5.7424244e-13)
(-7.4531825e-07 -5.6405748e-07 2.191959e-13)
(-3.1281547e-07 -2.2500386e-06 1.7191442e-13)
(-5.7434901e-07 6.1260361e-07 -3.2169633e-12)
(-1.0893215e-06 5.9271321e-07 -6.4148906e-13)
(-1.6326258e-06 5.0251546e-07 9.782631e-13)
(-2.1829138e-06 3.6037991e-07 1.9295385e-12)
(-2.7194361e-06 1.6939487e-07 2.4214638e-12)
(-3.223254e-06 -3.3870405e-08 2.6016953e-12)
(-3.6776678e-06 -2.8482842e-07 2.6152128e-12)
(-4.0687435e-06 -5.7776051e-07 2.5379458e-12)
(-4.3855682e-06 -8.7361974e-07 2.4064223e-12)
(-4.6205076e-06 -1.1765565e-06 2.2514015e-12)
(-4.7692633e-06 -1.4761651e-06 2.0895407e-12)
(-4.8306602e-06 -1.7628364e-06 1.9297786e-12)
(-4.8062119e-06 -2.0352919e-06 1.7765057e-12)
(-4.6992016e-06 -2.2935581e-06 1.6323652e-12)
(-4.515299e-06 -2.5254197e-06 1.4985336e-12)
(-4.2613861e-06 -2.7195641e-06 1.3744148e-12)
(-3.94544e-06 -2.8786423e-06 1.2585531e-12)
(-3.5761316e-06 -3.0077802e-06 1.1485466e-12)
(-3.1630761e-06 -3.1058419e-06 1.0401286e-12)
(-2.7146648e-06 -3.1782201e-06 9.281056e-13)
(-2.240694e-06 -3.250001e-06 8.0379002e-13)
(-1.7490332e-06 -2.9955648e-06 6.5136691e-13)
(-1.278678e-06 -3.9381828e-06 5.1867803e-13)
(-7.689039e-07 -1.8008056e-06 1.9110945e-13)
(-2.3181401e-07 -3.3833868e-06 1.5151392e-13)
(-5.8905991e-07 1.5827643e-07 -3.5301775e-12)
(-1.0385557e-06 8.9020809e-08 -1.0425432e-12)
(-1.514591e-06 -4.3140497e-08 5.4395716e-13)
(-1.9989012e-06 -2.315882e-07 1.4910797e-12)
(-2.4738738e-06 -4.5294252e-07 2.0008383e-12)
(-2.9228758e-06 -6.9901308e-07 2.2186828e-12)
(-3.3309092e-06 -9.7443454e-07 2.2657301e-12)
(-3.6851871e-06 -1.2821913e-06 2.2200613e-12)
(-3.9754707e-06 -1.6062471e-06 2.1231771e-12)
(-4.1942949e-06 -1.931936e-06 1.998851e-12)
(-4.3369992e-06 -2.2535833e-06 1.8640262e-12)
(-4.4015531e-06 -2.5660982e-06 1.7283857e-12)
(-4.3883021e-06 -2.8618888e-06 1.596235e-12)
(-4.2996162e-06 -3.1343499e-06 1.4703369e-12)
(-4.1398339e-06 -3.3797642e-06 1.3523821e-12)
(-3.9147774e-06 -3.594107e-06 1.2424202e-12)
(-3.6314479e-06 -3.7738516e-06 1.1393586e-12)
(-3.297733e-06 -3.9184277e-06 1.0410158e-12)
(-2.9222044e-06 -4.0257776e-06 9.4371881e-13)
(-2.5137006e-06 -4.0995699e-06 8.4274322e-13)
(-2.0822641e-06 -4.1786551e-06 7.3031152e-13)
(-1.6375463e-06 -3.9652859e-06 5.9037203e-13)
(-1.255846e-06 -4.8374753e-06 4.7044199e-13)
(-7.4754436e-07 -2.7504741e-06 1.684832e-13)
(-1.75716e-07 -4.2183543e-06 1.3510326e-13)
(-4.736522e-07 -2.3317472e-07 -3.7506223e-12)
(-8.6747852e-07 -3.3499404e-07 -1.3664457e-12)
(-1.2859455e-06 -5.0455111e-07 1.7830258e-13)
(-1.7136675e-06 -7.3936427e-07 1.1142124e-12)
(-2.1354875e-06 -9.8570113e-07 1.631974e-12)
(-2.5369046e-06 -1.2620699e-06 1.8773403e-12)
(-2.9046271e-06 -1.5615698e-06 1.9556132e-12)
(-3.2271067e-06 -1.8792125e-06 1.9372535e-12)
(-3.4948974e-06 -2.2138549e-06 1.8674367e-12)
(-3.7008584e-06 -2.5541322e-06 1.7701222e-12)
(-3.8401437e-06 -2.8884105e-06 1.6596118e-12)
(-3.9101577e-06 -3.2124143e-06 1.5457522e-12)
(-3.910478e-06 -3.5187939e-06 1.4333502e-12)
(-3.8426554e-06 -3.8025315e-06 1.3252072e-12)
(-3.7100257e-06 -4.0580931e-06 1.2226011e-12)
(-3.5173862e-06 -4.2809938e-06 1.1259307e-12)
(-3.2707104e-06 -4.4688004e-06 1.0346473e-12)
(-2.9769182e-06 -4.6188731e-06 9.4690548e-13)
(-2.6436637e-06 -4.7294419e-06 8.5966769e-13)
(-2.2791839e-06 -4.8053331e-06 7.6877158e-13)
(-1.8927088e-06 -4.8715054e-06 6.6666568e-13)
(-1.4947228e-06 -4.6503104e-06 5.3731602e-13)
(-1.1103588e-06 -5.5054592e-06 4.3028584e-13)
(-6.6694096e-07 -3.569199e-06 1.5266218e-13)
(-1.8663918e-07 -4.8042949e-06 1.2190191e-13)
(-2.5239063e-07 -5.4537522e-07 -3.9655791e-12)
(-5.992174e-07 -6.9984218e-07 -1.6548794e-12)
(-9.690519e-07 -8.9885551e-07 -1.4222326e-13)
(-1.349049e-06 -1.1511576e-06 7.803079e-13)
(-1.7258839e-06 -1.4248183e-06 1.3042593e-12)
(-2.0870096e-06 -1.7229141e-06 1.5711463e-12)
(-2.4207041e-06 -2.0367234e-06 1.6747713e-12)
(-2.7165827e-06 -2.3661129e-06 1.6823988e-12)
(-2.9659962e-06 -2.702732e-06 1.6346982e-12)
(-3.162219e-06 -3.0408571e-06 1.5582941e-12)
(-3.3004528e-06 -3.3781851e-06 1.4696056e-12)
(-3.377857e-06 -3.7038669e-06 1.375991e-12)
(-3.3935217e-06 -4.0121638e-06 1.2819582e-12)
(-3.3483333e-06 -4.299149e-06 1.190427e-12)
(-3.2447996e-06 -4.5578908e-06 1.1026759e-12)
(-3.0867549e-06 -4.7835225e-06 1.0191417e-12)
(-2.8791647e-06 -4.973313e-06 9.3943462e-13)
(-2.6279184e-06 -5.1241137e-06 8.6206745e-13)
(-2.3396231e-06 -5.2334847e-06 7.8447049e-13)
(-2.0213945e-06 -5.3059324e-06 7.0306935e-13)
(-1.6807794e-06 -5.3616896e-06 6.1089969e-13)
(-1.3249599e-06 -5.1182646e-06 4.92843e-13)
(-9.664841e-07 -5.9735529e-06 3.9759211e-13)
(-5.7851407e-07 -4.2295835e-06 1.4355009e-13)
(-1.7476694e-07 -5.2188639e-06 1.1471553e-13)
(5.1940785e-08 -7.8009751e-07 -4.2247023e-12)
(-2.5551979e-07 -9.7801405e-07 -1.9580175e-12)
(-5.8491448e-07 -1.2193496e-06 -4.6601589e-13)
(-9.2515582e-07 -1.4906808e-06 4.5464425e-13)
(-1.2645521e-06 -1.7771905e-06 9.9496257e-13)
(-1.5923783e-06 -2.0824952e-06 1.2845664e-12)
(-1.8981929e-06 -2.3960165e-06 1.4095803e-12)
(-2.1726575e-06 -2.7261724e-06 1.4399152e-12)
(-2.4078896e-06 -3.0656588e-06 1.4157118e-12)
(-2.5976769e-06 -3.4013013e-06 1.3606853e-12)
(-2.7374263e-06 -3.7317275e-06 1.2912838e-12)
(-2.8241894e-06 -4.0476437e-06 1.2155358e-12)
(-2.8566885e-06 -4.3496414e-06 1.1382649e-12)
(-2.8353079e-06 -4.633766e-06 1.0622347e-12)
(-2.7618409e-06 -4.8893668e-06 9.8846482e-13)
(-2.6392833e-06 -5.1120372e-06 9.1742543e-13)
(-2.471691e-06 -5.2985495e-06 8.4887296e-13)
(-2.2639786e-06 -5.44625e-06 7.816493e-13)
(-2.0217055e-06 -5.5526239e-06 7.1351444e-13)
(-1.7508351e-06 -5.6189607e-06 6.4130522e-13)
(-1.457426e-06 -5.6780685e-06 5.5869101e-13)
(-1.1467576e-06 -5.4369348e-06 4.5306038e-13)
(-8.2730379e-07 -6.2177104e-06 3.6732188e-13)
(-4.9196861e-07 -4.6129972e-06 1.3396715e-13)
(-1.5174875e-07 -5.4501426e-06 1.0710523e-13)
(4.1839553e-07 -9.6090583e-07 -4.4937164e-12)
(1.4366621e-07 -1.1922613e-06 -2.2831454e-12)
(-1.5220188e-07 -1.4396053e-06 -8.121328e-13)
(-4.5981972e-07 -1.7163317e-06 1.2202399e-13)
(-7.6881645e-07 -2.0168923e-06 6.8445372e-13)
(-1.0698528e-06 -2.3229987e-06 9.9785203e-13)
(-1.3534727e-06 -2.6391216e-06 1.1503234e-12)
(-1.6113762e-06 -2.9647307e-06 1.20613e-12)
(-1.8364512e-06 -3.2964913e-06 1.2056071e-12)
(-2.0230722e-06 -3.6244731e-06 1.1724611e-12)
(-2.1668612e-06 -3.9468907e-06 1.1224316e-12)
(-2.2648022e-06 -4.2615909e-06 1.06425e-12)
(-2.3153416e-06 -4.5565793e-06 1.002514e-12)
(-2.3184519e-06 -4.8248381e-06 9.3993704e-13)
(-2.2753298e-06 -5.0677404e-06 8.7844294e-13)
(-2.1882672e-06 -5.2809818e-06 8.1875513e-13)
(-2.0604981e-06 -5.4590252e-06 7.6049316e-13)
(-1.8960615e-06 -5.5997546e-06 7.0278911e-13)
(-1.6995825e-06 -5.7008212e-06 6.4354732e-13)
(-1.4760437e-06 -5.7648724e-06 5.7999056e-13)
(-1.2304829e-06 -5.8004752e-06 5.0650439e-13)
(-9.6753733e-07 -5.6062966e-06 4.1275059e-13)
(-6.9350664e-07 -6.305311e-06 3.3626605e-13)
(-4.0959549e-07 -4.76854e-06 1.2274298e-13)
(-1.2518521e-07 -5.553042e-06 9.8084428e-14)
(8.2718433e-07 -1.0952059e-06 -4.7701925e-12)
(5.8032589e-07 -1.3390854e-06 -2.6050872e-12)
(3.1228025e-07 -1.5918757e-06 -1.1457298e-12)
(3.1422642e-08 -1.8668787e-06 -2.0542444e-13)
(-2.5463095e-07 -2.1602756e-06 3.7233317e-13)
(-5.3468599e-07 -2.4624393e-06 7.118794e-13)
(-8.00954e-07 -2.7769375e-06 8.9495668e-13)
(-1.0465015e-06 -3.0945834e-06 9.7812033e-13)
(-1.2650343e-06 -3.4156627e-06 1.002444e-12)
(-1.4514338e-06 -3.7347298e-06 9.9250023e-13)
(-1.6014481e-06 -4.0467054e-06 9.6251394e-13)
(-1.7120278e-06 -4.3462408e-06 9.2096277e-13)
(-1.7814206e-06 -4.626536e-06 8.7354984e-13)
(-1.8092634e-06 -4.8817835e-06 8.2362245e-13)
(-1.7962513e-06 -5.108198e-06 7.7289924e-13)
(-1.7440498e-06 -5.3040983e-06 7.2266165e-13)
(-1.6551583e-06 -5.4680321e-06 6.7340926e-13)
(-1.5328564e-06 -5.5980574e-06 6.2442325e-13)
(-1.3810013e-06 -5.6916038e-06 5.7361733e-13)
(-1.2037646e-06 -5.7505319e-06 5.1839065e-13)
(-1.0054423e-06 -5.7766056e-06 4.5370423e-13)
(-7.899753e-07 -5.6303813e-06 3.7052253e-13)
(-5.644975e-07 -6.2192453e-06 3.033075e-13)
(-3.311222e-07 -4.7446029e-06 1.1002465e-13)
(-9.9299079e-08 -5.5670607e-06 8.9938737e-14)
(1.2554409e-06 -1.1770798e-06 -5.0495446e-12)
(1.0294939e-06 -1.4198417e-06 -2.9235166e-12)
(7.8329086e-07 -1.6788728e-06 -1.4687275e-12)
(5.2455304e-07 -1.9480753e-06 -5.1690811e-13)
(2.591612e-07 -2.2316934e-06 7.8508823e-14)
(-2.3606123e-09 -2.5272093e-06 4.4083158e-13)
(-2.5385636e-07 -2.8269774e-06 6.5039348e-13)
(-4.8994742e-07 -3.1314391e-06 7.6011054e-13)
(-7.0536358e-07 -3.4385583e-06 8.0877572e-13)
(-8.9407292e-07 -3.7416769e-06 8.2018172e-13)
(-1.0519204e-06 -4.0353731e-06 8.0836951e-13)
(-1.176039e-06 -4.3132991e-06 7.8193346e-13)
(-1.2646118e-06 -4.5712376e-06 7.4730997e-13)
(-1.3169954e-06 -4.8074267e-06 7.0902497e-13)
(-1.3333907e-06 -5.0181135e-06 6.6927798e-13)
(-1.3148914e-06 -5.2001417e-06 6.291132e-13)
(-1.2633711e-06 -5.3517806e-06 5.8898677e-13)
(-1.1814961e-06 -5.4704508e-06 5.4832689e-13)
(-1.072513e-06 -5.5546907e-06 5.0548083e-13)
(-9.3997672e-07 -5.6065079e-06 4.5817583e-13)
(-7.8768545e-07 -5.6256196e-06 4.0184145e-13)
(-6.1952713e-07 -5.5013654e-06 3.2877962e-13)
(-4.4197651e-07 -5.9774221e-06 2.6904314e-13)
(-2.581227e-07 -4.5659153e-06 9.420607e-14)
(-7.5215434e-08 -5.3441219e-06 7.6902395e-14)
(1.6902241e-06 -1.1915481e-06 -5.3462722e-12)
(1.4765118e-06 -1.4405624e-06 -3.2415278e-12)
(1.2455922e-06 -1.706327e-06 -1.7799638e-12)
(1.0035777e-06 -1.9646137e-06 -8.1158987e-13)
(7.5872137e-07 -2.2307991e-06 -1.9525327e-13)
(5.1270105e-07 -2.5121305e-06 1.8919519e-13)
(2.7196317e-07 -2.799155e-06 4.2135875e-13)
(4.2222973e-08 -3.0901982e-06 5.5337877e-13)
(-1.7143129e-07 -3.376033e-06 6.2209354e-13)
(-3.629331e-07 -3.6518888e-06 6.507154e-13)
(-5.2838345e-07 -3.9164915e-06 6.540932e-13)
(-6.6554935e-07 -4.1698077e-06 6.4252715e-13)
(-7.7326837e-07 -4.4078294e-06 6.2205442e-13)
(-8.4964901e-07 -4.625856e-06 5.9628961e-13)
(-8.9420419e-07 -4.8203862e-06 5.6769105e-13)
(-9.0767737e-07 -4.9887881e-06 5.3768244e-13)
(-8.9154515e-07 -5.1283982e-06 5.0665259e-13)
(-8.4800814e-07 -5.2368726e-06 4.7423927e-13)
(-7.7976842e-07 -5.3128472e-06 4.3921748e-13)
(-6.8987343e-07 -5.3580412e-06 3.9973578e-13)
(-5.817669e-07 -5.3713681e-06 3.5183747e-13)
(-4.5927035e-07 -5.2619214e-06 2.8904084e-13)
(-3.2806896e-07 -5.6554558e-06 2.3710523e-13)
(-1.9105394e-07 -4.3501046e-06 8.1953917e-14)
(-5.4035619e-08 -5.088798e-06 6.9026434e-14)
(2.1348985e-06 -1.1858979e-06 -5.659201e-12)
(1.9330113e-06 -1.4148843e-06 -3.5582313e-12)
(1.7137791e-06 -1.6474199e-06 -2.0861967e-12)
(1.4824065e-06 -1.8883106e-06 -1.0967386e-12)
(1.2463269e-06 -2.1523279e-06 -4.5741771e-13)
(1.006214e-06 -2.4239737e-06 -5.4089636e-14)
(7.6834308e-07 -2.6899896e-06 1.9612212e-13)
(5.3994495e-07 -2.9611009e-06 3.4513953e-13)
(3.2695429e-07 -3.2224112e-06 4.3060313e-13)
(1.3184405e-07 -3.4699005e-06 4.7720458e-13)
(-4.2024646e-08 -3.7087539e-06 4.98326e-13)
(-1.9241588e-07 -3.9409915e-06 5.0297056e-13)
(-3.1777909e-07 -4.15968e-06 4.968536e-13)
(-4.1583873e-07 -4.3575946e-06 4.836563e-13)
(-4.8587856e-07 -4.5331139e-06 4.6604409e-13)
(-5.2838287e-07 -4.6853875e-06 4.4579635e-13)
(-5.4508331e-07 -4.8119893e-06 4.2361196e-13)
(-5.3758596e-07 -4.9100766e-06 3.9939563e-13)
(-5.0759452e-07 -4.9776471e-06 3.7221381e-13)
(-4.5769866e-07 -5.0163519e-06 3.4061366e-13)
(-3.9110059e-07 -5.024465e-06 3.0119753e-13)
(-3.1142204e-07 -4.9264272e-06 2.4854253e-13)
(-2.235327e-07 -5.258174e-06 2.0482611e-13)
(-1.2931985e-07 -4.0696885e-06 6.8841687e-14)
(-3.4731932e-08 -4.7469678e-06 6.0142563e-14)
(2.5743356e-06 -1.1274303e-06 -5.9507069e-12)
(2.3858174e-06 -1.3453071e-06 -3.8561731e-12)
(2.1769646e-06 -1.5644346e-06 -2.3856139e-12)
(1.9530284e-06 -1.7913465e-06 -1.3884305e-12)
(1.7175624e-06 -2.0325936e-06 -7.32779e-13)
(1.4786716e-06 -2.2817507e-06 -3.1337536e-13)
(1.2412723e-06 -2.524527e-06 -4.5940638e-14)
(1.0111106e-06 -2.7500301e-06 1.2327604e-13)
(7.9326116e-07 -2.9731108e-06 2.2915475e-13)
(5.8961345e-07 -3.2023923e-06 2.9567381e-13)
(4.0309662e-07 -3.4227186e-06 3.3546699e-13)
(2.3724712e-07 -3.6358381e-06 3.5650287e-13)
(9.5700857e-08 -3.8344311e-06 3.6480312e-13)
(-2.1864182e-08 -4.00848e-06 3.6457594e-13)
(-1.1527589e-07 -4.1630824e-06 3.5860692e-13)
(-1.8463755e-07 -4.2993047e-06 3.4860861e-13)
(-2.3125198e-07 -4.4135524e-06 3.3560102e-13)
(-2.5616715e-07 -4.5005636e-06 3.1986048e-13)
(-2.6065449e-07 -4.5587668e-06 3.0084133e-13)
(-2.4703509e-07 -4.5908087e-06 2.7743607e-13)
(-2.1820895e-07 -4.5945561e-06 2.4669013e-13)
(-1.7746796e-07 -4.5055669e-06 2.0398409e-13)
(-1.2880286e-07 -4.7883783e-06 1.6944193e-13)
(-7.3194087e-08 -3.7255742e-06 5.3425886e-14)
(-1.6657777e-08 -4.3296427e-06 4.9385525e-14)
(2.9787679e-06 -1.0403833e-06 -6.2585756e-12)
(2.7983917e-06 -1.2411406e-06 -4.1756311e-12)
(2.5973024e-06 -1.4428236e-06 -2.7053782e-12)
(2.3800037e-06 -1.6457856e-06 -1.7031784e-12)
(2.1502829e-06 -1.852226e-06 -1.0360591e-12)
(1.9158216e-06 -2.0633214e-06 -5.9815432e-13)
(1.6811912e-06 -2.2731331e-06 -3.1005909e-13)
(1.4497104e-06 -2.4784933e-06 -1.1826648e-13)
(1.2247738e-06 -2.6873286e-06 1.059507e-14)
(1.0112221e-06 -2.8975896e-06 9.7752022e-14)
(8.1225858e-07 -3.0882589e-06 1.5579343e-13)
(6.3168938e-07 -3.2593934e-06 1.9350081e-13)
(4.7233939e-07 -3.4224966e-06 2.1737383e-13)
(3.3387212e-07 -3.5748202e-06 2.3147299e-13)
(2.1655949e-07 -3.7126774e-06 2.3843549e-13)
(1.2050827e-07 -3.8350999e-06 2.399014e-13)
(4.6388639e-08 -3.9384897e-06 2.3716451e-13)
(-6.9172475e-09 -4.0141552e-06 2.3084361e-13)
(-4.1854647e-08 -4.0622045e-06 2.2076978e-13)
(-6.0634129e-08 -4.0875185e-06 2.0619951e-13)
(-6.560858e-08 -4.0891254e-06 1.8486905e-13)
(-5.9454093e-08 -4.0097848e-06 1.526389e-13)
(-4.5327467e-08 -4.2503504e-06 1.2826157e-13)
(-2.3667574e-08 -3.3222486e-06 3.3699829e-14)
(-4.7093209e-10 -3.8478428e-06 3.5925279e-14)
(3.3373898e-06 -9.228498e-07 -6.6143792e-12)
(3.1612802e-06 -1.0955154e-06 -4.5484926e-12)
(2.9652393e-06 -1.2675541e-06 -3.0802686e-12)
(2.7531208e-06 -1.4407441e-06 -2.065692e-12)
(2.529699e-06 -1.6136477e-06 -1.3763027e-12)
(2.2991267e-06 -1.7933338e-06 -9.106319e-13)
(2.0658344e-06 -1.9760538e-06 -5.9494862e-13)
(1.833303e-06 -2.1548549e-06 -3.7791449e-13)
(1.6049988e-06 -2.3317054e-06 -2.2664368e-13)
(1.3855777e-06 -2.5012148e-06 -1.2071786e-13)
(1.1785681e-06 -2.6704035e-06 -4.4939481e-14)
(9.8639158e-07 -2.8299996e-06 1.0414416e-14)
(8.0981599e-07 -2.9623741e-06 5.0676115e-14)
(6.5156404e-07 -3.08936e-06 8.01382e-14)
(5.1246544e-07 -3.2121367e-06 1.0114094e-13)
(3.9285902e-07 -3.3087291e-06 1.1521473e-13)
(2.9353014e-07 -3.3836364e-06 1.2407081e-13)
(2.1333818e-07 -3.4446478e-06 1.2850648e-13)
(1.5001628e-07 -3.4880854e-06 1.2859536e-13)
(1.016527e-07 -3.5107112e-06 1.2397386e-13)
(6.6330737e-08 -3.5131956e-06 1.1314331e-13)
(4.2084215e-08 -3.4462986e-06 9.2633973e-14)
(2.6365624e-08 -3.6478382e-06 7.9306611e-14)
(1.88516e-08 -2.8583215e-06 7.4270205e-15)
(1.3486059e-08 -3.3039524e-06 1.8581157e-14)
(3.6463214e-06 -7.6433734e-07 -7.0123089e-12)
(3.4737423e-06 -9.0325747e-07 -4.955327e-12)
(3.2812477e-06 -1.0428516e-06 -3.4797757e-12)
(3.0725383e-06 -1.1859563e-06 -2.4445749e-12)
(2.8517489e-06 -1.3301821e-06 -1.728916e-12)
(2.6224986e-06 -1.4778483e-06 -1.2357859e-12)
(2.3887872e-06 -1.6273804e-06 -8.9360021e-13)
(2.1546497e-06 -1.7744927e-06 -6.5208015e-13)
(1.9239145e-06 -1.9178864e-06 -4.7842064e-13)
(1.6998933e-06 -2.0557794e-06 -3.5152807e-13)
(1.4857829e-06 -2.1896792e-06 -2.5650083e-13)
(1.2834398e-06 -2.3143178e-06 -1.8372003e-13)
(1.0945114e-06 -2.4367363e-06 -1.2725677e-13)
(9.2168804e-07 -2.5482321e-06 -8.342924e-14)
(7.6606957e-07 -2.6356076e-06 -4.9261002e-14)
(6.2829777e-07 -2.7107862e-06 -2.2216232e-14)
(5.0757471e-07 -2.7743211e-06 -1.019913e-15)
(4.032959e-07 -2.8230753e-06 1.4925117e-14)
(3.1492637e-07 -2.8570452e-06 2.5966439e-14)
(2.4106211e-07 -2.8754095e-06 3.2091545e-14)
(1.7996307e-07 -2.8767852e-06 3.2440628e-14)
(1.2985345e-07 -2.8197545e-06 2.4488963e-14)
(8.8465071e-08 -2.983287e-06 2.300119e-14)
(5.5661146e-08 -2.3348919e-06 -2.5165307e-14)
(2.5421565e-08 -2.7022114e-06 -2.7414077e-15)
(3.8948793e-06 -5.716457e-07 -7.2979319e-12)
(3.7250333e-06 -6.7604038e-07 -5.2617666e-12)
(3.5351879e-06 -7.8382475e-07 -3.7934654e-12)
(3.3288166e-06 -8.9472886e-07 -2.7558041e-12)
(3.1095992e-06 -1.0070794e-06 -2.0304607e-12)
(2.8810902e-06 -1.1196748e-06 -1.5231738e-12)
(2.6470476e-06 -1.233029e-06 -1.1642198e-12)
(2.4112926e-06 -1.3458862e-06 -9.0482524e-13)
(2.177443e-06 -1.4557117e-06 -7.1307476e-13)
(1.9486336e-06 -1.5618158e-06 -5.682602e-13)
(1.7276999e-06 -1.6635052e-06 -4.5634124e-13)
(1.5169849e-06 -1.7597033e-06 -3.6809586e-13)
(1.3189661e-06 -1.8514827e-06 -2.975022e-13)
(1.1349559e-06 -1.9335945e-06 -2.4044442e-13)
(9.6633596e-07 -2.0057896e-06 -1.9365152e-13)
(8.1370731e-07 -2.0682526e-06 -1.5492504e-13)
(6.7647231e-07 -2.115063e-06 -1.2308726e-13)
(5.5440466e-07 -2.1491831e-06 -9.7104066e-14)
(4.4723529e-07 -2.1731519e-06 -7.619706e-14)
(3.5390288e-07 -2.1860216e-06 -6.0085994e-14)
(2.7288427e-07 -2.1870623e-06 -4.9145059e-14)
(2.0229687e-07 -2.1421128e-06 -4.5163759e-14)
(1.4001318e-07 -2.2728456e-06 -3.5287624e-14)
(8.6216198e-08 -1.7707958e-06 -6.0082438e-14)
(3.5128606e-08 -2.0563155e-06 -2.6277866e-14)
(4.0648277e-06 -3.63594e-07 -7.1623529e-12)
(3.8973762e-06 -4.342276e-07 -5.2272347e-12)
(3.7098632e-06 -5.0769387e-07 -3.8391137e-12)
(3.5055567e-06 -5.8303276e-07 -2.8574314e-12)
(3.2878977e-06 -6.5950842e-07 -2.1661703e-12)
(3.0603764e-06 -7.3611357e-07 -1.6764262e-12)
(2.8265792e-06 -8.1289655e-07 -1.3238302e-12)
(2.5901109e-06 -8.8969311e-07 -1.0640651e-12)
(2.3543974e-06 -9.6520885e-07 -8.679197e-13)
(2.1225136e-06 -1.0384779e-06 -7.1629835e-13)
(1.8972295e-06 -1.1087865e-06 -5.9648319e-13)
(1.6811217e-06 -1.1756601e-06 -4.999948e-13)
(1.4763367e-06 -1.2380747e-06 -4.2115792e-13)
(1.2842322e-06 -1.2946764e-06 -3.5595422e-13)
(1.106131e-06 -1.3453594e-06 -3.0139683e-13)
(9.4259494e-07 -1.3883641e-06 -2.5539548e-13)
(7.9391459e-07 -1.4232448e-06 -2.1649977e-13)
(6.5992834e-07 -1.4499631e-06 -1.8359497e-13)
(5.3997524e-07 -1.4662618e-06 -1.5588244e-13)
(4.3312262e-07 -1.4736219e-06 -1.3280262e-13)
(3.3807206e-07 -1.4740663e-06 -1.1424752e-13)
(2.5312267e-07 -1.4405291e-06 -1.0114839e-13)
(1.7625486e-07 -1.5400948e-06 -8.3062133e-14)
(1.0780508e-07 -1.1875119e-06 -8.8150859e-14)
(4.2234634e-08 -1.3858103e-06 -4.6691502e-14)
(4.1681806e-06 -1.6287783e-07 -6.1912028e-12)
(4.0026086e-06 -1.9868322e-07 -4.5482406e-12)
(3.8169375e-06 -2.3624836e-07 -3.3834131e-12)
(3.6143024e-06 -2.7510528e-07 -2.561188e-12)
(3.3980194e-06 -3.1504999e-07 -1.9790958e-12)
(3.1715051e-06 -3.5568335e-07 -1.5622393e-12)
(2.9382414e-06 -3.96797e-07 -1.2578595e-12)
(2.7016829e-06 -4.3809876e-07 -1.0302069e-12)
(2.4651329e-06 -4.7937642e-07 -8.5565173e-13)
(2.2316307e-06 -5.1995512e-07 -7.1860597e-13)
(2.0039436e-06 -5.5911166e-07 -6.0874056e-13)
(1.7845865e-06 -5.9652694e-07 -5.1910059e-13)
(1.5755974e-06 -6.3149938e-07 -4.4491026e-13)
(1.3785727e-06 -6.6364645e-07 -3.8276241e-13)
(1.1946291e-06 -6.9256046e-07 -3.3016967e-13)
(1.0244716e-06 -7.1754018e-07 -2.8528811e-13)
(8.685363e-07 -7.3846115e-07 -2.4676896e-13)
(7.2668716e-07 -7.5466845e-07 -2.1363812e-13)
(5.9835245e-07 -7.6575234e-07 -1.8518625e-13)
(4.826884e-07 -7.7233865e-07 -1.6082174e-13)
(3.7854886e-07 -7.7185588e-07 -1.4015173e-13)
(2.8459245e-07 -7.4783201e-07 -1.2328265e-13)
(1.9904815e-07 -8.1732761e-07 -1.0309132e-13)
(1.2177031e-07 -6.1997967e-07 -9.548326e-14)
(4.7039122e-08 -7.3545542e-07 -5.48298e-14)
(4.1356682e-06 1.5384111e-08 -3.9523507e-12)
(3.9729516e-06 1.388814e-08 -2.9095361e-12)
(3.7903831e-06 1.12422e-08 -2.1815674e-12)
(3.5910194e-06 7.4977112e-09 -1.6693506e-12)
(3.3781019e-06 2.7209906e-09 -1.3053465e-12)
(3.1549844e-06 -2.9859188e-09 -1.0425507e-12)
(2.9250729e-06 -9.5198437e-09 -8.4867408e-13)
(2.6917324e-06 -1.6775152e-08 -7.0208941e-13)
(2.4581861e-06 -2.4668951e-08 -5.8850603e-13)
(2.2274315e-06 -3.302761e-08 -4.9845208e-13)
(2.0022086e-06 -4.1590403e-08 -4.2564192e-13)
(1.7849603e-06 -5.0174755e-08 -3.6580738e-13)
(1.5777102e-06 -5.8574942e-08 -3.1596533e-13)
(1.3820673e-06 -6.6685878e-08 -2.7396114e-13)
(1.1991164e-06 -7.434114e-08 -2.3819388e-13)
(1.0296253e-06 -8.141093e-08 -2.0744943e-13)
(8.7396767e-07 -8.7715566e-08 -1.8086106e-13)
(7.3203281e-07 -9.2867948e-08 -1.5781017e-13)
(6.0332643e-07 -9.6565178e-08 -1.3785238e-13)
(4.8705545e-07 -9.9102377e-08 -1.205952e-13)
(3.8218741e-07 -1.0303213e-07 -1.0558202e-13)
(2.8746172e-07 -1.0263106e-07 -9.2357247e-14)
(2.0081294e-07 -1.2776308e-07 -7.8405323e-14)
(1.2270152e-07 -5.2584059e-08 -6.9219053e-14)
(4.7901125e-08 -9.7718117e-08 -4.3777423e-14)
)
;

boundaryField
{
    Walls
    {
        type            noSlip;
    }
    Inlet
    {
        type            pressureInletVelocity;
        value           nonuniform List<vector> 3((1.5030415 -0 -0) (1.4999614 -0 -0) (1.626497 -0 -0));
    }
    Outlet
    {
        type            pressureInletOutletVelocity;
        value           nonuniform List<vector> 
86
(
(4.5589103e-06 2.1028206e-09 -2.528491e-11)
(4.5408871e-06 9.2315081e-09 -1.7635528e-11)
(4.478819e-06 1.205796e-08 -1.1515402e-11)
(4.3907585e-06 1.4524831e-08 -7.7705872e-12)
(4.2757456e-06 1.5636041e-08 -5.4694457e-12)
(4.1356682e-06 1.5384111e-08 -3.9523507e-12)
(3.9729516e-06 1.388814e-08 -2.9095361e-12)
(3.7903831e-06 1.12422e-08 -2.1815674e-12)
(3.5910194e-06 7.4977112e-09 -1.6693506e-12)
(3.3781019e-06 2.7209906e-09 -1.3053465e-12)
(3.1549844e-06 -2.9859188e-09 -1.0425507e-12)
(2.9250729e-06 -9.5198437e-09 -8.4867408e-13)
(2.6917324e-06 -1.6775152e-08 -7.0208941e-13)
(2.4581861e-06 -2.4668951e-08 -5.8850603e-13)
(2.2274315e-06 -3.302761e-08 -4.9845208e-13)
(2.0022086e-06 -4.1590403e-08 -4.2564192e-13)
(1.7849603e-06 -5.0174755e-08 -3.6580738e-13)
(1.5777102e-06 -5.8574942e-08 -3.1596533e-13)
(1.3820673e-06 -6.6685878e-08 -2.7396114e-13)
(1.1991164e-06 -7.434114e-08 -2.3819388e-13)
(1.0296253e-06 -8.141093e-08 -2.0744943e-13)
(8.7396767e-07 -8.7715566e-08 -1.8086106e-13)
(7.3203281e-07 -9.2867948e-08 -1.5781017e-13)
(6.0332643e-07 -9.6565178e-08 -1.3785238e-13)
(4.8705545e-07 -9.9102377e-08 -1.205952e-13)
(3.8218741e-07 -1.0303213e-07 -1.0558202e-13)
(2.8746172e-07 -1.0263106e-07 -9.2357247e-14)
(2.0081294e-07 -1.2776308e-07 -7.8405323e-14)
(1.2270152e-07 -5.2584059e-08 -6.9219053e-14)
(4.7901125e-08 -9.7718117e-08 -4.3777423e-14)
(-2.7075329e-06 0.10194431 -1.816166e-07)
(8.8233687e-05 0.071170645 -1.6606328e-07)
(2.7752886e-05 0.021926178 -1.2304666e-07)
(0 -0.0063731234 0)
(0 -0.011290504 0)
(0 -0.0058148795 0)
(0 -0.0012496818 0)
(-1.2463281e-07 0.00030382013 -3.4806971e-09)
(-6.7430003e-07 0.00032123221 -1.790676e-09)
(-7.767892e-07 3.2615394e-05 -6.8181836e-10)
(0 -0.00010831711 0)
(0 -0.00010489515 0)
(0 -5.3469587e-05 0)
(0 -6.7164556e-06 0)
(9.9331695e-07 2.072334e-05 1.5656415e-12)
(9.8864537e-07 3.1404682e-05 3.8616532e-13)
(9.5725612e-07 3.2800916e-05 -1.9259602e-14)
(8.121087e-07 3.1228454e-05 7.9257369e-14)
(6.5185636e-07 2.9134616e-05 2.8376628e-13)
(4.9570429e-07 2.7033439e-05 4.0826223e-13)
(3.5990194e-07 2.4719258e-05 4.5313904e-13)
(2.3024429e-07 2.1979502e-05 4.1679603e-13)
(7.1839074e-08 1.9291423e-05 3.5968227e-13)
(-3.1050623e-08 1.6091281e-05 3.2629534e-13)
(-6.9324572e-08 1.309545e-05 2.9245829e-13)
(-1.3554874e-07 9.9576132e-06 2.7479215e-13)
(-2.0104341e-07 7.2105836e-06 2.5972402e-13)
(-2.3544963e-07 4.7428826e-06 2.4547706e-13)
(-2.5063802e-07 2.5127131e-06 2.3485303e-13)
(-2.6198571e-07 7.5947212e-07 2.1300361e-13)
(0 -8.449739e-07 0)
(0 -2.2500386e-06 0)
(0 -3.3833868e-06 0)
(0 -4.2183543e-06 0)
(0 -4.8042949e-06 0)
(0 -5.2188639e-06 0)
(0 -5.4501426e-06 0)
(0 -5.553042e-06 0)
(0 -5.5670607e-06 0)
(0 -5.3441219e-06 0)
(0 -5.088798e-06 0)
(0 -4.7469678e-06 0)
(0 -4.3296427e-06 0)
(0 -3.8478428e-06 0)
(0 -3.3039524e-06 0)
(0 -2.7022114e-06 0)
(0 -2.0563155e-06 0)
(0 -1.3858103e-06 0)
(0 -7.3545542e-07 0)
(0 -9.7718117e-08 0)
(0 -0.00058913507 0)
(0 -0.0043586937 0)
(0 -0.010065115 0)
(0 -0.0068748786 0)
(-2.0589726e-05 0.01881594 -1.2132492e-07)
(-8.7593363e-05 0.067717612 -1.6486846e-07)
)
;
    }
    Front
    {
        type            wedge;
    }
    Back
    {
        type            wedge;
    }
    defaultFaces
    {
        type            empty;
    }
}


// ************************************************************************* //
