/*--------------------------------*- C++ -*----------------------------------*\
| =========                 |                                                 |
| \\      /  F ield         | OpenFOAM: The Open Source CFD Toolbox           |
|  \\    /   O peration     | Version:  4.0                                   |
|   \\  /    A nd           | Web:      www.OpenFOAM.org                      |
|    \\/     M anipulation  |                                                 |
\*---------------------------------------------------------------------------*/
FoamFile
{
    version     2.0;
    format      ascii;
    class       volVectorField;
    location    "0.03";
    object      U;
}
// * * * * * * * * * * * * * * * * * * * * * * * * * * * * * * * * * * * * * //

dimensions      [0 1 -1 0 0 0 0];

internalField   nonuniform List<vector> 
1740
(
(1.479402 -0.0031675392 5.8868201e-06)
(1.4793064 -0.016978988 9.6053305e-07)
(1.6037512 -0.01221655 7.7870899e-08)
(1.5633987 -0.0081750276 8.7736249e-06)
(1.5814356 -0.032504678 1.5638748e-06)
(1.6036608 -0.02101014 2.763678e-07)
(1.6126017 -0.00034620231 1.1076873e-05)
(1.6009799 -0.0014612134 2.4971301e-06)
(1.5273376 -0.0046803752 3.8721979e-07)
(1.5515985 0.0059377297 1.2835663e-05)
(1.5252279 0.015690994 3.0922859e-06)
(1.6170837 0.0013111896 6.1476381e-07)
(1.5400293 -0.0075468129 1.4316194e-05)
(1.5333409 -0.01987897 4.1466004e-06)
(1.6126589 -0.014566909 7.5683553e-07)
(1.5836743 -0.017404601 1.5722175e-05)
(1.6081885 -0.043120627 5.0109669e-06)
(1.5134311 -0.020111462 1.0055838e-06)
(1.6675074 -0.0076832846 1.7374002e-05)
(1.6976318 -0.008833852 5.9603103e-06)
(1.5031554 -0.0041527629 1.1796444e-06)
(1.5623758 -0.0016589156 1.81056e-05)
(1.6961583 0.021604292 6.8612508e-06)
(1.5042277 0.010777141 1.4055648e-06)
(1.5786639 0.003254575 1.8304695e-05)
(1.6067268 0.02884889 7.3907134e-06)
(1.4936324 0.020025746 1.5759784e-06)
(1.5887247 0.021596558 1.8940274e-05)
(1.5137153 0.029364709 8.1166439e-06)
(1.5958888 0.0056661735 1.6966137e-06)
(1.4852664 0.015906582 1.9758278e-05)
(1.6038913 0.0044917184 8.6931453e-06)
(1.6073095 -0.0088193953 2.0005483e-06)
(1.4854196 -0.0048248651 2.0014764e-05)
(1.601495 0.00096704797 9.2925831e-06)
(1.5021216 0.0016702176 2.1280191e-06)
(1.4974677 0.0044607382 2.011374e-05)
(1.5051283 0.0068300671 9.6603614e-06)
(1.607274 0.0028612588 2.2865636e-06)
(1.4938179 0.0065302912 2.049106e-05)
(1.5989181 -0.0055895075 1.0176594e-05)
(1.5944654 -0.0039368387 2.5321657e-06)
(1.4946425 -0.011160245 2.0911957e-05)
(1.5849735 0.0026354617 1.0643124e-05)
(1.5870492 0.0032270869 2.6907164e-06)
(1.5091387 -0.013842215 2.0967891e-05)
(1.4998963 -0.0035607533 1.0998373e-05)
(1.5955751 0.0011485814 2.8987056e-06)
(1.5096277 -0.01036406 2.1223922e-05)
(1.5197189 -0.016207916 1.1420549e-05)
(1.5542511 -0.0060480526 3.0967267e-06)
(1.5991532 -0.0081390812 2.1659143e-05)
(1.581089 -0.0034733828 1.1827315e-05)
(1.5654308 0.0041681737 3.2183476e-06)
(1.5905893 0.012389084 2.1737374e-05)
(1.5643043 0.011989271 1.2178268e-05)
(1.6026325 0.0014503244 3.4578131e-06)
(1.4891723 0.009055798 2.1648722e-05)
(1.588094 -0.0071092169 1.2561851e-05)
(1.5891378 -0.010161283 3.6199779e-06)
(1.4997686 -0.017947067 2.1699498e-05)
(1.611335 -0.025360474 1.2890462e-05)
(1.5177188 -0.0068649312 3.7798809e-06)
(1.6212294 -0.017790935 2.1985624e-05)
(1.539374 -0.0093143541 1.31808e-05)
(1.5447809 -0.004110567 3.9153161e-06)
(1.6564276 0.0055601357 2.2349533e-05)
(1.6042638 0.0074558508 1.353192e-05)
(1.534024 0.00076333412 4.104768e-06)
(1.528357 0.014073214 2.223719e-05)
(1.5796216 0.01120545 1.3856963e-05)
(1.5706399 0.0037620366 4.2133147e-06)
(1.482063 -0.0023366814 2.2215129e-05)
(1.5922381 -0.00088280603 1.4108683e-05)
(1.531111 0.0041603842 4.4179088e-06)
(1.5633606 -0.0098073962 2.2105542e-05)
(1.5858426 0.007951209 1.4399041e-05)
(1.5654445 0.009887739 4.5549514e-06)
(1.5653383 -0.0026490239 2.2140173e-05)
(1.526021 0.0056942804 1.4662629e-05)
(1.5778216 0.0038356037 4.6996764e-06)
(1.520926 -0.010119933 2.2622647e-05)
(1.4638113 0.0019205996 1.4943726e-05)
(1.5257656 0.0042913465 4.8400998e-06)
(1.5510394 0.010801279 2.2202747e-05)
(1.356856 -0.0032827732 1.5128459e-05)
(1.5827923 -0.0071265425 4.844229e-06)
(1.3257098 0.055967202 2.3590321e-05)
(1.2503184 0.085342616 1.5639507e-05)
(1.4007883 0.049733731 5.5751126e-06)
(0.82662533 0.36938336 1.2017629e-05)
(0.79749431 0.93005777 9.9073411e-06)
(0.7473619 1.2529322 5.3945777e-06)
(0.22156301 0.11235927 1.5380066e-06)
(0.1816081 0.36534275 3.0622287e-06)
(0.092389843 0.50155971 6.885667e-07)
(-0.030909821 -0.014133525 1.220501e-06)
(-0.030297809 -0.030042313 1.6281654e-06)
(-0.018300426 -0.034423162 5.2847078e-07)
(-0.0071510643 -0.0033681218 4.2315868e-07)
(-0.0071232133 -0.0088007354 6.3796862e-07)
(-0.0051296746 -0.011773701 2.773041e-07)
(-0.0015230935 -0.00038246675 9.577204e-08)
(-0.0014154423 -0.0010185297 1.751253e-07)
(-0.00080483471 -0.0015378416 8.5721577e-08)
(-0.00074201255 1.1646641e-05 1.3176785e-08)
(-0.00058917292 4.1204819e-05 3.3516838e-08)
(-0.00024164589 5.6298357e-05 1.6595622e-08)
(-0.00050807349 -5.7152334e-06 -1.1072878e-09)
(-0.0003883025 3.6475736e-05 3.232025e-09)
(-0.00014455709 0.0001405037 1.370441e-09)
(-0.0004470998 2.9826117e-06 -3.230128e-09)
(-0.0003626893 1.2700657e-05 -2.2978654e-09)
(-0.0001976467 4.9801412e-05 -1.5965279e-09)
(-0.00040378235 -1.7708017e-05 -2.4663919e-09)
(-0.00034562892 -2.8111739e-05 -2.5865629e-09)
(-0.0002333403 -2.8741881e-05 -1.7675274e-09)
(-0.00035006333 -3.0233529e-05 -1.1034396e-09)
(-0.00030981994 -6.1628566e-05 -1.5040818e-09)
(-0.00023157511 -8.1663051e-05 -1.088006e-09)
(-0.00028666887 -2.9767508e-05 -1.5474152e-10)
(-0.0002588784 -6.5960136e-05 -4.5865814e-10)
(-0.0002036674 -9.3866344e-05 -3.9230382e-10)
(-0.00022673838 -2.4052737e-05 2.2967556e-10)
(-0.00020725219 -5.4520954e-05 1.0748706e-10)
(-0.00016768282 -8.3588266e-05 2.7322161e-11)
(-0.00017718179 -1.6956613e-05 2.6243806e-10)
(-0.00016322088 -3.6924522e-05 2.8082968e-10)
(-0.0001344219 -5.5494897e-05 1.7783746e-10)
(-0.0001396654 -1.0255579e-05 1.3317579e-10)
(-0.00012948029 -2.1964652e-05 2.1798981e-10)
(-0.00010816077 -3.1679201e-05 1.6002745e-10)
(-0.00011357052 -6.0409037e-06 1.5197187e-12)
(-0.00010602507 -1.2296635e-05 9.3022944e-11)
(-9.0003159e-05 -1.7301507e-05 8.7748919e-11)
(-9.6228863e-05 -3.7559104e-06 -7.8038721e-11)
(-9.056119e-05 -7.1069968e-06 -1.1183995e-11)
(-7.8355757e-05 -9.550288e-06 1.7188386e-11)
(-8.4431142e-05 -2.7175622e-06 -1.0341843e-10)
(-8.0121153e-05 -4.9309909e-06 -6.8377921e-11)
(-7.0705085e-05 -6.4670852e-06 -2.6462684e-11)
(-7.5867162e-05 -2.2528851e-06 -9.4981914e-11)
(-7.2551976e-05 -4.1582738e-06 -8.4096842e-11)
(-6.519903e-05 -5.5893459e-06 -4.1598151e-11)
(-6.932501e-05 -1.9882795e-06 -6.9600302e-11)
(-6.6750807e-05 -3.8674517e-06 -7.2057674e-11)
(-6.0944712e-05 -5.4001241e-06 -3.6423565e-11)
(-6.4231558e-05 -1.7401287e-06 -4.8219712e-11)
(-6.2212939e-05 -3.4929802e-06 -5.6040309e-11)
(-5.7574329e-05 -5.0986825e-06 -2.6857783e-11)
(-6.0246656e-05 -1.4216872e-06 -3.2737338e-11)
(-5.8644497e-05 -2.9243052e-06 -4.1740288e-11)
(-5.4888166e-05 -4.425587e-06 -1.8605778e-11)
(-5.7090166e-05 -1.0711648e-06 -2.061532e-11)
(-5.5807505e-05 -2.2950295e-06 -3.0214139e-11)
(-5.2730023e-05 -3.5936968e-06 -1.2250487e-11)
(-5.4523885e-05 -8.0439206e-07 -1.2300639e-11)
(-5.3494436e-05 -1.7158201e-06 -2.1959739e-11)
(-5.0955254e-05 -2.7340593e-06 -8.3793632e-12)
(-5.2406468e-05 -7.6905093e-07 -7.6890276e-12)
(-5.1577215e-05 -1.4668445e-06 -1.7618766e-11)
(-4.9467376e-05 -2.0179538e-06 -7.6847326e-12)
(-5.0693699e-05 -6.4472658e-07 -5.8452717e-12)
(-5.0019153e-05 -1.148491e-06 -1.5461834e-11)
(-4.8245329e-05 -1.5966812e-06 -7.5128508e-12)
(-4.9346429e-05 -4.83522e-07 -5.7839253e-12)
(-4.8793035e-05 -9.5125708e-07 -1.3909992e-11)
(-4.7281244e-05 -1.3372768e-06 -6.7083721e-12)
(-4.8269395e-05 -3.5142464e-07 -7.888327e-12)
(-4.7815007e-05 -7.2698401e-07 -1.2991169e-11)
(-4.651431e-05 -1.0842927e-06 -6.0310995e-12)
(-4.7342464e-05 -3.0749297e-07 -1.0543126e-11)
(-4.6969846e-05 -5.5830417e-07 -1.4996564e-11)
(-4.5844994e-05 -9.0961595e-07 -6.8307798e-12)
(-4.6468287e-05 -3.014922e-07 -1.2435471e-11)
(-4.6162061e-05 -5.3454804e-07 -1.6447806e-11)
(-4.5182651e-05 -8.8715656e-07 -8.298388e-12)
(-4.5583846e-05 -3.01848e-07 -1.319914e-11)
(-4.5331095e-05 -5.8869492e-07 -1.6358285e-11)
(-4.4469625e-05 -1.0128832e-06 -8.550252e-12)
(-4.4649803e-05 -3.2851986e-07 -1.3514554e-11)
(-4.4440586e-05 -7.1242675e-07 -1.6297619e-11)
(-4.3675234e-05 -1.1793601e-06 -8.6086205e-12)
(-4.3644271e-05 -4.0461977e-07 -1.374018e-11)
(-4.3470688e-05 -8.2619443e-07 -1.5970254e-11)
(-4.2786374e-05 -1.2792905e-06 -8.4208224e-12)
(-4.2564946e-05 -4.1130607e-07 -1.39204e-11)
(-4.2420968e-05 -8.424788e-07 -1.53483e-11)
(-4.1807069e-05 -1.3378744e-06 -7.7778883e-12)
(-4.1427998e-05 -4.1809029e-07 -1.3446762e-11)
(-4.1309254e-05 -8.8431623e-07 -1.4173127e-11)
(-4.0756492e-05 -1.4220795e-06 -7.1268838e-12)
(-4.0257662e-05 -4.2185865e-07 -1.3394629e-11)
(-4.015998e-05 -9.1396883e-07 -1.3550506e-11)
(-3.9659266e-05 -1.4779972e-06 -6.9836171e-12)
(-3.9075171e-05 -4.2383184e-07 -1.3332972e-11)
(-3.8994457e-05 -9.1735394e-07 -1.3270249e-11)
(-3.8537608e-05 -1.4815443e-06 -7.0688684e-12)
(-3.7896811e-05 -4.1783974e-07 -1.3350565e-11)
(-3.7829845e-05 -9.1633956e-07 -1.2720183e-11)
(-3.7410451e-05 -1.4829487e-06 -6.8386519e-12)
(-3.6737655e-05 -4.0700893e-07 -1.3305506e-11)
(-3.6682128e-05 -9.0044308e-07 -1.218507e-11)
(-3.6295277e-05 -1.4605173e-06 -6.6142775e-12)
(-3.5613106e-05 -3.9091386e-07 -1.3457729e-11)
(-3.5567189e-05 -8.6767125e-07 -1.2077444e-11)
(-3.520878e-05 -1.4080327e-06 -6.7579465e-12)
(-3.4537768e-05 -3.6916686e-07 -1.3764568e-11)
(-3.4499914e-05 -8.2087778e-07 -1.2253554e-11)
(-3.4166357e-05 -1.3321904e-06 -7.125826e-12)
(-3.3524568e-05 -3.4441021e-07 -1.3864813e-11)
(-3.3493465e-05 -7.6771488e-07 -1.2076082e-11)
(-3.318159e-05 -1.2467362e-06 -7.1154501e-12)
(-3.2584621e-05 -3.1672509e-07 -1.3698201e-11)
(-3.2559174e-05 -7.0795172e-07 -1.1395838e-11)
(-3.2266153e-05 -1.1500593e-06 -6.600014e-12)
(-3.1727395e-05 -2.8381579e-07 -1.38948e-11)
(-3.1706663e-05 -6.3448027e-07 -1.1320044e-11)
(-3.1429917e-05 -1.0301167e-06 -6.5780127e-12)
(-3.0960857e-05 -2.4760035e-07 -1.4383439e-11)
(-3.0944002e-05 -5.5207235e-07 -1.1820039e-11)
(-3.0681119e-05 -8.9537673e-07 -7.0458254e-12)
(-3.0291995e-05 -2.111922e-07 -1.4645167e-11)
(-3.0278257e-05 -4.7026184e-07 -1.2014135e-11)
(-3.0026947e-05 -7.6218225e-07 -7.2424617e-12)
(-2.972778e-05 -1.7454029e-07 -1.4611171e-11)
(-2.9716472e-05 -3.8893828e-07 -1.1744472e-11)
(-2.9474519e-05 -6.3020602e-07 -7.0142749e-12)
(-2.9277715e-05 -1.3589457e-07 -1.4554307e-11)
(-2.9268227e-05 -3.0263198e-07 -1.1489939e-11)
(-2.9033497e-05 -4.8940127e-07 -6.8007241e-12)
(-2.8946478e-05 -9.3975946e-08 -1.4668991e-11)
(-2.8938291e-05 -2.0841917e-07 -1.1500606e-11)
(-2.8708864e-05 -3.3742508e-07 -6.7965646e-12)
(-2.8774608e-05 -4.887822e-08 -1.4775761e-11)
(-2.8767462e-05 -1.0724062e-07 -1.1340175e-11)
(-2.8541448e-05 -1.7691555e-07 -6.6551273e-12)
(-2.8713887e-05 -8.458568e-09 -1.3503283e-11)
(-2.8707425e-05 -1.6605737e-08 -9.1462739e-12)
(-2.8483388e-05 -2.9893049e-08 -5.1266799e-12)
(-0.045683096 1.9621015 -3.6569264e-07)
(-0.032911891 1.7057418 -3.4522321e-06)
(-0.060460744 0.34694245 -2.4726439e-07)
(-0.043002327 0.15577299 -9.7592765e-07)
(-0.014087313 -0.041582611 -1.3632055e-07)
(-0.011167446 -0.043862918 -4.5509388e-07)
(-0.0043356715 -0.014289934 -1.4973923e-08)
(-0.0039069829 -0.015726325 -1.5756939e-07)
(-0.00046818388 -0.0021861911 -2.8265538e-09)
(-0.000311482 -0.0028792366 -4.6600221e-08)
(8.5921216e-05 8.0407815e-05 -2.6554334e-09)
(0.00028430497 0.00013063258 -1.1663761e-08)
(9.8587783e-05 0.0002725083 -1.6809869e-09)
(0.00027396073 0.00040936112 -2.8945834e-09)
(-2.5501628e-05 0.0001458529 -1.5478061e-09)
(0.00011381357 0.0002737245 -1.4279827e-09)
(-0.00011015026 8.5936665e-06 -1.3346494e-09)
(-3.9947541e-06 6.882777e-05 -1.074802e-09)
(-0.00014207952 -8.2081463e-05 -8.0368555e-10)
(-5.9957267e-05 -6.7658586e-05 -6.3532812e-10)
(-0.00013772836 -0.00011211421 -2.9343384e-10)
(-7.4004847e-05 -0.00011593795 -2.2497536e-10)
(-0.00011880516 -9.9402964e-05 1.9249582e-11)
(-6.9316624e-05 -0.00010403638 2.6200495e-11)
(-9.7868313e-05 -6.7162422e-05 1.3359449e-10)
(-5.9428169e-05 -6.9844689e-05 1.1868821e-10)
(-8.0482724e-05 -3.636918e-05 1.2939778e-10)
(-5.0516986e-05 -3.800291e-05 1.1691271e-10)
(-6.880403e-05 -1.8208033e-05 8.0272941e-11)
(-4.5297513e-05 -1.6888067e-05 7.7020698e-11)
(-6.1955799e-05 -9.1406701e-06 2.7933173e-11)
(-4.3404383e-05 -5.0214534e-06 3.2869057e-11)
(-5.7895868e-05 -5.7300319e-06 -6.8877822e-12)
(-4.3145367e-05 -2.4252291e-06 2.8601936e-12)
(-5.508937e-05 -5.4812101e-06 -1.966049e-11)
(-4.3269009e-05 -3.4881935e-06 -9.1079748e-12)
(-5.2885568e-05 -5.7749114e-06 -1.7987737e-11)
(-4.3337048e-05 -4.7099087e-06 -9.5124515e-12)
(-5.108091e-05 -5.789415e-06 -1.1839442e-11)
(-4.3295424e-05 -5.3870707e-06 -5.4113666e-12)
(-4.9591832e-05 -5.2476092e-06 -6.2753321e-12)
(-4.3176277e-05 -5.2665271e-06 -1.2969708e-12)
(-4.8362113e-05 -4.3635102e-06 -2.211716e-12)
(-4.3024421e-05 -4.4978666e-06 1.6414843e-12)
(-4.7326533e-05 -3.4332965e-06 9.1782373e-14)
(-4.2853997e-05 -3.5834424e-06 3.5587391e-12)
(-4.6434655e-05 -2.3557439e-06 -7.231121e-13)
(-4.2664249e-05 -2.4732415e-06 3.0092856e-12)
(-4.5685123e-05 -1.6871743e-06 -1.633665e-12)
(-4.2481069e-05 -1.5498363e-06 1.8558732e-12)
(-4.5090552e-05 -1.3353628e-06 -1.6157864e-12)
(-4.2338904e-05 -1.0971243e-06 1.0410192e-12)
(-4.4620819e-05 -1.1754061e-06 -1.544323e-12)
(-4.2232722e-05 -1.009608e-06 5.9158174e-13)
(-4.4199101e-05 -1.1695001e-06 -1.9206094e-12)
(-4.2109718e-05 -1.1112354e-06 2.0532931e-13)
(-4.3742491e-05 -1.2042692e-06 -2.9719211e-12)
(-4.1902415e-05 -1.2736244e-06 -3.6233057e-13)
(-4.3197305e-05 -1.3217633e-06 -3.5388866e-12)
(-4.1564997e-05 -1.4342306e-06 -9.4902902e-13)
(-4.2540819e-05 -1.4848178e-06 -3.7671669e-12)
(-4.1081763e-05 -1.6356309e-06 -1.3937972e-12)
(-4.1769039e-05 -1.6113319e-06 -3.7840272e-12)
(-4.0456819e-05 -1.8444674e-06 -1.5701799e-12)
(-4.0891393e-05 -1.7554796e-06 -3.2235933e-12)
(-3.9705842e-05 -2.083074e-06 -1.1316376e-12)
(-3.992865e-05 -1.9038654e-06 -2.7900811e-12)
(-3.8852593e-05 -2.3173483e-06 -7.5166213e-13)
(-3.8906295e-05 -1.9929273e-06 -2.8552687e-12)
(-3.7924317e-05 -2.4544435e-06 -8.3977373e-13)
(-3.7848385e-05 -2.0169295e-06 -3.0709081e-12)
(-3.6947286e-05 -2.5051838e-06 -1.0810783e-12)
(-3.6776171e-05 -2.0194572e-06 -3.0657878e-12)
(-3.5945193e-05 -2.5133847e-06 -1.1815231e-12)
(-3.5708903e-05 -1.9931435e-06 -3.0261033e-12)
(-3.4939234e-05 -2.4900286e-06 -1.2205409e-12)
(-3.4664345e-05 -1.9250624e-06 -3.2455024e-12)
(-3.3948497e-05 -2.410105e-06 -1.4349205e-12)
(-3.3658665e-05 -1.8238615e-06 -3.6248992e-12)
(-3.2990084e-05 -2.2871859e-06 -1.7545953e-12)
(-3.270605e-05 -1.7099395e-06 -3.6930074e-12)
(-3.207892e-05 -2.1498759e-06 -1.8329346e-12)
(-3.1818637e-05 -1.5781126e-06 -3.3740766e-12)
(-3.1227699e-05 -1.9846466e-06 -1.6492959e-12)
(-3.1006635e-05 -1.4134793e-06 -3.4240032e-12)
(-3.0447033e-05 -1.7779937e-06 -1.7510357e-12)
(-3.027852e-05 -1.2292621e-06 -3.8204212e-12)
(-2.9745696e-05 -1.5481779e-06 -2.084483e-12)
(-2.9641652e-05 -1.046572e-06 -4.0006348e-12)
(-2.9131271e-05 -1.3187345e-06 -2.2406828e-12)
(-2.9103261e-05 -8.6480538e-07 -3.8427294e-12)
(-2.8611132e-05 -1.0887631e-06 -2.1323248e-12)
(-2.8673107e-05 -6.7025101e-07 -3.689296e-12)
(-2.8195164e-05 -8.4299414e-07 -2.0174513e-12)
(-2.8356467e-05 -4.6258296e-07 -3.7119297e-12)
(-2.7888966e-05 -5.8254054e-07 -2.0569164e-12)
(-2.8194095e-05 -2.4509782e-07 -3.6991694e-12)
(-2.7733081e-05 -3.1088027e-07 -2.1280073e-12)
(-2.8138809e-05 -4.3034862e-08 -2.8659249e-12)
(-2.7681158e-05 -5.586017e-08 -1.7014043e-12)
(-0.00018006024 5.8087916e-05 -8.4174527e-10)
(-0.00023085681 0.00014205155 -1.5547639e-09)
(-0.00032120284 0.00024383305 -1.6018839e-09)
(-0.00041642317 0.00031924275 -1.2680438e-09)
(-0.00049433749 0.00039709659 -8.2480658e-10)
(-0.00054665074 0.00045129443 -4.2023668e-10)
(-0.0005727143 0.00049119171 -1.180557e-10)
(-0.00057550864 0.00051065517 9.3546304e-11)
(-0.00056167899 0.00051451961 2.3782837e-10)
(-0.00053638421 0.00050768189 3.3104703e-10)
(-0.00050243592 0.0004940807 3.8767603e-10)
(-0.00046266359 0.00047782042 4.2015486e-10)
(-0.00041956925 0.00046072144 4.3213726e-10)
(-0.00037524883 0.00044328092 4.2928776e-10)
(-0.00033128524 0.00042695388 4.1813721e-10)
(-0.00028864265 0.00041178676 4.0251469e-10)
(-0.00024811062 0.00039778489 3.8483066e-10)
(-0.00021011613 0.0003851873 3.6659708e-10)
(-0.00017480209 0.00037365212 3.4863489e-10)
(-0.00014212148 0.00036283352 3.3128278e-10)
(-0.00011191045 0.00035272985 3.1453952e-10)
(-8.3919466e-05 0.0003432479 2.9780099e-10)
(-5.7838688e-05 0.0003332991 2.7712299e-10)
(-3.3367015e-05 0.0003222478 2.3782054e-10)
(-1.0477749e-05 0.00031029793 1.6788005e-10)
(-6.8364289e-05 -3.2286855e-06 -4.232976e-09)
(-7.4717112e-05 -0.00013229976 -8.0059574e-09)
(-6.6353621e-05 -0.00015095938 -8.7263367e-09)
(-5.5366556e-05 -0.00028012583 -7.5517704e-09)
(-3.1815341e-05 -0.00036645202 -5.6515239e-09)
(7.729813e-07 -0.00050189787 -3.8039582e-09)
(3.626791e-05 -0.00064676117 -2.3652919e-09)
(6.906818e-05 -0.00081482577 -1.3004841e-09)
(9.7566102e-05 -0.000991703 -5.1857672e-10)
(0.00011998271 -0.0011672218 3.1856618e-11)
(0.00013394268 -0.0013420953 4.1692086e-10)
(0.0001396744 -0.0015103123 6.9597758e-10)
(0.00013901074 -0.0016636704 8.5985478e-10)
(0.00013362851 -0.0018022943 9.3351273e-10)
(0.00012490692 -0.0019241826 9.524951e-10)
(0.00011418358 -0.0020280812 9.3510381e-10)
(0.00010226522 -0.0021133433 8.9524181e-10)
(8.9772869e-05 -0.0021796956 8.4419209e-10)
(7.7098622e-05 -0.0022272102 7.8993776e-10)
(6.4445381e-05 -0.0022562056 7.3675711e-10)
(5.1944834e-05 -0.0022668001 6.8624945e-10)
(3.9693684e-05 -0.002259888 6.3857053e-10)
(2.7749483e-05 -0.0022393285 5.8874967e-10)
(1.6012477e-05 -0.0021983371 5.0245023e-10)
(4.3538003e-06 -0.0021028504 2.7971731e-10)
(0.00042144174 -0.00024878174 -1.9762382e-08)
(0.00042017529 -0.0013565758 -3.7434918e-08)
(0.00046988434 -0.0018282322 -4.181696e-08)
(0.00055975121 -0.0026373437 -3.8007791e-08)
(0.00066137124 -0.0032426215 -3.0379476e-08)
(0.00073890812 -0.0039358456 -2.2592929e-08)
(0.00078702805 -0.0045474853 -1.6333489e-08)
(0.00080485043 -0.005126841 -1.1456059e-08)
(0.00079709408 -0.0056782124 -7.6542557e-09)
(0.00077104446 -0.0062138897 -4.8637088e-09)
(0.00073209545 -0.0068056565 -2.6943548e-09)
(0.0006848307 -0.007418242 -8.7891283e-10)
(0.00063209879 -0.0079479392 3.2256741e-10)
(0.00057634018 -0.0083896106 1.0565011e-09)
(0.0005191308 -0.008742788 1.4933712e-09)
(0.00046267183 -0.0090136255 1.6924126e-09)
(0.00040738711 -0.009209036 1.716788e-09)
(0.00035354189 -0.00933518 1.6347922e-09)
(0.00030118305 -0.0093963213 1.5063544e-09)
(0.0002503051 -0.0093983363 1.3637716e-09)
(0.00020095785 -0.0093444559 1.2250168e-09)
(0.00015323661 -0.0092401094 1.101582e-09)
(0.00010712358 -0.0090980914 9.9184114e-10)
(6.2287991e-05 -0.0088808899 8.4705383e-10)
(1.8800137e-05 -0.0085037169 5.0662817e-10)
(0.0029608728 -0.0011616918 -7.7070171e-08)
(0.0030256146 -0.0052523427 -1.4071409e-07)
(0.003057719 -0.0067640042 -1.5553245e-07)
(0.0029927967 -0.0096268419 -1.4409083e-07)
(0.0028762372 -0.012173222 -1.2039343e-07)
(0.0027040345 -0.015137896 -9.6073239e-08)
(0.0024918777 -0.017393074 -7.6214964e-08)
(0.0022587882 -0.019017067 -5.969705e-08)
(0.0020221538 -0.020135762 -4.5825783e-08)
(0.0017925758 -0.020761423 -3.562657e-08)
(0.001580641 -0.020930857 -2.6605448e-08)
(0.0013871532 -0.02076826 -1.778921e-08)
(0.0012106598 -0.020413642 -1.1655693e-08)
(0.0010513301 -0.019935353 -7.0267201e-09)
(0.00090909975 -0.019375891 -3.4849356e-09)
(0.00078481955 -0.0187713 -1.0782465e-09)
(0.00067351845 -0.01815013 2.999224e-10)
(0.00057259456 -0.017524263 9.033538e-10)
(0.0004781558 -0.016904346 1.0295606e-09)
(0.00039070386 -0.016298526 9.2216062e-10)
(0.00030959388 -0.015716723 7.3775778e-10)
(0.00023381684 -0.015161703 5.6102367e-10)
(0.00016264193 -0.014657195 4.3248906e-10)
(9.501326e-05 -0.014104952 3.4814271e-10)
(3.1116649e-05 -0.013457958 2.1543901e-10)
(0.011482127 -0.008817895 -2.5313535e-07)
(0.0093661652 -0.027067431 -4.059764e-07)
(0.0084119252 -0.030327243 -4.1931679e-07)
(0.0068040991 -0.036763761 -3.9189702e-07)
(0.0055295414 -0.036388105 -3.4790442e-07)
(0.0044008005 -0.034406162 -3.0349604e-07)
(0.0034399709 -0.031208231 -2.6232285e-07)
(0.0026598558 -0.027320863 -2.24684e-07)
(0.0020382848 -0.023346528 -1.9018621e-07)
(0.0015461296 -0.019611135 -1.5791281e-07)
(0.0011585226 -0.01615049 -1.2931004e-07)
(0.00085629489 -0.012962204 -1.0137859e-07)
(0.00062361298 -0.010100148 -8.0622567e-08)
(0.00044489163 -0.007593477 -6.1128673e-08)
(0.00030918618 -0.0054109959 -4.3281016e-08)
(0.00020444936 -0.0035493601 -2.8237732e-08)
(0.00012642377 -0.0019684736 -1.6835816e-08)
(7.0012645e-05 -0.0006080957 -9.3328655e-09)
(3.2474604e-05 0.00059600767 -5.1484406e-09)
(8.8393911e-06 0.0016475293 -3.2189831e-09)
(-4.3796548e-06 0.0024758368 -2.514111e-09)
(-1.0072007e-05 0.0031228814 -2.3195645e-09)
(-9.8812444e-06 0.0035002562 -2.2509577e-09)
(-6.0624805e-06 0.0038353336 -2.1598114e-09)
(1.9836989e-06 0.0037388454 -1.834119e-09)
(0.014834338 0.025022683 -6.8855988e-07)
(0.0045753702 -0.0034299247 -9.205834e-07)
(0.0021987176 0.048936991 -8.9694585e-07)
(0.00055807915 0.048983756 -8.1090916e-07)
(-0.00093085407 0.063007746 -7.4525394e-07)
(-0.0020614364 0.073697248 -6.6372459e-07)
(-0.0027094178 0.080653496 -5.9056319e-07)
(-0.0029368562 0.085930442 -5.2370925e-07)
(-0.0029064213 0.089889919 -4.6343596e-07)
(-0.0027519757 0.092441108 -4.0867661e-07)
(-0.0025431588 0.093796929 -3.5916225e-07)
(-0.0023007042 0.094011472 -3.0209335e-07)
(-0.0020630823 0.093652492 -2.6744465e-07)
(-0.0018419867 0.092572661 -2.2599463e-07)
(-0.0016268564 0.09110735 -1.8363585e-07)
(-0.0014299655 0.089437996 -1.4045561e-07)
(-0.0012493562 0.0875479 -9.7233609e-08)
(-0.0010821856 0.085514767 -5.9199145e-08)
(-0.00092321275 0.083301577 -3.1430895e-08)
(-0.00077153584 0.080998114 -1.4889978e-08)
(-0.00062494796 0.078597816 -6.8800006e-09)
(-0.00048220435 0.076396349 -3.7303536e-09)
(-0.00034090486 0.073840204 -2.6716115e-09)
(-0.00020207881 0.072097284 -2.5179047e-09)
(-6.1476656e-05 0.068365801 -1.4452361e-09)
(-0.0018203217 1.1799415 -2.5096802e-06)
(-0.00086128831 0.97055557 -1.982184e-06)
(-0.0010985739 0.87684752 -1.5907822e-06)
(-0.00070431338 0.78675377 -1.2871672e-06)
(-0.0005743129 0.69416094 -1.0601377e-06)
(-0.00048200109 0.60674241 -8.9003685e-07)
(-0.00039733414 0.53175997 -7.6471124e-07)
(-0.00033137037 0.47060424 -6.6429185e-07)
(-0.00027510907 0.42031548 -5.8361441e-07)
(-0.00022632533 0.37768843 -5.1573239e-07)
(-0.00018654842 0.34093983 -4.5826987e-07)
(-0.00015583325 0.30922668 -4.0608764e-07)
(-0.00013014862 0.28201355 -3.5840476e-07)
(-0.00010769524 0.25860512 -3.129731e-07)
(-8.9202827e-05 0.23836394 -2.7511898e-07)
(-7.1969407e-05 0.22081241 -2.4210047e-07)
(-5.5673684e-05 0.20548021 -2.004641e-07)
(-4.2987604e-05 0.192065 -1.4483468e-07)
(-3.4216024e-05 0.1802209 -8.6309352e-08)
(-2.7308564e-05 0.1699269 -3.9967252e-08)
(-2.1349069e-05 0.16062626 -1.2041967e-08)
(-1.6049162e-05 0.15298887 7.3900311e-10)
(-1.1120892e-05 0.14525908 4.9737951e-09)
(-6.5367164e-06 0.14063569 5.0781854e-09)
(-1.9937107e-06 0.13233654 5.4462597e-09)
(-0.01363806 0.093969253 -1.1351975e-06)
(-0.0037543349 0.099782041 -1.1413461e-06)
(-0.0015967572 0.10595771 -1.067113e-06)
(-6.1736499e-05 0.10701185 -9.6048442e-07)
(0.0013342684 0.10859725 -8.5063527e-07)
(0.002378666 0.11034418 -7.4803395e-07)
(0.0029596887 0.11157255 -6.5855318e-07)
(0.003142021 0.11245761 -5.5716021e-07)
(0.00306026 0.11280432 -4.9459859e-07)
(0.0028759729 0.1124737 -4.4644841e-07)
(0.0026645153 0.1112366 -3.8865511e-07)
(0.0024245089 0.10946839 -3.3378518e-07)
(0.002175332 0.10741881 -2.841744e-07)
(0.0019336793 0.10512705 -2.3782985e-07)
(0.0017074517 0.10260782 -1.9316316e-07)
(0.0014992156 0.099951369 -1.4772579e-07)
(0.0013044845 0.097059571 -1.020792e-07)
(0.0011249935 0.094057472 -6.1653341e-08)
(0.00095755369 0.091074353 -3.200927e-08)
(0.00079907147 0.088207937 -1.432316e-08)
(0.00064656724 0.0853304 -5.7884605e-09)
(0.00049846855 0.082739704 -2.5040457e-09)
(0.00035219183 0.079810838 -1.4965518e-09)
(0.00020875451 0.077857741 -1.5160359e-09)
(6.3739514e-05 0.07375958 -5.5553763e-10)
(-0.0093489056 -0.042380176 -5.8006312e-07)
(-0.0081876345 -0.041901676 -5.8870627e-07)
(-0.0069600939 -0.041201755 -5.4391024e-07)
(-0.0057101678 -0.039298143 -4.8455862e-07)
(-0.0045548303 -0.036015928 -4.2269947e-07)
(-0.0035340068 -0.031862745 -3.6397337e-07)
(-0.0026824976 -0.02727417 -3.0872731e-07)
(-0.0019967519 -0.022707255 -2.5654576e-07)
(-0.0014571098 -0.018448906 -2.1799798e-07)
(-0.0010386085 -0.014531854 -1.8424563e-07)
(-0.00071483721 -0.011030641 -1.5188459e-07)
(-0.00046695867 -0.0079554166 -1.2194035e-07)
(-0.00028332051 -0.0052886458 -9.4894969e-08)
(-0.0001496904 -0.0030093324 -7.096364e-08)
(-5.3467246e-05 -0.0010901983 -5.0311458e-08)
(1.3503194e-05 0.00062481426 -3.331001e-08)
(5.5461271e-05 0.002181883 -2.0338931e-08)
(8.0312943e-05 0.0035694408 -1.1629324e-08)
(9.135937e-05 0.0047242018 -6.6184585e-09)
(9.1624669e-05 0.0056578493 -4.1625128e-09)
(8.3603298e-05 0.0063566563 -3.120248e-09)
(6.9745157e-05 0.0068787019 -2.6972456e-09)
(5.1251693e-05 0.0071274787 -2.4581228e-09)
(3.0165349e-05 0.0073492119 -2.226247e-09)
(5.5351977e-06 0.0070838546 -1.772359e-09)
(-0.0038217736 -0.017043983 -2.1005707e-07)
(-0.0037977926 -0.019410452 -2.1088813e-07)
(-0.0036891774 -0.022202501 -1.8705917e-07)
(-0.0034844895 -0.024465113 -1.5850997e-07)
(-0.0032147681 -0.026135343 -1.3043999e-07)
(-0.0029005942 -0.027253595 -1.0534677e-07)
(-0.0025760474 -0.027796016 -8.7829932e-08)
(-0.0022640791 -0.027800854 -6.9091791e-08)
(-0.0019793604 -0.027359818 -5.3569651e-08)
(-0.0017239135 -0.026655486 -4.0909259e-08)
(-0.0014964935 -0.025796143 -3.0400037e-08)
(-0.0012963493 -0.02484376 -2.1516127e-08)
(-0.0011203288 -0.02384183 -1.4274287e-08)
(-0.00096574772 -0.02282349 -8.6588936e-09)
(-0.00083077266 -0.021818627 -4.5777722e-09)
(-0.00071188193 -0.02083041 -1.8649599e-09)
(-0.00060338729 -0.01987651 -2.6716783e-10)
(-0.00050695931 -0.018967486 5.0138187e-10)
(-0.00042053508 -0.018111972 7.492537e-10)
(-0.00034223042 -0.017312833 7.3534104e-10)
(-0.00027050564 -0.016575009 6.2916579e-10)
(-0.00020398871 -0.015897958 5.2138167e-10)
(-0.00014179808 -0.01530354 4.53302e-10)
(-8.2969869e-05 -0.014679893 4.0527169e-10)
(-2.7624715e-05 -0.013988254 2.4088871e-10)
(-0.00037754587 -0.003678923 -5.987446e-08)
(-0.00056685473 -0.0045067408 -5.7600733e-08)
(-0.0007760769 -0.0053569261 -4.801336e-08)
(-0.00093438338 -0.0061627245 -3.7745854e-08)
(-0.001025167 -0.0069207459 -2.8492733e-08)
(-0.0010642344 -0.0076166612 -2.0851036e-08)
(-0.0010653239 -0.008243959 -1.5246244e-08)
(-0.001040059 -0.0089188391 -1.0458336e-08)
(-0.00099240556 -0.0096448712 -6.5663067e-09)
(-0.00092998473 -0.010287725 -3.5918528e-09)
(-0.0008596212 -0.010819159 -1.4552069e-09)
(-0.00078640383 -0.011241803 1.1355267e-10)
(-0.00071259163 -0.011562354 1.2184618e-09)
(-0.0006401419 -0.011791926 1.9160153e-09)
(-0.00057052429 -0.011941596 2.2738502e-09)
(-0.0005038475 -0.012020136 2.3778967e-09)
(-0.0004401369 -0.012035563 2.318638e-09)
(-0.00037928499 -0.011996002 2.1668787e-09)
(-0.00032114996 -0.011905761 1.9781868e-09)
(-0.00026558967 -0.01176923 1.786687e-09)
(-0.00021245305 -0.011590442 1.6095962e-09)
(-0.00016156914 -0.011376267 1.4535354e-09)
(-0.00011273156 -0.011140035 1.3081416e-09)
(-6.5457154e-05 -0.010829367 1.0915606e-09)
(-1.9796281e-05 -0.010355331 6.0182282e-10)
(0.00036083847 0.00010436733 -1.3039751e-08)
(0.00035849338 -5.6937864e-05 -1.1286661e-08)
(0.00028111944 -0.00030939035 -8.4123257e-09)
(0.00017327009 -0.00060692072 -5.7568962e-09)
(7.1640518e-05 -0.00093399342 -3.5914068e-09)
(-1.6271651e-05 -0.0012678431 -1.9373395e-09)
(-8.7251852e-05 -0.0015951626 -7.5906754e-10)
(-0.00014787635 -0.0019050862 1.2993713e-10)
(-0.0001878836 -0.0021914576 7.9254114e-10)
(-0.0002100235 -0.0024464434 1.2542443e-09)
(-0.00021859514 -0.0026700966 1.5292528e-09)
(-0.00021753816 -0.0028627043 1.6789448e-09)
(-0.00020953364 -0.003025736 1.7383845e-09)
(-0.00019683892 -0.0031610287 1.7274072e-09)
(-0.00018150731 -0.0032700666 1.6646197e-09)
(-0.00016429291 -0.0033546531 1.5700643e-09)
(-0.00014615935 -0.0034163476 1.4608719e-09)
(-0.00012777692 -0.0034562006 1.3480306e-09)
(-0.00010943029 -0.0034751049 1.2385412e-09)
(-9.1293672e-05 -0.0034736072 1.1367345e-09)
(-7.3496539e-05 -0.0034525409 1.0411245e-09)
(-5.6137972e-05 -0.0034136539 9.5220733e-10)
(-3.925639e-05 -0.0033620506 8.5846177e-10)
(-2.2681699e-05 -0.0032854985 7.0483243e-10)
(-6.3242704e-06 -0.0031383867 3.6126763e-10)
(0.00036103689 0.00055233767 -2.5429087e-09)
(0.00037681342 0.00066285233 -1.7812617e-09)
(0.00036104895 0.00072132586 -1.0479928e-09)
(0.00031936232 0.00072664411 -4.6999816e-10)
(0.00026329179 0.00068891646 -4.1360747e-11)
(0.00020902729 0.00062312109 2.633764e-10)
(0.00016231921 0.00053981224 4.6925445e-10)
(0.000124319 0.00044805946 6.0890809e-10)
(8.9118465e-05 0.00036335599 6.9880927e-10)
(5.9618623e-05 0.00028671697 7.5026484e-10)
(3.6481196e-05 0.00021619953 7.6771055e-10)
(1.9737765e-05 0.00015386119 7.6220921e-10)
(8.6580028e-06 9.9403335e-05 7.4187891e-10)
(2.1655489e-06 5.3271537e-05 7.1151495e-10)
(-1.8666184e-06 1.4841153e-05 6.746759e-10)
(-4.4191068e-06 -1.6634159e-05 6.3473917e-10)
(-5.7927543e-06 -4.2651383e-05 5.9418853e-10)
(-6.3978117e-06 -6.361633e-05 5.5430665e-10)
(-6.3285847e-06 -7.9905166e-05 5.1572202e-10)
(-5.7769021e-06 -9.2197899e-05 4.7885317e-10)
(-4.905514e-06 -0.00010101089 4.4335874e-10)
(-3.8503536e-06 -0.00010649455 4.0834646e-10)
(-2.7162495e-06 -0.00011002336 3.6758829e-10)
(-1.5253543e-06 -0.00010907907 3.0033191e-10)
(-1.7991797e-07 -0.00010610886 1.8371072e-10)
(0.00020578362 0.00040781598 -1.0397997e-09)
(0.0002523636 0.0005206074 -6.460325e-10)
(0.00026756851 0.00061859725 -3.9121555e-10)
(0.00025958914 0.00070073867 -2.179374e-10)
(0.00023473481 0.00075639183 -9.4371147e-11)
(0.0002008973 0.00078545219 -5.5832643e-12)
(0.00016387191 0.00079056874 5.7210651e-11)
(0.00013104216 0.00077955333 1.0121063e-10)
(0.0001024517 0.00075778378 1.3100293e-10)
(7.7304501e-05 0.00073073623 1.5034665e-10)
(5.6010344e-05 0.00070352248 1.6105522e-10)
(3.8791363e-05 0.0006771761 1.6546999e-10)
(2.5412194e-05 0.00065361113 1.6582908e-10)
(1.5618725e-05 0.0006319581 1.6358992e-10)
(8.6653626e-06 0.00061213117 1.5942278e-10)
(3.6479039e-06 0.00059512992 1.5398433e-10)
(3.8356777e-07 0.00058038727 1.4782043e-10)
(-1.4327001e-06 0.00056734846 1.411705e-10)
(-2.5068102e-06 0.00055544381 1.341464e-10)
(-2.9231364e-06 0.00054395977 1.2684985e-10)
(-2.8446613e-06 0.00053244494 1.1925845e-10)
(-2.4318658e-06 0.00052055723 1.1082567e-10)
(-1.8136902e-06 0.00050804148 9.890524e-11)
(-1.1002753e-06 0.00049435229 7.7525641e-11)
(-2.9534882e-07 0.00047228845 5.1555575e-11)
(7.4656193e-05 0.00014485682 -7.9885957e-10)
(0.00012570159 0.00022416568 -5.5827795e-10)
(0.00015320862 0.00029622448 -4.1607722e-10)
(0.00016213827 0.00035745402 -3.2131303e-10)
(0.00015691192 0.00040673735 -2.5123371e-10)
(0.00014303407 0.00044171423 -1.969161e-10)
(0.00012463722 0.0004587466 -1.5422969e-10)
(0.00010544061 0.00046251852 -1.2069678e-10)
(8.683754e-05 0.00045711953 -9.4383242e-11)
(6.9049718e-05 0.00044516254 -7.353032e-11)
(5.2473528e-05 0.00042894313 -5.7189527e-11)
(3.7297738e-05 0.00041037869 -4.4486232e-11)
(2.3653672e-05 0.00039035602 -3.4273896e-11)
(1.1433103e-05 0.00036987631 -2.5848963e-11)
(2.8470991e-06 0.00035052751 -1.8948089e-11)
(-2.7297316e-06 0.00033290318 -1.3316047e-11)
(-5.933361e-06 0.00031696986 -8.6957302e-12)
(-7.5436581e-06 0.00030236853 -4.9489761e-12)
(-7.9244561e-06 0.00028923445 -1.9809507e-12)
(-7.5992195e-06 0.00027773543 3.0269817e-13)
(-6.7789498e-06 0.00026744747 1.9378425e-12)
(-5.5940559e-06 0.00025814566 2.7023215e-12)
(-4.1430655e-06 0.00024974182 1.6583477e-12)
(-2.5419991e-06 0.00024203511 -2.2120943e-12)
(-8.9484853e-07 0.0002305037 -3.9853542e-12)
(5.1498175e-06 -4.1292594e-05 -4.8880272e-10)
(5.1890949e-05 -7.5732573e-06 -3.657234e-10)
(8.1676929e-05 2.9287504e-05 -2.9163801e-10)
(9.7294415e-05 6.2478108e-05 -2.4135043e-10)
(0.0001019829 8.9414388e-05 -2.0162243e-10)
(9.936924e-05 0.00010864194 -1.6905449e-10)
(9.2296108e-05 0.00012046471 -1.4239126e-10)
(8.2848627e-05 0.00012510158 -1.2058036e-10)
(7.2252274e-05 0.00012373093 -1.0277639e-10)
(6.1146365e-05 0.00011854871 -8.8000795e-11)
(4.9927404e-05 0.0001088752 -7.5730924e-11)
(3.9003113e-05 9.5247759e-05 -6.5594747e-11)
(2.8744741e-05 7.9032992e-05 -5.6947276e-11)
(1.9364728e-05 6.3472876e-05 -4.9422812e-11)
(1.1700458e-05 4.8804242e-05 -4.2881322e-11)
(5.6192223e-06 3.3705751e-05 -3.7204862e-11)
(8.6441596e-07 1.9651721e-05 -3.227105e-11)
(-2.425347e-06 7.2754047e-06 -2.8003682e-11)
(-4.0653231e-06 -3.2680372e-06 -2.4332967e-11)
(-4.696964e-06 -1.217423e-05 -2.118676e-11)
(-4.6349639e-06 -1.9278135e-05 -1.8533662e-11)
(-4.0622255e-06 -2.4642941e-05 -1.6454573e-11)
(-3.1215047e-06 -2.9019809e-05 -1.5219571e-11)
(-1.934902e-06 -2.7467971e-05 -1.4682933e-11)
(-6.7136104e-07 -3.0809313e-05 -1.1491732e-11)
(-2.0035141e-05 -0.00010859481 -1.7773348e-10)
(2.1059391e-05 -9.8812061e-05 -1.3754841e-10)
(4.9661716e-05 -8.503562e-05 -1.1087272e-10)
(6.740936e-05 -7.0348015e-05 -9.4061745e-11)
(7.6529536e-05 -5.7863985e-05 -8.0685172e-11)
(7.9457313e-05 -4.8908138e-05 -6.9154e-11)
(7.8091602e-05 -4.3165895e-05 -5.9538277e-11)
(7.4018514e-05 -4.0066652e-05 -5.1581118e-11)
(6.8109884e-05 -3.9863598e-05 -4.4768181e-11)
(6.1064907e-05 -4.3210564e-05 -3.8772748e-11)
(5.3564329e-05 -4.9289876e-05 -3.3619479e-11)
(4.6017335e-05 -5.7179256e-05 -2.9371865e-11)
(3.8794394e-05 -6.6773e-05 -2.5694301e-11)
(3.2423766e-05 -7.7118985e-05 -2.2396301e-11)
(2.5961521e-05 -8.7586325e-05 -1.9466002e-11)
(1.99718e-05 -9.8679115e-05 -1.6879505e-11)
(1.4570736e-05 -0.00010924529 -1.4614764e-11)
(1.0268242e-05 -0.00011811365 -1.265085e-11)
(6.8476216e-06 -0.00012565667 -1.0958182e-11)
(4.3615746e-06 -0.00013177351 -9.5044668e-12)
(2.6426853e-06 -0.00013616975 -8.2848647e-12)
(1.5207865e-06 -0.00013865879 -7.3342121e-12)
(8.3362298e-07 -0.00013984954 -6.6847034e-12)
(4.4201263e-07 -0.00013494018 -6.0143334e-12)
(1.6799947e-07 -0.00013274487 -3.3593278e-12)
(-2.5095183e-05 -0.00010202366 2.1027815e-11)
(1.0689432e-05 -9.6783086e-05 1.6770393e-11)
(3.7156702e-05 -9.1785163e-05 1.7320391e-11)
(5.5114887e-05 -8.5846883e-05 1.643509e-11)
(6.6011337e-05 -7.9763274e-05 1.4578801e-11)
(7.147722e-05 -7.4494742e-05 1.2213421e-11)
(7.3085411e-05 -7.0223399e-05 9.9279811e-12)
(7.200915e-05 -6.7229501e-05 8.0733252e-12)
(6.8985673e-05 -6.6082881e-05 6.8433316e-12)
(6.4546582e-05 -6.66883e-05 6.0673541e-12)
(5.9229931e-05 -6.9107921e-05 5.5684119e-12)
(5.3483657e-05 -7.3465737e-05 5.1895022e-12)
(4.7649657e-05 -7.9143011e-05 4.9238917e-12)
(4.1944662e-05 -8.5299105e-05 4.7775881e-12)
(3.6299446e-05 -9.2027025e-05 4.7037976e-12)
(3.0940777e-05 -9.8681646e-05 4.649581e-12)
(2.6070325e-05 -0.00010495078 4.5972986e-12)
(2.1527117e-05 -0.00011097172 4.5218945e-12)
(1.7289231e-05 -0.00011625492 4.4153733e-12)
(1.3549279e-05 -0.00012048559 4.2787832e-12)
(1.0314348e-05 -0.00012340407 4.0885125e-12)
(7.5246625e-06 -0.00012499247 3.8336342e-12)
(5.1000203e-06 -0.00012560809 3.5257267e-12)
(2.9287204e-06 -0.00012167308 3.2067816e-12)
(9.1233421e-07 -0.00011823468 2.7349446e-12)
(-2.3558788e-05 -6.7390187e-05 9.7082742e-11)
(6.8780737e-06 -6.2697284e-05 7.8172034e-11)
(3.0699812e-05 -5.668949e-05 6.9139446e-11)
(4.8027189e-05 -5.0071865e-05 6.164491e-11)
(5.9689069e-05 -4.4018106e-05 5.4343764e-11)
(6.6653336e-05 -3.8504883e-05 4.724391e-11)
(7.0068154e-05 -3.3142104e-05 4.0865045e-11)
(7.0819091e-05 -2.8603651e-05 3.5419247e-11)
(6.9586181e-05 -2.5643303e-05 3.1030189e-11)
(6.6851781e-05 -2.4105084e-05 2.7495038e-11)
(6.304348e-05 -2.3901868e-05 2.4528775e-11)
(5.8541418e-05 -2.5168899e-05 2.2024765e-11)
(5.3693828e-05 -2.7611444e-05 1.9917952e-11)
(4.8657684e-05 -3.092831e-05 1.813233e-11)
(4.350184e-05 -3.4672441e-05 1.6585393e-11)
(3.8363446e-05 -3.848211e-05 1.5221986e-11)
(3.3351176e-05 -4.2269348e-05 1.4015456e-11)
(2.8471652e-05 -4.5912469e-05 1.2926304e-11)
(2.3766776e-05 -4.9392779e-05 1.1927821e-11)
(1.9335694e-05 -5.2590573e-05 1.0998982e-11)
(1.5222211e-05 -5.5187919e-05 1.0114427e-11)
(1.1418957e-05 -5.6963271e-05 9.2639752e-12)
(7.9146998e-06 -5.820741e-05 8.4303756e-12)
(4.596481e-06 -5.5001991e-05 7.3777077e-12)
(1.3356047e-06 -5.5232737e-05 4.9382552e-12)
(-2.1571518e-05 -3.455222e-05 9.7814945e-11)
(3.9711754e-06 -2.6732446e-05 7.946132e-11)
(2.4940964e-05 -1.8681423e-05 6.9264326e-11)
(4.1085775e-05 -1.0264763e-05 6.1663266e-11)
(5.2818743e-05 -1.4809079e-06 5.4856146e-11)
(6.0740363e-05 7.3093449e-06 4.8277426e-11)
(6.5189e-05 1.4571825e-05 4.2286251e-11)
(6.6901534e-05 2.0292394e-05 3.7100157e-11)
(6.6668486e-05 2.5104979e-05 3.2723408e-11)
(6.5022138e-05 2.8198838e-05 2.9072317e-11)
(6.2327495e-05 2.9880321e-05 2.5950898e-11)
(5.8877969e-05 3.0705803e-05 2.3286642e-11)
(5.4925548e-05 3.0737483e-05 2.1005053e-11)
(5.0625236e-05 3.0144883e-05 1.9021776e-11)
(4.6073238e-05 2.8951386e-05 1.730448e-11)
(4.136927e-05 2.7296224e-05 1.5801249e-11)
(3.6605431e-05 2.5284742e-05 1.446784e-11)
(3.182492e-05 2.3000425e-05 1.3273115e-11)
(2.7081449e-05 2.0553876e-05 1.2186951e-11)
(2.243943e-05 1.8056637e-05 1.1186645e-11)
(1.7949522e-05 1.5676607e-05 1.0252367e-11)
(1.3633418e-05 1.3583554e-05 9.3692935e-12)
(9.4852728e-06 1.1228817e-05 8.4988407e-12)
(5.4858064e-06 1.3456397e-05 7.2726139e-12)
(1.7029591e-06 9.9736018e-06 4.6663124e-12)
(-2.2015755e-05 -1.1266271e-05 6.7108068e-11)
(-6.8730226e-07 -1.8280922e-06 5.5341255e-11)
(1.7524914e-05 7.480286e-06 4.7428544e-11)
(3.2164277e-05 1.6944408e-05 4.1990394e-11)
(4.3295792e-05 2.6447276e-05 3.7785664e-11)
(5.1311457e-05 3.5441635e-05 3.3694625e-11)
(5.6397342e-05 4.3733363e-05 2.9781759e-11)
(5.8907912e-05 5.0871934e-05 2.6356793e-11)
(5.9508684e-05 5.6650164e-05 2.3389034e-11)
(5.8832148e-05 6.1471097e-05 2.08204e-11)
(5.7176278e-05 6.5359777e-05 1.8621589e-11)
(5.4761585e-05 6.8045986e-05 1.676652e-11)
(5.1731837e-05 6.9700448e-05 1.517993e-11)
(4.8239253e-05 7.0611807e-05 1.3808851e-11)
(4.439995e-05 7.0877875e-05 1.2633564e-11)
(4.0305942e-05 7.0576618e-05 1.1601366e-11)
(3.6040693e-05 6.9797823e-05 1.0668623e-11)
(3.1671864e-05 6.8617939e-05 9.8191498e-12)
(2.7253195e-05 6.7144056e-05 9.0419986e-12)
(2.2826957e-05 6.5458324e-05 8.3228354e-12)
(1.8435225e-05 6.362166e-05 7.6456784e-12)
(1.4108243e-05 6.1824396e-05 6.9984865e-12)
(9.8451119e-06 5.8414117e-05 6.3389882e-12)
(5.7151974e-06 5.9711146e-05 5.2636008e-12)
(1.8983736e-06 5.5086422e-05 3.4238384e-12)
(-2.4608642e-05 -3.0512986e-07 3.2462288e-11)
(-6.9261148e-06 6.5950818e-06 2.8694775e-11)
(8.6577745e-06 1.6681674e-05 2.4503642e-11)
(2.1641633e-05 2.6948581e-05 2.1398735e-11)
(3.1857971e-05 3.682118e-05 1.9252439e-11)
(3.942488e-05 4.5346708e-05 1.7499301e-11)
(4.4841574e-05 5.2932282e-05 1.5813703e-11)
(4.8277686e-05 6.0205155e-05 1.4173231e-11)
(4.9921243e-05 6.6573696e-05 1.2699155e-11)
(5.0233297e-05 7.2126133e-05 1.1414282e-11)
(4.9565973e-05 7.7121436e-05 1.0303591e-11)
(4.8116366e-05 8.1114052e-05 9.3664748e-12)
(4.600073e-05 8.410463e-05 8.5668672e-12)
(4.3352965e-05 8.6322973e-05 7.875361e-12)
(4.0289339e-05 8.78376e-05 7.2793719e-12)
(3.6905406e-05 8.8727429e-05 6.7483565e-12)
(3.3277733e-05 8.9035701e-05 6.2610578e-12)
(2.9474038e-05 8.8821839e-05 5.8097889e-12)
(2.5547221e-05 8.8154339e-05 5.3889613e-12)
(2.1544812e-05 8.7097642e-05 4.9893787e-12)
(1.7505532e-05 8.5671925e-05 4.6010956e-12)
(1.3467064e-05 8.4078832e-05 4.2140747e-12)
(9.4690161e-06 8.0776089e-05 3.7991713e-12)
(5.5720906e-06 8.2859026e-05 2.9769175e-12)
(1.8240548e-06 7.6556207e-05 1.9732981e-12)
(-2.7866974e-05 1.8873343e-06 8.0142812e-12)
(-1.3235127e-05 7.6784093e-06 9.7611688e-12)
(5.838395e-09 1.5870128e-05 8.8334582e-12)
(1.1379107e-05 2.4866232e-05 7.5732943e-12)
(2.0672063e-05 3.390789e-05 6.7143189e-12)
(2.7874136e-05 4.2484607e-05 6.1289254e-12)
(3.3282757e-05 4.9888864e-05 5.7311804e-12)
(3.7237886e-05 5.6336836e-05 5.3930322e-12)
(3.9774549e-05 6.2502295e-05 5.0138904e-12)
(4.0951735e-05 6.8065534e-05 4.6195862e-12)
(4.1101464e-05 7.3039315e-05 4.2644269e-12)
(4.0448856e-05 7.7494597e-05 3.9532969e-12)
(3.9135689e-05 8.120218e-05 3.6826089e-12)
(3.7275249e-05 8.4288045e-05 3.4440058e-12)
(3.4973321e-05 8.6658454e-05 3.2380447e-12)
(3.2314963e-05 8.8326166e-05 3.0534696e-12)
(2.9369062e-05 8.9436162e-05 2.8783669e-12)
(2.6193543e-05 9.0031045e-05 2.7103989e-12)
(2.2841023e-05 9.0062927e-05 2.5467038e-12)
(1.9363287e-05 8.9570097e-05 2.3835526e-12)
(1.580408e-05 8.8644801e-05 2.2146376e-12)
(1.2203808e-05 8.7466385e-05 2.0346346e-12)
(8.604576e-06 8.4253026e-05 1.8150509e-12)
(5.0771895e-06 8.651365e-05 1.2108141e-12)
(1.6645777e-06 8.0035391e-05 7.9506104e-13)
(-3.0793349e-05 1.0382838e-07 -2.9929837e-12)
(-1.8591577e-05 4.9551485e-06 3.0045806e-13)
(-7.302354e-06 1.1040976e-05 9.0238079e-13)
(2.6594926e-06 1.8058515e-05 6.6013796e-13)
(1.1083732e-05 2.5624853e-05 4.1913416e-13)
(1.7934036e-05 3.3131719e-05 3.6701573e-13)
(2.324511e-05 4.0217307e-05 4.307571e-13)
(2.7248132e-05 4.6556593e-05 5.7504278e-13)
(3.0150057e-05 5.2082327e-05 7.318659e-13)
(3.1943242e-05 5.7270464e-05 8.3245435e-13)
(3.2737684e-05 6.1917237e-05 8.7682382e-13)
(3.2726995e-05 6.6071399e-05 8.8459696e-13)
(3.2064339e-05 7.0001331e-05 8.7944209e-13)
(3.0873188e-05 7.3332581e-05 8.7748563e-13)
(2.9237235e-05 7.6031531e-05 8.7970613e-13)
(2.7231744e-05 7.813561e-05 8.7915557e-13)
(2.492039e-05 7.9619268e-05 8.7278527e-13)
(2.2358542e-05 8.0582181e-05 8.6022534e-13)
(1.9598174e-05 8.1068568e-05 8.4099934e-13)
(1.6687295e-05 8.1041698e-05 8.1225228e-13)
(1.3671424e-05 8.0577897e-05 7.6823389e-13)
(1.0593651e-05 7.9913128e-05 7.0517481e-13)
(7.4968804e-06 7.6990134e-05 6.1206581e-13)
(4.4293191e-06 7.9281802e-05 1.6275037e-13)
(1.4296112e-06 7.3670266e-05 9.2007181e-14)
(-3.3088438e-05 -2.1122092e-06 -5.1098324e-12)
(-2.284601e-05 1.5774054e-06 -2.477369e-12)
(-1.3161593e-05 5.8679891e-06 -1.5061799e-12)
(-4.4069236e-06 1.1105824e-05 -1.385614e-12)
(3.2100938e-06 1.7106156e-05 -1.3840483e-12)
(9.6099909e-06 2.3111848e-05 -1.2488181e-12)
(1.4782264e-05 2.907095e-05 -1.0733937e-12)
(1.8769162e-05 3.4781053e-05 -9.0605351e-13)
(2.1743333e-05 4.0131856e-05 -7.5029322e-13)
(2.3846696e-05 4.5099157e-05 -5.9776069e-13)
(2.5093602e-05 4.9405902e-05 -4.4769397e-13)
(2.5576668e-05 5.3202713e-05 -3.1515045e-13)
(2.542721e-05 5.6782387e-05 -2.2393883e-13)
(2.4771063e-05 5.9905044e-05 -1.6108134e-13)
(2.3681861e-05 6.2528977e-05 -1.0387761e-13)
(2.2227839e-05 6.4715367e-05 -5.0234692e-14)
(2.0471517e-05 6.6403443e-05 -2.6058355e-15)
(1.8464081e-05 6.7571343e-05 3.5914009e-14)
(1.6256515e-05 6.8283571e-05 6.4480992e-14)
(1.3893878e-05 6.8584426e-05 8.3521861e-14)
(1.1419766e-05 6.8442579e-05 8.852623e-14)
(8.8762235e-06 6.8160201e-05 7.0260378e-14)
(6.3028309e-06 6.5753093e-05 3.5211666e-14)
(3.7304878e-06 6.8339383e-05 -3.2027803e-13)
(1.1968967e-06 6.303829e-05 -2.147513e-13)
(-3.4811307e-05 -3.9301104e-06 -2.7475455e-12)
(-2.6174287e-05 -1.6224116e-06 -1.4387583e-12)
(-1.7838992e-05 1.9962904e-06 -8.7505673e-13)
(-1.0136813e-05 6.2281541e-06 -6.6584163e-13)
(-3.2715182e-06 1.0582453e-05 -6.0860635e-13)
(2.6487775e-06 1.5310966e-05 -5.7863416e-13)
(7.5812493e-06 2.0124873e-05 -5.209415e-13)
(1.1535981e-05 2.4898481e-05 -4.9249978e-13)
(1.4571321e-05 2.9534815e-05 -4.9803014e-13)
(1.6812222e-05 3.3943054e-05 -4.9122005e-13)
(1.8328178e-05 3.8236513e-05 -4.5664993e-13)
(1.9172971e-05 4.2021045e-05 -3.987458e-13)
(1.9442248e-05 4.5135914e-05 -3.4123503e-13)
(1.92095e-05 4.7979236e-05 -2.9810572e-13)
(1.8567569e-05 5.0543712e-05 -2.633467e-13)
(1.7579462e-05 5.267135e-05 -2.3180714e-13)
(1.6300848e-05 5.4323954e-05 -1.9992396e-13)
(1.4787117e-05 5.5550762e-05 -1.6899206e-13)
(1.3080377e-05 5.6386032e-05 -1.4284319e-13)
(1.1222061e-05 5.683601e-05 -1.1954119e-13)
(9.2527369e-06 5.6862644e-05 -1.0384689e-13)
(7.2107151e-06 5.6817902e-05 -1.0897958e-13)
(5.1300529e-06 5.4843898e-05 -1.1806978e-13)
(3.0379174e-06 5.750129e-05 -4.1058215e-13)
(9.7245157e-07 5.2567039e-05 -2.3395838e-13)
(-3.6094879e-05 -4.4869322e-06 1.7090279e-13)
(-2.8775925e-05 -2.8689278e-06 5.29375e-13)
(-2.1587356e-05 -3.2811184e-07 7.2416306e-13)
(-1.48121e-05 2.9269521e-06 8.5387249e-13)
(-8.6481453e-06 6.5067297e-06 8.6361045e-13)
(-3.2150669e-06 1.0292997e-05 7.6214478e-13)
(1.4263734e-06 1.4282705e-05 6.1562393e-13)
(5.2633845e-06 1.8309539e-05 4.7975118e-13)
(8.3211093e-06 2.2253359e-05 3.6607415e-13)
(1.0655549e-05 2.6085313e-05 2.545487e-13)
(1.2346086e-05 2.9800946e-05 1.5543396e-13)
(1.3459392e-05 3.3228717e-05 8.4878034e-14)
(1.4061443e-05 3.6316617e-05 3.7373e-14)
(1.4195821e-05 3.9060276e-05 7.0831459e-15)
(1.3940382e-05 4.146214e-05 -1.2799861e-14)
(1.3361358e-05 4.3442756e-05 -2.8525336e-14)
(1.2506673e-05 4.5025173e-05 -3.7452144e-14)
(1.1431195e-05 4.6306594e-05 -3.897729e-14)
(1.0170049e-05 4.7205844e-05 -3.636373e-14)
(8.7641622e-06 4.7755316e-05 -3.1050862e-14)
(7.2515132e-06 4.7910494e-05 -2.846154e-14)
(5.6653773e-06 4.8041493e-05 -4.32745e-14)
(4.0360142e-06 4.6429401e-05 -4.6849662e-14)
(2.3894129e-06 4.9170268e-05 -3.0477388e-13)
(7.6171807e-07 4.4686797e-05 -1.2672408e-13)
(-3.7068082e-05 -3.9952486e-06 2.4140775e-12)
(-3.0832339e-05 -2.8559417e-06 2.3565723e-12)
(-2.4615067e-05 -1.03926e-06 2.3339167e-12)
(-1.8656351e-05 1.4285686e-06 2.3149e-12)
(-1.3136966e-05 4.4132537e-06 2.2066661e-12)
(-8.1781337e-06 7.6006552e-06 1.9903733e-12)
(-3.8497491e-06 1.092693e-05 1.7283644e-12)
(-1.7994856e-07 1.4409277e-05 1.4661106e-12)
(2.835805e-06 1.7853253e-05 1.244743e-12)
(5.2289364e-06 2.1189458e-05 1.0537828e-12)
(7.0542454e-06 2.4406098e-05 8.7527601e-13)
(8.3702342e-06 2.7469633e-05 7.1482578e-13)
(9.2258854e-06 3.0332102e-05 5.8284979e-13)
(9.6803687e-06 3.2870498e-05 4.8325214e-13)
(9.7728352e-06 3.5012673e-05 4.0870703e-13)
(9.5602526e-06 3.6919952e-05 3.4709674e-13)
(9.0937584e-06 3.8572479e-05 2.9665716e-13)
(8.4065924e-06 3.9831976e-05 2.5783283e-13)
(7.5438963e-06 4.0734974e-05 2.2781708e-13)
(6.5448498e-06 4.1273326e-05 2.0472495e-13)
(5.4417088e-06 4.1442107e-05 1.8358536e-13)
(4.2634562e-06 4.1679231e-05 1.4875821e-13)
(3.0389935e-06 4.0291546e-05 1.3572735e-13)
(1.7984412e-06 4.2967432e-05 -1.0589246e-13)
(5.6966173e-07 3.8723177e-05 3.3012803e-14)
(-3.7811745e-05 -3.0247246e-06 4.0041413e-12)
(-3.2470639e-05 -2.1125769e-06 3.6958354e-12)
(-2.7075071e-05 -7.5348602e-07 3.5282767e-12)
(-2.1829503e-05 1.2409613e-06 3.3557762e-12)
(-1.6893233e-05 3.6606258e-06 3.1039672e-12)
(-1.2380688e-05 6.3872992e-06 2.7807286e-12)
(-8.3647437e-06 9.2636957e-06 2.4628663e-12)
(-4.8821935e-06 1.2251714e-05 2.1675286e-12)
(-1.9412593e-06 1.5313549e-05 1.8853456e-12)
(4.7346461e-07 1.8319384e-05 1.6273112e-12)
(2.3967755e-06 2.1179997e-05 1.4079607e-12)
(3.8689949e-06 2.3894889e-05 1.2184027e-12)
(4.9314209e-06 2.6453347e-05 1.0550221e-12)
(5.6385314e-06 2.8809899e-05 9.2030521e-13)
(6.0271145e-06 3.0862934e-05 8.11442e-13)
(6.1345376e-06 3.2551828e-05 7.2178631e-13)
(6.0074857e-06 3.3943121e-05 6.454583e-13)
(5.6738513e-06 3.5126337e-05 5.8093899e-13)
(5.1794946e-06 3.6028558e-05 5.2619293e-13)
(4.5532972e-06 3.6587448e-05 4.7906748e-13)
(3.820837e-06 3.6782473e-05 4.3578589e-13)
(3.0097167e-06 3.6974556e-05 3.7949027e-13)
(2.1482702e-06 3.5683305e-05 3.4984288e-13)
(1.2690199e-06 3.8277782e-05 1.0589477e-13)
(3.9422021e-07 3.4321389e-05 1.8152703e-13)
(-3.8371914e-05 -1.9582616e-06 4.1492589e-12)
(-3.3775075e-05 -1.1726549e-06 4.0705004e-12)
(-2.9075567e-05 -2.5346585e-08 3.8519986e-12)
(-2.4446936e-05 1.6798779e-06 3.6163674e-12)
(-2.002859e-05 3.6765101e-06 3.3353236e-12)
(-1.5925215e-05 5.9729245e-06 3.0038381e-12)
(-1.220811e-05 8.4752146e-06 2.6907003e-12)
(-8.9184409e-06 1.1097846e-05 2.4092867e-12)
(-6.0720494e-06 1.3786266e-05 2.1474741e-12)
(-3.6663499e-06 1.6456177e-05 1.9017858e-12)
(-1.6811279e-06 1.9054627e-05 1.6775784e-12)
(-8.8569254e-08 2.1541709e-05 1.4852174e-12)
(1.1449113e-06 2.3851171e-05 1.323318e-12)
(2.0558027e-06 2.5954246e-05 1.1836987e-12)
(2.6844431e-06 2.7817089e-05 1.0647943e-12)
(3.0628315e-06 2.9401629e-05 9.6371822e-13)
(3.2226764e-06 3.0689059e-05 8.764896e-13)
(3.2047119e-06 3.166057e-05 7.9987316e-13)
(3.036547e-06 3.2380089e-05 7.3060559e-13)
(2.741975e-06 3.2891749e-05 6.6665275e-13)
(2.3466693e-06 3.3105979e-05 6.0520988e-13)
(1.8755743e-06 3.3269144e-05 5.3512898e-13)
(1.3511818e-06 3.1964552e-05 4.8978743e-13)
(7.9451984e-07 3.4459649e-05 2.3506603e-13)
(2.3469582e-07 3.0798554e-05 2.6853574e-13)
(-3.8803181e-05 -1.1631334e-06 3.3843371e-12)
(-3.4825736e-05 -3.9475721e-07 3.6461215e-12)
(-3.0714358e-05 6.9761833e-07 3.4975668e-12)
(-2.6615401e-05 2.1645992e-06 3.1938183e-12)
(-2.265011e-05 3.9350001e-06 2.9033679e-12)
(-1.8913455e-05 5.9145148e-06 2.6560117e-12)
(-1.5473168e-05 8.0550177e-06 2.431662e-12)
(-1.2372329e-05 1.026341e-05 2.2193137e-12)
(-9.6321294e-06 1.2690668e-05 2.0071537e-12)
(-7.2563463e-06 1.5126091e-05 1.812281e-12)
(-5.2363179e-06 1.7432196e-05 1.6409526e-12)
(-3.5528202e-06 1.9730525e-05 1.4854517e-12)
(-2.1815647e-06 2.1816725e-05 1.3507692e-12)
(-1.0957243e-06 2.3630968e-05 1.2335949e-12)
(-2.6429603e-07 2.5225936e-05 1.1275838e-12)
(3.4378099e-07 2.6604166e-05 1.0301069e-12)
(7.5511022e-07 2.7743515e-05 9.4032779e-13)
(1.0036389e-06 2.8634961e-05 8.5899209e-13)
(1.1100506e-06 2.9295021e-05 7.8505411e-13)
(1.1014185e-06 2.9697456e-05 7.1641819e-13)
(1.0038586e-06 2.983521e-05 6.4987252e-13)
(8.3792533e-07 3.0050549e-05 5.7622609e-13)
(6.2086917e-07 2.8614265e-05 5.2656874e-13)
(3.6772339e-07 3.0816484e-05 2.7067222e-13)
(1.0422447e-07 2.7744842e-05 2.8302881e-13)
(-3.9159864e-05 -6.9504997e-07 2.3056661e-12)
(-3.5693314e-05 1.1552267e-07 2.7736921e-12)
(-3.20747e-05 1.1234242e-06 2.8018174e-12)
(-2.8426559e-05 2.3311352e-06 2.5908672e-12)
(-2.4853581e-05 3.9328112e-06 2.3055993e-12)
(-2.144013e-05 5.7371338e-06 2.0761955e-12)
(-1.8249638e-05 7.6598692e-06 1.9193312e-12)
(-1.5325336e-05 9.6824732e-06 1.7794343e-12)
(-1.269205e-05 1.1648597e-05 1.6393997e-12)
(-1.035765e-05 1.374191e-05 1.5037318e-12)
(-8.3199343e-06 1.5970337e-05 1.3842995e-12)
(-6.5678082e-06 1.7970377e-05 1.2833473e-12)
(-5.0847918e-06 1.9677324e-05 1.1943789e-12)
(-3.8516411e-06 2.1165103e-05 1.1110533e-12)
(-2.8450438e-06 2.2487526e-05 1.030522e-12)
(-2.0395608e-06 2.3649337e-05 9.5134246e-13)
(-1.4094075e-06 2.4644247e-05 8.7378178e-13)
(-9.318866e-07 2.5443415e-05 7.9983986e-13)
(-5.8381008e-07 2.6032919e-05 7.3038897e-13)
(-3.404478e-07 2.6398379e-05 6.6586483e-13)
(-1.8042419e-07 2.6498845e-05 6.0447566e-13)
(-8.4684479e-08 2.6710966e-05 5.3482532e-13)
(-3.4918121e-08 2.5335899e-05 4.926144e-13)
(-1.0695341e-08 2.7385705e-05 2.5087003e-13)
(-1.6878179e-09 2.4637266e-05 2.5724922e-13)
(-3.9457703e-05 -5.6365176e-07 1.4550944e-12)
(-3.6409828e-05 1.5692622e-07 1.8730455e-12)
(-3.3200639e-05 1.0636328e-06 2.0664416e-12)
(-2.9933036e-05 2.1965252e-06 2.01512e-12)
(-2.6696876e-05 3.566639e-06 1.8534225e-12)
(-2.3566119e-05 5.1043497e-06 1.6977125e-12)
(-2.0598441e-05 6.7999788e-06 1.5609356e-12)
(-1.7835396e-05 8.5654393e-06 1.4406744e-12)
(-1.5303264e-05 1.0367648e-05 1.3329443e-12)
(-1.3014503e-05 1.2219848e-05 1.2307225e-12)
(-1.0971573e-05 1.399447e-05 1.136277e-12)
(-9.1695444e-06 1.5540477e-05 1.0555526e-12)
(-7.5981473e-06 1.6954692e-05 9.8619494e-13)
(-6.2433675e-06 1.8291419e-05 9.229307e-13)
(-5.0877819e-06 1.9483699e-05 8.6276524e-13)
(-4.1114555e-06 2.0509746e-05 8.0320916e-13)
(-3.2930649e-06 2.136464e-05 7.4306884e-13)
(-2.6128655e-06 2.2055564e-05 6.8292559e-13)
(-2.0496332e-06 2.2569644e-05 6.2517715e-13)
(-1.5841803e-06 2.2895048e-05 5.715359e-13)
(-1.1988412e-06 2.2963762e-05 5.2141568e-13)
(-8.7541183e-07 2.3157859e-05 4.5814376e-13)
(-5.9576799e-07 2.1950681e-05 4.257815e-13)
(-3.4120486e-07 2.3981028e-05 2.0256083e-13)
(-1.0563133e-07 2.1222256e-05 2.1107856e-13)
(-3.9666509e-05 -7.26278e-07 9.6701806e-13)
(-3.6964125e-05 -1.3280428e-07 1.3007321e-12)
(-3.4095946e-05 6.8741439e-07 1.5263466e-12)
(-3.1149439e-05 1.6528399e-06 1.6325584e-12)
(-2.8201378e-05 2.7928155e-06 1.6009027e-12)
(-2.5316823e-05 4.0961716e-06 1.5118737e-12)
(-2.2547363e-05 5.4951816e-06 1.4046739e-12)
(-1.9931539e-05 7.008554e-06 1.2816929e-12)
(-1.7495804e-05 8.5635264e-06 1.1705296e-12)
(-1.525547e-05 1.0088776e-05 1.0756804e-12)
(-1.3217651e-05 1.1472299e-05 9.8859393e-13)
(-1.1381792e-05 1.2716872e-05 9.0570086e-13)
(-9.7421721e-06 1.3937551e-05 8.2914187e-13)
(-8.2886549e-06 1.5124864e-05 7.6298419e-13)
(-7.0080907e-06 1.6213529e-05 7.0659141e-13)
(-5.8852409e-06 1.7144197e-05 6.5573187e-13)
(-4.9038665e-06 1.7905658e-05 6.0681126e-13)
(-4.0472857e-06 1.8513707e-05 5.5914058e-13)
(-3.2982193e-06 1.8961593e-05 5.1378555e-13)
(-2.6408318e-06 1.9247216e-05 4.7152036e-13)
(-2.0596907e-06 1.9302489e-05 4.3187523e-13)
(-1.5397793e-06 1.9515785e-05 3.7690663e-13)
(-1.0661662e-06 1.8395612e-05 3.5224983e-13)
(-6.2383029e-07 2.0352714e-05 1.4173858e-13)
(-2.0322792e-07 1.787642e-05 1.5852052e-13)
(-3.9736808e-05 -1.0288553e-06 6.0727331e-13)
(-3.7324582e-05 -5.7474185e-07 9.5260467e-13)
(-3.474468e-05 8.3537666e-08 1.1556739e-12)
(-3.2071608e-05 8.2955107e-07 1.3150509e-12)
(-2.9371957e-05 1.7351639e-06 1.361426e-12)
(-2.6702374e-05 2.83082e-06 1.3135036e-12)
(-2.4109274e-05 3.9708171e-06 1.2375165e-12)
(-2.1628394e-05 5.1707545e-06 1.1434231e-12)
(-1.9285369e-05 6.3973653e-06 1.043022e-12)
(-1.7097604e-05 7.5831504e-06 9.5346633e-13)
(-1.5073837e-05 8.71161e-06 8.755917e-13)
(-1.3217904e-05 9.8189469e-06 8.0153368e-13)
(-1.1527433e-05 1.0907078e-05 7.2807349e-13)
(-9.9959198e-06 1.1924352e-05 6.569481e-13)
(-8.6138699e-06 1.2833626e-05 5.9385579e-13)
(-7.3700439e-06 1.3636395e-05 5.3986671e-13)
(-6.2520789e-06 1.4332037e-05 4.9281293e-13)
(-5.2466692e-06 1.4895963e-05 4.5144472e-13)
(-4.3401726e-06 1.5307804e-05 4.1448556e-13)
(-3.5195847e-06 1.5582072e-05 3.8032762e-13)
(-2.7725239e-06 1.5626862e-05 3.4829821e-13)
(-2.0877115e-06 1.5965553e-05 2.9998382e-13)
(-1.454499e-06 1.4818106e-05 2.8316908e-13)
(-8.5716032e-07 1.6424243e-05 8.798275e-14)
(-2.8547445e-07 1.4550335e-05 1.1279455e-13)
(-3.9633573e-05 -1.3563812e-06 1.8718817e-13)
(-3.7468256e-05 -1.0741011e-06 5.9447631e-13)
(-3.5135246e-05 -6.0793143e-07 7.5337641e-13)
(-3.269812e-05 -1.9619795e-08 8.5224158e-13)
(-3.0214795e-05 6.3729819e-07 9.2250968e-13)
(-2.7734867e-05 1.43651e-06 9.3372967e-13)
(-2.5300014e-05 2.3664534e-06 8.9971215e-13)
(-2.294351e-05 3.3143583e-06 8.5674978e-13)
(-2.0690359e-05 4.2534767e-06 8.0956782e-13)
(-1.8558313e-05 5.1395275e-06 7.5705751e-13)
(-1.6557929e-05 6.0640419e-06 7.0333977e-13)
(-1.4694949e-05 7.0406332e-06 6.5173356e-13)
(-1.2970331e-05 7.9608908e-06 6.015183e-13)
(-1.1380916e-05 8.8123532e-06 5.511262e-13)
(-9.9207831e-06 9.5850132e-06 5.0018648e-13)
(-8.5819356e-06 1.0280498e-05 4.5132296e-13)
(-7.354798e-06 1.0882292e-05 4.0767374e-13)
(-6.2290442e-06 1.1361423e-05 3.700715e-13)
(-5.1939459e-06 1.1729721e-05 3.3699912e-13)
(-4.2390365e-06 1.1994336e-05 3.0705864e-13)
(-3.354719e-06 1.2060301e-05 2.7899987e-13)
(-2.5328387e-06 1.2466934e-05 2.3711579e-13)
(-1.7672136e-06 1.1416207e-05 2.2563161e-13)
(-1.0439426e-06 1.2884958e-05 4.4828145e-14)
(-3.5471083e-07 1.1268743e-05 8.0283159e-14)
(-3.9348106e-05 -1.6649104e-06 -3.3174825e-13)
(-3.7393682e-05 -1.568758e-06 1.4214217e-13)
(-3.5273676e-05 -1.3113945e-06 3.2284152e-13)
(-3.3041951e-05 -8.6506904e-07 3.8790394e-13)
(-3.0748585e-05 -3.8421689e-07 4.465144e-13)
(-2.8437703e-05 1.2788058e-07 4.998661e-13)
(-2.6146753e-05 8.0868823e-07 5.1407947e-13)
(-2.3906401e-05 1.5657344e-06 5.0881916e-13)
(-2.1740832e-05 2.3066568e-06 5.051682e-13)
(-1.9667872e-05 2.9742914e-06 4.9937741e-13)
(-1.7699572e-05 3.6857676e-06 4.8405797e-13)
(-1.584244e-05 4.4910448e-06 4.600737e-13)
(-1.4100386e-05 5.2621644e-06 4.3442199e-13)
(-1.2472901e-05 5.9790478e-06 4.0717072e-13)
(-1.0957071e-05 6.6342284e-06 3.7780884e-13)
(-9.5474982e-06 7.2168221e-06 3.4875899e-13)
(-8.2372451e-06 7.7190608e-06 3.2154575e-13)
(-7.0184485e-06 8.1311757e-06 2.9561481e-13)
(-5.8826869e-06 8.4570985e-06 2.705545e-13)
(-4.8214473e-06 8.6973259e-06 2.4670186e-13)
(-3.8267056e-06 8.8125461e-06 2.2287083e-13)
(-2.8917576e-06 9.1002524e-06 1.8869272e-13)
(-2.012099e-06 8.2298298e-06 1.8080906e-13)
(-1.1925138e-06 9.9194779e-06 1.1718868e-14)
(-4.1438908e-07 8.1647872e-06 5.2869239e-14)
(-3.8891473e-05 -1.9884249e-06 -5.7424392e-13)
(-3.7117903e-05 -2.0250013e-06 -1.2015565e-13)
(-3.5182381e-05 -1.9472983e-06 8.4911113e-14)
(-3.3130529e-05 -1.7123515e-06 1.4941587e-13)
(-3.1005535e-05 -1.3845549e-06 1.7274527e-13)
(-2.8846794e-05 -1.0172891e-06 2.1017829e-13)
(-2.6687993e-05 -5.6564781e-07 2.434618e-13)
(-2.4557368e-05 -2.6709807e-08 2.6097468e-13)
(-2.2477899e-05 5.598993e-07 2.7089139e-13)
(-2.0467427e-05 1.1318236e-06 2.8196862e-13)
(-1.8538654e-05 1.6557054e-06 2.9138169e-13)
(-1.669981e-05 2.2375924e-06 2.9295906e-13)
(-1.4955696e-05 2.8791087e-06 2.8667861e-13)
(-1.3308318e-05 3.4739733e-06 2.7620692e-13)
(-1.1756869e-05 4.021503e-06 2.6353619e-13)
(-1.0298335e-05 4.5115783e-06 2.498101e-13)
(-8.9282094e-06 4.9445715e-06 2.3455849e-13)
(-7.6408628e-06 5.3069528e-06 2.1851696e-13)
(-6.429824e-06 5.5964292e-06 2.0234418e-13)
(-5.2882913e-06 5.8172907e-06 1.8647315e-13)
(-4.2091215e-06 5.9440234e-06 1.6947553e-13)
(-3.1857084e-06 6.1884345e-06 1.443324e-13)
(-2.212748e-06 5.4347743e-06 1.4111317e-13)
(-1.3163596e-06 7.1996894e-06 -1.5937558e-14)
(-4.670889e-07 5.4943197e-06 3.362501e-14)
(-3.8285492e-05 -2.336601e-06 -2.61377e-13)
(-3.6668246e-05 -2.4835747e-06 7.2252068e-14)
(-3.489341e-05 -2.524733e-06 1.9516781e-13)
(-3.3000052e-05 -2.4799998e-06 2.4351111e-13)
(-3.1025637e-05 -2.3234069e-06 2.3842818e-13)
(-2.9004868e-05 -2.0783375e-06 2.2011086e-13)
(-2.6968304e-05 -1.7748968e-06 2.1794496e-13)
(-2.4941992e-05 -1.4104713e-06 2.224306e-13)
(-2.2947607e-05 -9.8377113e-07 2.2123647e-13)
(-2.1002478e-05 -5.2151261e-07 2.1670119e-13)
(-1.9119826e-05 -7.4975162e-08 2.1328224e-13)
(-1.7309271e-05 3.6361618e-07 2.0990149e-13)
(-1.5576196e-05 8.4120175e-07 2.0529365e-13)
(-1.3924132e-05 1.3298164e-06 1.9959226e-13)
(-1.2354144e-05 1.7807183e-06 1.9265415e-13)
(-1.0865265e-05 2.1914878e-06 1.8346499e-13)
(-9.4550894e-06 2.5635134e-06 1.7217327e-13)
(-8.1199977e-06 2.8860935e-06 1.6039447e-13)
(-6.8555158e-06 3.1528512e-06 1.4913451e-13)
(-5.6565641e-06 3.3640935e-06 1.3816906e-13)
(-4.5176769e-06 3.501597e-06 1.2543457e-13)
(-3.4333544e-06 3.8049328e-06 1.0489125e-13)
(-2.3992868e-06 3.0861328e-06 1.0623514e-13)
(-1.420492e-06 4.7236651e-06 -3.8321036e-14)
(-4.8383989e-07 3.271066e-06 1.7347041e-14)
(-3.7557877e-05 -2.6362959e-06 3.8138724e-14)
(-3.6076682e-05 -2.8645553e-06 3.0624424e-13)
(-3.4442689e-05 -3.0204788e-06 3.8668465e-13)
(-3.2689735e-05 -3.1030525e-06 4.098629e-13)
(-3.0850591e-05 -3.0729731e-06 3.9850689e-13)
(-2.8955734e-05 -2.9680927e-06 3.6697894e-13)
(-2.7032773e-05 -2.8059588e-06 3.3885837e-13)
(-2.5105893e-05 -2.5618102e-06 3.1551493e-13)
(-2.3195359e-05 -2.2636764e-06 2.9182096e-13)
(-2.1317766e-05 -1.9239962e-06 2.6711923e-13)
(-1.9486543e-05 -1.5621706e-06 2.4332397e-13)
(-1.7711586e-05 -1.2019538e-06 2.2184964e-13)
(-1.5999773e-05 -8.4562702e-07 2.0322954e-13)
(-1.4355418e-05 -4.5877455e-07 1.8715949e-13)
(-1.2780784e-05 -7.6941299e-08 1.7316321e-13)
(-1.1276851e-05 2.6429992e-07 1.6053772e-13)
(-9.8428469e-06 5.7989698e-07 1.4888985e-13)
(-8.4768396e-06 8.6235036e-07 1.3806851e-13)
(-7.1762004e-06 1.1063937e-06 1.2796136e-13)
(-5.9374558e-06 1.3078693e-06 1.1813599e-13)
(-4.7570086e-06 1.4507094e-06 1.0669431e-13)
(-3.6307984e-06 1.7428286e-06 8.7126797e-14)
(-2.5550322e-06 1.1408839e-06 9.0111274e-14)
(-1.5003538e-06 2.7931465e-06 -4.4441307e-14)
(-4.7380477e-07 1.3842266e-06 1.066215e-14)
(-3.6738448e-05 -2.8361095e-06 -1.0513401e-14)
(-3.5376098e-05 -3.1480077e-06 2.9558345e-13)
(-3.3866211e-05 -3.3850597e-06 3.9114681e-13)
(-3.2238176e-05 -3.5300929e-06 4.0743815e-13)
(-3.0520759e-05 -3.5848511e-06 3.9949583e-13)
(-2.8741047e-05 -3.5989018e-06 3.8639202e-13)
(-2.6923971e-05 -3.5413835e-06 3.6342737e-13)
(-2.5091652e-05 -3.3959598e-06 3.3630441e-13)
(-2.3263022e-05 -3.2150359e-06 3.1372741e-13)
(-2.1454013e-05 -2.9890768e-06 2.9120861e-13)
(-1.9677689e-05 -2.725374e-06 2.6733621e-13)
(-1.7944218e-05 -2.4437672e-06 2.4373931e-13)
(-1.6261269e-05 -2.1519786e-06 2.2153279e-13)
(-1.4634175e-05 -1.8706321e-06 2.0112477e-13)
(-1.3066183e-05 -1.5842714e-06 1.8288209e-13)
(-1.1559418e-05 -1.2863508e-06 1.6666592e-13)
(-1.0114406e-05 -1.0116623e-06 1.5262252e-13)
(-8.7306207e-06 -7.587638e-07 1.4041393e-13)
(-7.4066622e-06 -5.3430722e-07 1.2958352e-13)
(-6.1402533e-06 -3.4839542e-07 1.1971707e-13)
(-4.9285182e-06 -2.1278558e-07 1.0893386e-13)
(-3.7674402e-06 5.6046548e-08 8.9355271e-14)
(-2.6504646e-06 -4.3959085e-07 9.2418681e-14)
(-1.55445e-06 1.248658e-06 -3.3433806e-14)
(-4.8463266e-07 -1.4537652e-07 1.701495e-14)
(-3.5855874e-05 -2.933475e-06 -2.1429347e-13)
(-3.4597616e-05 -3.301784e-06 1.4478794e-13)
(-3.3197458e-05 -3.5943094e-06 2.8433851e-13)
(-3.1681e-05 -3.8011588e-06 3.2139709e-13)
(-3.0073505e-05 -3.9353536e-06 3.233925e-13)
(-2.839919e-05 -3.9981027e-06 3.1332727e-13)
(-2.6680561e-05 -3.9983907e-06 2.9424032e-13)
(-2.4937693e-05 -3.9500453e-06 2.7560608e-13)
(-2.3188311e-05 -3.8581996e-06 2.6070576e-13)
(-2.1447649e-05 -3.7202646e-06 2.4607672e-13)
(-1.9728293e-05 -3.5399013e-06 2.2976289e-13)
(-1.8040463e-05 -3.3343177e-06 2.1312091e-13)
(-1.63922e-05 -3.1133591e-06 1.9808921e-13)
(-1.4789507e-05 -2.8866927e-06 1.8445515e-13)
(-1.3236809e-05 -2.6565734e-06 1.7117939e-13)
(-1.1736706e-05 -2.4259608e-06 1.588515e-13)
(-1.0290752e-05 -2.1999327e-06 1.4809192e-13)
(-8.8994177e-06 -1.9748444e-06 1.3839901e-13)
(-7.5620004e-06 -1.7689577e-06 1.2941581e-13)
(-6.2771244e-06 -1.5978229e-06 1.2103471e-13)
(-5.0421171e-06 -1.4702313e-06 1.1184944e-13)
(-3.8528633e-06 -1.2122392e-06 9.3984117e-14)
(-2.7026963e-06 -1.6294849e-06 9.6952006e-14)
(-1.588345e-06 1.2888405e-08 -2.0676889e-14)
(-5.0745962e-07 -1.2772992e-06 2.2937025e-14)
(-3.4936187e-05 -2.965066e-06 -3.3893593e-13)
(-3.3769419e-05 -3.3567299e-06 1.9647711e-14)
(-3.2466554e-05 -3.6774016e-06 1.7597114e-13)
(-3.1049977e-05 -3.9355219e-06 2.414041e-13)
(-2.9541988e-05 -4.1266213e-06 2.6006877e-13)
(-2.7964164e-05 -4.2325643e-06 2.5444448e-13)
(-2.6336725e-05 -4.2902495e-06 2.375025e-13)
(-2.4678103e-05 -4.3161616e-06 2.1921519e-13)
(-2.3004799e-05 -4.2710102e-06 1.9986195e-13)
(-2.1331199e-05 -4.1780768e-06 1.8289541e-13)
(-1.9669464e-05 -4.0595444e-06 1.6950227e-13)
(-1.8029725e-05 -3.91718e-06 1.5824549e-13)
(-1.6420226e-05 -3.755096e-06 1.4996088e-13)
(-1.4847396e-05 -3.573226e-06 1.4372017e-13)
(-1.3316152e-05 -3.3826473e-06 1.3824228e-13)
(-1.1829853e-05 -3.1906585e-06 1.32737e-13)
(-1.039072e-05 -2.9940247e-06 1.2692737e-13)
(-8.9998628e-06 -2.8137562e-06 1.2121054e-13)
(-7.6572806e-06 -2.6461836e-06 1.1573417e-13)
(-6.3622484e-06 -2.4844628e-06 1.1014515e-13)
(-5.1128574e-06 -2.3589507e-06 1.0303774e-13)
(-3.9061445e-06 -2.1079968e-06 8.7871903e-14)
(-2.738438e-06 -2.4715122e-06 9.131783e-14)
(-1.6111847e-06 -9.2933722e-07 -1.7181778e-14)
(-5.2131959e-07 -2.0813559e-06 2.288392e-14)
(-3.4002563e-05 -2.9391886e-06 -4.225212e-13)
(-3.2916566e-05 -3.335207e-06 -8.3257162e-14)
(-3.1700187e-05 -3.6799877e-06 7.6783232e-14)
(-3.037311e-05 -3.9628681e-06 1.5638739e-13)
(-2.8955083e-05 -4.1802451e-06 1.9079309e-13)
(-2.7465344e-05 -4.334305e-06 2.0168597e-13)
(-2.5922161e-05 -4.440555e-06 1.9974539e-13)
(-2.4342458e-05 -4.4991869e-06 1.8634189e-13)
(-2.2741541e-05 -4.4993394e-06 1.6796805e-13)
(-2.1132897e-05 -4.4596739e-06 1.5308429e-13)
(-1.9528284e-05 -4.3886732e-06 1.4191416e-13)
(-1.7937646e-05 -4.2802772e-06 1.3217957e-13)
(-1.6369274e-05 -4.1488492e-06 1.2492766e-13)
(-1.482983e-05 -4.0066529e-06 1.1982807e-13)
(-1.3324539e-05 -3.8526455e-06 1.1503461e-13)
(-1.1857309e-05 -3.693319e-06 1.1026581e-13)
(-1.0430871e-05 -3.5291702e-06 1.0516258e-13)
(-9.0468523e-06 -3.3668104e-06 1.0004705e-13)
(-7.7060415e-06 -3.2099086e-06 9.5426323e-14)
(-6.4082721e-06 -3.0600479e-06 9.1067241e-14)
(-5.152743e-06 -2.9412554e-06 8.5649609e-14)
(-3.9382124e-06 -2.6979344e-06 7.263126e-14)
(-2.7632631e-06 -3.0449749e-06 7.714679e-14)
(-1.6269328e-06 -1.6346677e-06 -2.1274546e-14)
(-5.278505e-07 -2.6223379e-06 1.7718711e-14)
(-3.3075567e-05 -2.854152e-06 -6.0839008e-13)
(-3.206106e-05 -3.2551156e-06 -2.3934816e-13)
(-3.092165e-05 -3.6031304e-06 -6.0206083e-14)
(-2.9674714e-05 -3.894308e-06 3.9781535e-14)
(-2.8337809e-05 -4.1326021e-06 1.0148338e-13)
(-2.6928199e-05 -4.3139971e-06 1.3726381e-13)
(-2.5462448e-05 -4.4438647e-06 1.5674314e-13)
(-2.3956095e-05 -4.53701e-06 1.6460163e-13)
(-2.2423343e-05 -4.5839383e-06 1.6278254e-13)
(-2.0876861e-05 -4.5790706e-06 1.5556516e-13)
(-1.9327889e-05 -4.538593e-06 1.470269e-13)
(-1.7786127e-05 -4.467295e-06 1.3831861e-13)
(-1.6259764e-05 -4.373536e-06 1.2948758e-13)
(-1.4755621e-05 -4.2636092e-06 1.2030014e-13)
(-1.3279164e-05 -4.1374555e-06 1.1092508e-13)
(-1.1834648e-05 -3.9982869e-06 1.0221988e-13)
(-1.0425216e-05 -3.8546479e-06 9.4587141e-14)
(-9.0529971e-06 -3.7110417e-06 8.7835187e-14)
(-7.7193359e-06 -3.5659627e-06 8.173243e-14)
(-6.4247666e-06 -3.4234764e-06 7.6449797e-14)
(-5.1693659e-06 -3.3139997e-06 7.1151276e-14)
(-3.9530829e-06 -3.066674e-06 5.8781398e-14)
(-2.7757939e-06 -3.4135731e-06 6.3712574e-14)
(-1.6358294e-06 -2.1532877e-06 -2.4764606e-14)
(-5.3129322e-07 -2.9432469e-06 1.2965241e-14)
(-3.2173316e-05 -2.7156218e-06 -8.5185053e-13)
(-3.122205e-05 -3.1116291e-06 -4.1268554e-13)
(-3.0151019e-05 -3.4604532e-06 -1.8219901e-13)
(-2.8975646e-05 -3.7543988e-06 -4.9198177e-14)
(-2.7711643e-05 -4.0030944e-06 3.6880121e-14)
(-2.6374585e-05 -4.2061218e-06 9.3569377e-14)
(-2.4979544e-05 -4.3459093e-06 1.271524e-13)
(-2.3540794e-05 -4.4465904e-06 1.4528745e-13)
(-2.2071527e-05 -4.5190081e-06 1.5317388e-13)
(-2.0583693e-05 -4.5461968e-06 1.5299517e-13)
(-1.9087977e-05 -4.538981e-06 1.4824856e-13)
(-1.7593759e-05 -4.5014771e-06 1.4120895e-13)
(-1.6109107e-05 -4.4359608e-06 1.3177051e-13)
(-1.4640862e-05 -4.3502953e-06 1.2096339e-13)
(-1.3194656e-05 -4.2499102e-06 1.1002513e-13)
(-1.1775001e-05 -4.1354218e-06 9.9577725e-14)
(-1.0385376e-05 -4.0130908e-06 9.0300717e-14)
(-9.0283748e-06 -3.8863863e-06 8.2113614e-14)
(-7.7057836e-06 -3.7551928e-06 7.478938e-14)
(-6.418713e-06 -3.6251795e-06 6.8491032e-14)
(-5.1677944e-06 -3.5180437e-06 6.2437392e-14)
(-3.953451e-06 -3.276839e-06 5.0495375e-14)
(-2.776314e-06 -3.6013519e-06 5.534696e-14)
(-1.6373874e-06 -2.4766957e-06 -2.4051539e-14)
(-5.3373524e-07 -3.105677e-06 1.0945717e-14)
(-3.1311524e-05 -2.5595475e-06 -9.0931503e-13)
(-3.0416012e-05 -2.9257362e-06 -4.4644028e-13)
(-2.9405481e-05 -3.2540065e-06 -1.9608104e-13)
(-2.8293727e-05 -3.5469753e-06 -5.4765609e-14)
(-2.7094895e-05 -3.7952048e-06 2.6209396e-14)
(-2.5823111e-05 -3.9982008e-06 7.4182578e-14)
(-2.4492131e-05 -4.1523387e-06 1.0086251e-13)
(-2.3115105e-05 -4.2659572e-06 1.1388796e-13)
(-2.1704295e-05 -4.3471573e-06 1.1977941e-13)
(-2.0270998e-05 -4.3931026e-06 1.2043489e-13)
(-1.882538e-05 -4.4056966e-06 1.1732936e-13)
(-1.7376475e-05 -4.389049e-06 1.1262568e-13)
(-1.5932181e-05 -4.3469031e-06 1.0666976e-13)
(-1.4499281e-05 -4.2838501e-06 9.9707145e-14)
(-1.3083501e-05 -4.2041123e-06 9.2323647e-14)
(-1.1689545e-05 -4.1107284e-06 8.4817764e-14)
(-1.032119e-05 -4.0072099e-06 7.7476464e-14)
(-8.9813872e-06 -3.8968158e-06 7.0596724e-14)
(-7.6723362e-06 -3.782056e-06 6.44163e-14)
(-6.3956045e-06 -3.66862e-06 5.9085359e-14)
(-5.1522598e-06 -3.5687123e-06 5.3631954e-14)
(-3.9430787e-06 -3.3678215e-06 4.3307931e-14)
(-2.7693137e-06 -3.6247433e-06 4.7999223e-14)
(-1.6335841e-06 -2.5676352e-06 -2.2681122e-14)
(-5.333225e-07 -3.2201638e-06 9.7095966e-15)
(-3.0503499e-05 -2.362767e-06 -8.1238856e-13)
(-2.9656876e-05 -2.7050748e-06 -4.0407176e-13)
(-2.8699564e-05 -3.0129374e-06 -1.8982625e-13)
(-2.7643995e-05 -3.2864416e-06 -7.4390306e-14)
(-2.6502986e-05 -3.5207654e-06 -1.3176452e-14)
(-2.5289411e-05 -3.7151877e-06 2.0411648e-14)
(-2.4015896e-05 -3.8716537e-06 3.990441e-14)
(-2.2694587e-05 -3.9898831e-06 5.0034964e-14)
(-2.133696e-05 -4.0736125e-06 5.462894e-14)
(-1.9953656e-05 -4.1270075e-06 5.6891972e-14)
(-1.8554364e-05 -4.1507123e-06 5.7633336e-14)
(-1.7147784e-05 -4.1474171e-06 5.7493755e-14)
(-1.5741613e-05 -4.1215145e-06 5.7062708e-14)
(-1.4342556e-05 -4.0762556e-06 5.6385436e-14)
(-1.2956369e-05 -4.014698e-06 5.5516128e-14)
(-1.1587898e-05 -3.9406991e-06 5.4293607e-14)
(-1.0241148e-05 -3.8561823e-06 5.2379195e-14)
(-8.9193639e-06 -3.7637673e-06 4.993071e-14)
(-7.625114e-06 -3.6657972e-06 4.731741e-14)
(-6.3604002e-06 -3.5671169e-06 4.4722882e-14)
(-5.126787e-06 -3.4789455e-06 4.1496718e-14)
(-3.925603e-06 -3.305721e-06 3.372047e-14)
(-2.7586081e-06 -3.4991947e-06 3.8848435e-14)
(-1.6274809e-06 -2.5180133e-06 -2.3051326e-14)
(-5.3006489e-07 -3.1324698e-06 6.8510336e-15)
(-2.9760292e-05 -2.1183084e-06 -9.4271409e-13)
(-2.895617e-05 -2.4305061e-06 -5.4704036e-13)
(-2.8045261e-05 -2.7125721e-06 -3.3630286e-13)
(-2.7038844e-05 -2.9629995e-06 -2.1542555e-13)
(-2.5948609e-05 -3.1802968e-06 -1.4272392e-13)
(-2.4786362e-05 -3.3634869e-06 -9.6017298e-14)
(-2.3563764e-05 -3.5123955e-06 -6.3742414e-14)
(-2.2292113e-05 -3.626648e-06 -4.1028168e-14)
(-2.098216e-05 -3.7128834e-06 -2.5001642e-14)
(-1.9643957e-05 -3.7723597e-06 -1.328452e-14)
(-1.8286753e-05 -3.8031225e-06 -4.6026761e-15)
(-1.6918931e-05 -3.8113783e-06 2.3146644e-15)
(-1.5547986e-05 -3.799073e-06 8.2788506e-15)
(-1.4180532e-05 -3.7667186e-06 1.3400092e-14)
(-1.2822321e-05 -3.7191722e-06 1.7875403e-14)
(-1.1478294e-05 -3.6599847e-06 2.1559834e-14)
(-1.0152634e-05 -3.5906663e-06 2.4279989e-14)
(-8.8488352e-06 -3.5136576e-06 2.6207392e-14)
(-7.5697901e-06 -3.4304313e-06 2.744241e-14)
(-6.317906e-06 -3.3443724e-06 2.8016826e-14)
(-5.0952217e-06 -3.2681841e-06 2.7625615e-14)
(-3.9035754e-06 -3.1117764e-06 2.2608082e-14)
(-2.7448757e-06 -3.2641362e-06 2.8613554e-14)
(-1.6197353e-06 -2.3859708e-06 -2.4370531e-14)
(-5.2693013e-07 -2.939975e-06 3.3693285e-15)
(-2.9091021e-05 -1.8478481e-06 -1.2216556e-12)
(-2.8323365e-05 -2.1248866e-06 -7.8145527e-13)
(-2.7452381e-05 -2.3765024e-06 -5.3598922e-13)
(-2.6488383e-05 -2.6010521e-06 -3.8463524e-13)
(-2.5442111e-05 -2.7968212e-06 -2.8386105e-13)
(-2.4324471e-05 -2.9636738e-06 -2.1195952e-13)
(-2.3146306e-05 -3.1018816e-06 -1.5799248e-13)
(-2.1918183e-05 -3.2114272e-06 -1.1735417e-13)
(-2.0650228e-05 -3.2951797e-06 -8.7233501e-14)
(-1.9351978e-05 -3.3549577e-06 -6.472851e-14)
(-1.8032279e-05 -3.3910818e-06 -4.7756395e-14)
(-1.6699221e-05 -3.4056953e-06 -3.4910858e-14)
(-1.536011e-05 -3.400892e-06 -2.4721293e-14)
(-1.4021459e-05 -3.3800069e-06 -1.5978512e-14)
(-1.2689007e-05 -3.3450143e-06 -8.4190691e-15)
(-1.136776e-05 -3.2971074e-06 -2.1344076e-15)
(-1.0062039e-05 -3.2394185e-06 3.0497115e-15)
(-8.7755507e-06 -3.1742601e-06 7.3096869e-15)
(-7.5114657e-06 -3.1027656e-06 1.0675906e-14)
(-6.2725189e-06 -3.0273321e-06 1.3210516e-14)
(-5.0611006e-06 -2.9620519e-06 1.4805687e-14)
(-3.8793394e-06 -2.820705e-06 1.1942053e-14)
(-2.7291811e-06 -2.9450896e-06 1.8516765e-14)
(-1.6108785e-06 -2.1822689e-06 -2.5861603e-14)
(-5.2401548e-07 -2.6622632e-06 -4.257256e-16)
(-2.8503524e-05 -1.5752119e-06 -1.3509347e-12)
(-2.7766566e-05 -1.8131534e-06 -8.8634678e-13)
(-2.6929278e-05 -2.0295546e-06 -6.2280874e-13)
(-2.6001184e-05 -2.2226361e-06 -4.5843488e-13)
(-2.4992236e-05 -2.3924076e-06 -3.4513204e-13)
(-2.3912596e-05 -2.5390481e-06 -2.6113114e-13)
(-2.2772419e-05 -2.6621184e-06 -1.9740984e-13)
(-2.1581658e-05 -2.7614266e-06 -1.493706e-13)
(-2.0349905e-05 -2.8372639e-06 -1.1360141e-13)
(-1.9086253e-05 -2.892839e-06 -8.6586855e-14)
(-1.7799198e-05 -2.929123e-06 -6.6050738e-14)
(-1.6496569e-05 -2.9460676e-06 -5.0612242e-14)
(-1.5185497e-05 -2.9462366e-06 -3.8794024e-14)
(-1.38724e-05 -2.9317387e-06 -2.9323902e-14)
(-1.2562997e-05 -2.9043641e-06 -2.140293e-14)
(-1.1262342e-05 -2.8661392e-06 -1.4602219e-14)
(-9.9748663e-06 -2.8189943e-06 -8.8144031e-15)
(-8.704445e-06 -2.7641907e-06 -4.0288701e-15)
(-7.4544649e-06 -2.7030558e-06 -1.6035096e-16)
(-6.2278942e-06 -2.6373039e-06 2.9317525e-15)
(-5.0273442e-06 -2.5829166e-06 5.3006927e-15)
(-3.855092e-06 -2.4586671e-06 3.5998738e-15)
(-2.7131542e-06 -2.5598195e-06 1.0066554e-14)
(-1.6017352e-06 -1.9153041e-06 -2.6395753e-14)
(-5.2098781e-07 -2.3173954e-06 -3.8388944e-15)
(-2.8005347e-05 -1.2993883e-06 -1.271976e-12)
(-2.7293497e-05 -1.4950253e-06 -8.2410372e-13)
(-2.6483853e-05 -1.6733931e-06 -5.7124114e-13)
(-2.5585297e-05 -1.8329688e-06 -4.1530063e-13)
(-2.4607148e-05 -1.9738979e-06 -3.1018825e-13)
(-2.3558961e-05 -2.0959392e-06 -2.3486181e-13)
(-2.245033e-05 -2.1988016e-06 -1.793749e-13)
(-2.1290701e-05 -2.2825189e-06 -1.3797483e-13)
(-2.0089218e-05 -2.3468242e-06 -1.0679079e-13)
(-1.8854606e-05 -2.394372e-06 -8.2886165e-14)
(-1.7595064e-05 -2.4260528e-06 -6.4396219e-14)
(-1.6318199e-05 -2.441593e-06 -5.0207784e-14)
(-1.5030989e-05 -2.4433102e-06 -3.9281597e-14)
(-1.3739769e-05 -2.4329864e-06 -3.0593176e-14)
(-1.2450237e-05 -2.4118028e-06 -2.3465518e-14)
(-1.1167477e-05 -2.3812888e-06 -1.7452382e-14)
(-9.8960054e-06 -2.3430847e-06 -1.2353543e-14)
(-8.6398188e-06 -2.2980513e-06 -8.117186e-15)
(-7.4024489e-06 -2.2480216e-06 -4.6047112e-15)
(-6.1870171e-06 -2.1935816e-06 -1.7421529e-15)
(-4.9962683e-06 -2.1489748e-06 4.7539603e-16)
(-3.8325832e-06 -2.0453127e-06 -7.0403739e-16)
(-2.6980825e-06 -2.126444e-06 5.0767448e-15)
(-1.5930903e-06 -1.5990085e-06 -2.4390855e-14)
(-5.181116e-07 -1.9233964e-06 -5.6144914e-15)
(-2.7606508e-05 -1.0055995e-06 -1.1804123e-12)
(-2.69143e-05 -1.1562771e-06 -7.4859199e-13)
(-2.612634e-05 -1.294634e-06 -5.0553815e-13)
(-2.5251017e-05 -1.4201124e-06 -3.5622625e-13)
(-2.4297153e-05 -1.5311528e-06 -2.5977265e-13)
(-2.3273825e-05 -1.6263685e-06 -1.960008e-13)
(-2.2190179e-05 -1.7059006e-06 -1.5242076e-13)
(-2.1055253e-05 -1.770532e-06 -1.2056384e-13)
(-1.9877844e-05 -1.8207688e-06 -9.5846786e-14)
(-1.8666378e-05 -1.8575886e-06 -7.628509e-14)
(-1.7428818e-05 -1.8822463e-06 -6.0533808e-14)
(-1.6172593e-05 -1.8952083e-06 -4.7832141e-14)
(-1.490456e-05 -1.8971406e-06 -3.7807504e-14)
(-1.3630984e-05 -1.8898291e-06 -2.966797e-14)
(-1.2357543e-05 -1.8744842e-06 -2.2895237e-14)
(-1.1089342e-05 -1.8518522e-06 -1.7346957e-14)
(-9.8309517e-06 -1.8228659e-06 -1.2835683e-14)
(-8.5864461e-06 -1.7879299e-06 -9.1685087e-15)
(-7.3594474e-06 -1.7492425e-06 -6.0891675e-15)
(-6.1531691e-06 -1.708035e-06 -3.4930428e-15)
(-4.9704475e-06 -1.6730028e-06 -1.4549726e-15)
(-3.8137649e-06 -1.5930486e-06 -2.0773709e-15)
(-2.685383e-06 -1.6578877e-06 2.9137034e-15)
(-1.5857902e-06 -1.2482814e-06 -1.9819911e-14)
(-5.1569536e-07 -1.5066805e-06 -5.0909971e-15)
(-2.7312929e-05 -6.9575718e-07 -1.2224634e-12)
(-2.6635197e-05 -8.0070005e-07 -7.8727105e-13)
(-2.5863219e-05 -8.9659545e-07 -5.4078081e-13)
(-2.500502e-05 -9.8247199e-07 -3.8971601e-13)
(-2.4069057e-05 -1.0574745e-06 -2.9233214e-13)
(-2.3064051e-05 -1.1217488e-06 -2.2693563e-13)
(-2.1998813e-05 -1.1764659e-06 -1.8053963e-13)
(-2.0882092e-05 -1.2211016e-06 -1.4591255e-13)
(-1.9722422e-05 -1.2556553e-06 -1.1853694e-13)
(-1.8528013e-05 -1.2802144e-06 -9.6418757e-14)
(-1.7306656e-05 -1.2972152e-06 -7.8475468e-14)
(-1.6065653e-05 -1.3074631e-06 -6.365756e-14)
(-1.4811768e-05 -1.3093939e-06 -5.1706217e-14)
(-1.3551218e-05 -1.3047212e-06 -4.199115e-14)
(-1.2289662e-05 -1.294588e-06 -3.3938159e-14)
(-1.1032221e-05 -1.279581e-06 -2.7283507e-14)
(-9.7834984e-06 -1.2599732e-06 -2.1838232e-14)
(-8.5476112e-06 -1.2362981e-06 -1.7323519e-14)
(-7.3282352e-06 -1.2098694e-06 -1.3463983e-14)
(-6.1286405e-06 -1.1819177e-06 -1.0125196e-14)
(-4.9517321e-06 -1.1571429e-06 -7.3326321e-15)
(-3.8000843e-06 -1.1027468e-06 -6.6602798e-15)
(-2.6760985e-06 -1.1515767e-06 -2.0026365e-15)
(-1.5804083e-06 -8.5851026e-07 -1.7520657e-14)
(-5.1397632e-07 -1.0427839e-06 -6.281942e-15)
(-2.7164767e-05 -3.7312516e-07 -1.3256284e-12)
(-2.6495772e-05 -4.308107e-07 -8.9529168e-13)
(-2.5733313e-05 -4.8324644e-07 -6.4363693e-13)
(-2.4885188e-05 -5.2986001e-07 -4.8388434e-13)
(-2.3959626e-05 -5.7036676e-07 -3.7608804e-13)
(-2.2965136e-05 -6.0480504e-07 -2.9989392e-13)
(-2.1910333e-05 -6.3301937e-07 -2.441957e-13)
(-2.0803792e-05 -6.5557199e-07 -2.0173406e-13)
(-1.9653897e-05 -6.7378291e-07 -1.675176e-13)
(-1.8468737e-05 -6.8686694e-07 -1.3984917e-13)
(-1.7256003e-05 -6.9416613e-07 -1.1795064e-13)
(-1.6022927e-05 -6.9730243e-07 -9.9987356e-14)
(-1.4776234e-05 -6.96744e-07 -8.4856171e-14)
(-1.3522119e-05 -6.9279764e-07 -7.2093278e-14)
(-1.2266242e-05 -6.8607963e-07 -6.1349535e-14)
(-1.1013742e-05 -6.7694168e-07 -5.2222063e-14)
(-9.7692489e-06 -6.6573481e-07 -4.4391589e-14)
(-8.5369164e-06 -6.5289724e-07 -3.7562289e-14)
(-7.3204576e-06 -6.3866853e-07 -3.1578728e-14)
(-6.1231877e-06 -6.2376205e-07 -2.6346296e-14)
(-4.9480626e-06 -6.1110079e-07 -2.1836068e-14)
(-3.7977242e-06 -5.8044234e-07 -1.9003694e-14)
(-2.6746275e-06 -6.1403444e-07 -1.4005703e-14)
(-1.5795927e-06 -4.4016206e-07 -2.1449446e-14)
(-5.1378179e-07 -5.5582877e-07 -1.1470341e-14)
(-2.7116628e-05 -6.788773e-08 -1.103335e-12)
(-2.6451702e-05 -7.8824447e-08 -7.7429379e-13)
(-2.5693492e-05 -8.8502204e-08 -5.7535408e-13)
(-2.4849703e-05 -9.6772021e-08 -4.4470959e-13)
(-2.3928483e-05 -1.035705e-07 -3.5349076e-13)
(-2.2938264e-05 -1.088928e-07 -2.8682334e-13)
(-2.1887593e-05 -1.1254016e-07 -2.3660279e-13)
(-2.0784974e-05 -1.1454367e-07 -1.9802623e-13)
(-1.9638742e-05 -1.143794e-07 -1.6808705e-13)
(-1.8456935e-05 -1.1302611e-07 -1.4394629e-13)
(-1.7247216e-05 -1.1120666e-07 -1.2395094e-13)
(-1.6016796e-05 -1.0896029e-07 -1.0705238e-13)
(-1.4772393e-05 -1.0637466e-07 -9.2558655e-14)
(-1.3520204e-05 -1.0331669e-07 -8.0142454e-14)
(-1.2265898e-05 -9.9441454e-08 -6.9736419e-14)
(-1.1014624e-05 -9.508169e-08 -6.0854305e-14)
(-9.7710352e-06 -9.0924015e-08 -5.304023e-14)
(-8.53931e-06 -8.7085738e-08 -4.6097939e-14)
(-7.3231884e-06 -8.3280043e-08 -3.9985388e-14)
(-6.1260105e-06 -7.9394999e-08 -3.4669451e-14)
(-4.9507602e-06 -7.6140893e-08 -3.0111658e-14)
(-3.8001094e-06 -6.6925547e-08 -2.6418151e-14)
(-2.6766198e-06 -8.4055702e-08 -2.2134424e-14)
(-1.5808282e-06 -2.2766532e-08 -2.3093683e-14)
(-5.1379667e-07 -6.4931656e-08 -1.542662e-14)
)
;

boundaryField
{
    Walls
    {
        type            noSlip;
    }
    Inlet
    {
        type            pressureInletVelocity;
        value           nonuniform List<vector> 3((1.503464 -0 -0) (1.5013762 -0 -0) (1.6165777 -0 -0));
    }
    Outlet
    {
        type            pressureInletOutletVelocity;
        value           nonuniform List<vector> 
86
(
(-2.8713887e-05 0 0)
(-2.8707425e-05 0 0)
(-2.8483388e-05 0 0)
(-2.8138809e-05 0 0)
(-2.7681158e-05 0 0)
(-2.7116628e-05 0 0)
(-2.6451702e-05 1.8354555e-19 3.2358133e-19)
(-2.5693492e-05 -1.7828442e-19 2.7239872e-19)
(-2.4849703e-05 0 0)
(-2.3928483e-05 0 0)
(-2.2938264e-05 0 0)
(-2.1887593e-05 0 0)
(-2.0784974e-05 -1.4422473e-19 -1.3221559e-19)
(-1.9638742e-05 1.3627114e-19 -1.1567062e-19)
(-1.8456935e-05 0 0)
(-1.7247216e-05 0 0)
(-1.6016796e-05 0 0)
(-1.4772393e-05 0 0)
(-1.3520204e-05 0 0)
(-1.2265898e-05 0 0)
(-1.1014624e-05 0 0)
(-9.7710352e-06 0 0)
(-8.53931e-06 0 0)
(-7.3231884e-06 0 0)
(-6.1260105e-06 0 0)
(-4.9507602e-06 0 0)
(-3.8001094e-06 0 0)
(-2.6766198e-06 3.7145561e-20 0)
(-1.5808282e-06 -2.1938399e-20 0)
(-5.1379667e-07 0 0)
(-1.9937107e-06 0.13233654 5.4462597e-09)
(6.3739514e-05 0.07375958 -5.5553763e-10)
(5.5351977e-06 0.0070838546 -1.772359e-09)
(0 -0.013988254 0)
(0 -0.010355331 0)
(0 -0.0031383867 0)
(0 -0.00010610886 0)
(-2.9534882e-07 0.00047228845 5.1555575e-11)
(-8.9484853e-07 0.0002305037 -3.9853542e-12)
(0 -3.0809313e-05 0)
(0 -0.00013274487 0)
(0 -0.00011823468 0)
(0 -5.5232737e-05 0)
(1.7029591e-06 9.9736018e-06 4.6663124e-12)
(1.8983736e-06 5.5086422e-05 3.4238384e-12)
(1.8240548e-06 7.6556207e-05 1.9732981e-12)
(1.6645777e-06 8.0035391e-05 7.9506104e-13)
(1.4296112e-06 7.3670266e-05 9.2007181e-14)
(1.1968967e-06 6.303829e-05 -2.147513e-13)
(9.7245157e-07 5.2567039e-05 -2.3395838e-13)
(7.6171807e-07 4.4686797e-05 -1.2672408e-13)
(5.6966173e-07 3.8723177e-05 3.3012803e-14)
(3.9422021e-07 3.4321389e-05 1.8152703e-13)
(2.3469582e-07 3.0798554e-05 2.6853574e-13)
(1.0422447e-07 2.7744842e-05 2.8302881e-13)
(-1.6878179e-09 2.4637266e-05 2.5724922e-13)
(-1.0563133e-07 2.1222256e-05 2.1107856e-13)
(-2.0322792e-07 1.787642e-05 1.5852052e-13)
(-2.8547445e-07 1.4550335e-05 1.1279455e-13)
(-3.5471083e-07 1.1268743e-05 8.0283159e-14)
(-4.1438908e-07 8.1647872e-06 5.2869239e-14)
(-4.670889e-07 5.4943197e-06 3.362501e-14)
(-4.8383989e-07 3.271066e-06 1.7347041e-14)
(-4.7380477e-07 1.3842266e-06 1.066215e-14)
(-4.8463266e-07 -1.4537652e-07 1.701495e-14)
(0 -1.2772992e-06 0)
(0 -2.0813559e-06 0)
(0 -2.6223379e-06 0)
(0 -2.9432469e-06 0)
(0 -3.105677e-06 0)
(0 -3.2201638e-06 0)
(0 -3.1324698e-06 0)
(0 -2.939975e-06 0)
(0 -2.6622632e-06 0)
(0 -2.3173954e-06 0)
(0 -1.9233964e-06 0)
(0 -1.5066805e-06 0)
(0 -1.0427839e-06 0)
(0 -5.5582877e-07 0)
(0 -6.4931656e-08 0)
(-1.0477749e-05 0.00031029793 1.6788005e-10)
(0 -0.0021028504 0)
(0 -0.0085037169 0)
(0 -0.013457958 0)
(1.9836989e-06 0.0037388454 -1.834119e-09)
(-6.1476656e-05 0.068365801 -1.4452361e-09)
)
;
    }
    Front
    {
        type            wedge;
    }
    Back
    {
        type            wedge;
    }
    defaultFaces
    {
        type            empty;
    }
}


// ************************************************************************* //
