/*--------------------------------*- C++ -*----------------------------------*\
| =========                 |                                                 |
| \\      /  F ield         | OpenFOAM: The Open Source CFD Toolbox           |
|  \\    /   O peration     | Version:  4.0                                   |
|   \\  /    A nd           | Web:      www.OpenFOAM.org                      |
|    \\/     M anipulation  |                                                 |
\*---------------------------------------------------------------------------*/
FoamFile
{
    version     2.0;
    format      ascii;
    class       volVectorField;
    location    "0.2";
    object      U;
}
// * * * * * * * * * * * * * * * * * * * * * * * * * * * * * * * * * * * * * //

dimensions      [0 1 -1 0 0 0 0];

internalField   nonuniform List<vector> 
1740
(
(1.4771399 -0.01136232 4.2612068e-06)
(1.4475538 -0.012072175 6.9222286e-07)
(1.6039875 -0.0061951859 6.0813317e-08)
(1.5814581 -0.018579573 7.0955684e-06)
(1.4885441 -0.028131572 1.6305051e-06)
(1.6056227 -0.013689318 3.1063652e-07)
(1.5755315 0.0013483069 1.137195e-05)
(1.5091082 -0.012427929 2.4921899e-06)
(1.5231191 -0.008099613 4.5788788e-07)
(1.4868807 0.0098698492 1.364513e-05)
(1.5332631 0.0065495705 3.5701248e-06)
(1.5522144 -0.00074225833 5.6391208e-07)
(1.4955794 0.011532139 1.5307934e-05)
(1.5164163 0.00063183954 4.590775e-06)
(1.5528734 -0.0081641695 8.1672403e-07)
(1.4762031 0.012657482 1.6096817e-05)
(1.5871601 -0.0076290217 5.1104881e-06)
(1.5178071 -0.014016848 9.8742859e-07)
(1.5131961 0.0057626983 1.6976869e-05)
(1.574961 0.016699509 6.1772546e-06)
(1.5253422 0.0022896721 1.1367984e-06)
(1.5094523 -0.002510789 1.8187773e-05)
(1.4858877 0.01760742 6.6706357e-06)
(1.6272952 0.012867989 1.3426316e-06)
(1.4540097 -0.012275844 1.8900111e-05)
(1.4747099 0.00079792264 7.398663e-06)
(1.572754 0.0030170908 1.5558985e-06)
(1.5530535 -0.014771502 1.942911e-05)
(1.4587854 -0.0074866464 7.9698612e-06)
(1.5705407 -0.0042709879 1.7141708e-06)
(1.5608074 0.0074631385 1.9749501e-05)
(1.4694011 -0.00087619162 8.4710181e-06)
(1.5664374 -0.0015394224 1.9605708e-06)
(1.4550028 0.0078441931 1.9848449e-05)
(1.5561246 0.0065869517 8.8858633e-06)
(1.5754739 0.0035018149 2.0613917e-06)
(1.4634197 -0.012060274 1.9784627e-05)
(1.5663994 -0.0073982461 9.4951051e-06)
(1.5845485 -0.0036072446 2.3643696e-06)
(1.5015452 -0.010434195 1.9775028e-05)
(1.5071705 -0.012839666 9.8095211e-06)
(1.5000138 -0.0085773906 2.5239558e-06)
(1.5141187 0.0057790511 2.0341988e-05)
(1.5239386 -0.0057809746 1.0495204e-05)
(1.524428 -0.0073212467 2.6900413e-06)
(1.4961181 0.0011921675 2.1041155e-05)
(1.60556 -0.0016666789 1.0874021e-05)
(1.5377452 -0.0026746915 2.9093274e-06)
(1.5218765 -0.0088434468 2.0893706e-05)
(1.59406 -0.0086663675 1.1400995e-05)
(1.5254515 -0.0045591996 3.0941711e-06)
(1.5168484 -0.0057171381 2.0856541e-05)
(1.5692754 -0.013874355 1.1716615e-05)
(1.5048693 -0.00572993 3.2434688e-06)
(1.5993675 -0.010337182 2.1151166e-05)
(1.6021841 -0.0032691348 1.2243469e-05)
(1.5140287 -0.0021182581 3.4517687e-06)
(1.6047552 0.00115354 2.1628831e-05)
(1.5287599 0.019602197 1.2526774e-05)
(1.5065919 0.010743635 3.6514301e-06)
(1.5511351 0.00030809379 2.2117937e-05)
(1.5216363 0.021643315 1.3016606e-05)
(1.5464419 0.013777297 3.7959615e-06)
(1.6264824 -0.0033977858 2.240031e-05)
(1.4639179 0.0041237225 1.3429151e-05)
(1.6131844 0.0059800497 3.9526881e-06)
(1.5445355 0.010329686 2.2188098e-05)
(1.4712459 -0.010076231 1.3690737e-05)
(1.5379405 -0.010156898 4.1301421e-06)
(1.5081467 0.0027041238 2.2279291e-05)
(1.5309051 -0.0058802748 1.3972223e-05)
(1.5061336 -0.0030579095 4.2971372e-06)
(1.5549074 -0.0021500512 2.2195885e-05)
(1.5624947 -0.0027305682 1.4259216e-05)
(1.5424744 -0.00032883853 4.455861e-06)
(1.5290965 0.005388949 2.193388e-05)
(1.5497496 0.003705641 1.4487169e-05)
(1.5215387 -0.00034584046 4.5836929e-06)
(1.5193783 0.009323217 2.2164197e-05)
(1.4931153 -0.0064507503 1.4821628e-05)
(1.4921799 -0.0072317613 4.6679682e-06)
(1.4850738 -0.0037651816 2.2774833e-05)
(1.5429401 0.0013003068 1.5126775e-05)
(1.4977247 -0.0016575926 4.8325381e-06)
(1.4463287 -0.0076691518 2.2465693e-05)
(1.4616548 -0.0031701642 1.527003e-05)
(1.4950678 0.0063658376 4.8231478e-06)
(1.3108075 0.038199858 2.3539207e-05)
(1.2487733 0.094481539 1.5789704e-05)
(1.3647624 0.054041523 5.5180852e-06)
(0.81203547 0.36458271 1.1922053e-05)
(0.78830628 0.9249245 1.0017968e-05)
(0.72303187 1.2435462 5.3978903e-06)
(0.21620616 0.11069353 1.5424054e-06)
(0.17676045 0.35977199 3.0961576e-06)
(0.082245625 0.49206884 7.0971421e-07)
(-0.032781976 -0.013765632 1.2486108e-06)
(-0.032510997 -0.029220741 1.7190938e-06)
(-0.022424552 -0.034731805 6.261068e-07)
(-0.0094775116 -0.0032758001 4.7517799e-07)
(-0.0096365968 -0.0086933635 7.7948686e-07)
(-0.0081086586 -0.01194251 3.9631906e-07)
(-0.0031268634 -0.00049384116 1.3273151e-07)
(-0.0032521281 -0.0013907074 2.8106763e-07)
(-0.0028666519 -0.0022193256 1.6793148e-07)
(-0.0020412961 -0.00020325829 3.6492709e-08)
(-0.0019822158 -0.00048969003 8.9219192e-08)
(-0.0016803492 -0.00076020111 4.9143048e-08)
(-0.0014391248 -0.00014216235 6.5333551e-09)
(-0.001365343 -0.00030175386 1.8883025e-08)
(-0.0011524048 -0.00042375259 -1.7377826e-10)
(-0.0011097709 -6.902573e-05 -3.7382895e-09)
(-0.0010523915 -0.00014415546 -5.087627e-09)
(-0.00090952168 -0.00021330778 -1.6495012e-08)
(-0.00090835603 -5.2325353e-05 -4.8682488e-09)
(-0.00086778086 -0.00010633513 -9.4296462e-09)
(-0.00077198091 -0.00015606668 -1.6967888e-08)
(-0.00075712409 -4.924817e-05 -3.0152594e-09)
(-0.00072867951 -0.00010699882 -6.8282204e-09)
(-0.00066244358 -0.00016302421 -1.1828471e-08)
(-0.00062620735 -4.6673419e-05 -1.2146112e-09)
(-0.00060591322 -0.00010436373 -3.4380425e-09)
(-0.00055866806 -0.00016142941 -6.532211e-09)
(-0.00051438228 -3.7880671e-05 -3.687334e-10)
(-0.00049987387 -8.5972273e-05 -1.3627009e-09)
(-0.00046563414 -0.00013009146 -3.0617407e-09)
(-0.00042472432 -2.7859471e-05 -1.6447011e-10)
(-0.00041418933 -6.2399174e-05 -5.2862826e-10)
(-0.00038888463 -9.6607348e-05 -1.3261308e-09)
(-0.0003552101 -1.9952003e-05 -1.8515965e-10)
(-0.00034742693 -4.5221154e-05 -3.0777621e-10)
(-0.00032847609 -7.1387675e-05 -6.122211e-10)
(-0.00030198842 -1.5497023e-05 -2.1095172e-10)
(-0.00029621101 -3.420891e-05 -2.6356544e-10)
(-0.00028187313 -5.3521347e-05 -3.4401059e-10)
(-0.00026097058 -1.2365029e-05 -1.8681815e-10)
(-0.00025666195 -2.6972178e-05 -2.1853315e-10)
(-0.00024567406 -4.1994848e-05 -2.1763022e-10)
(-0.00022865043 -9.9127667e-06 -1.3799961e-10)
(-0.00022540802 -2.1783317e-05 -1.5563351e-10)
(-0.00021687477 -3.4173339e-05 -1.3259647e-10)
(-0.00020263668 -8.0280543e-06 -9.9315012e-11)
(-0.00020017267 -1.775704e-05 -1.0341451e-10)
(-0.00019345556 -2.8155513e-05 -7.5134523e-11)
(-0.00018141505 -6.6056287e-06 -7.2765036e-11)
(-0.0001795231 -1.4631601e-05 -7.0323537e-11)
(-0.00017416155 -2.3287771e-05 -4.2630337e-11)
(-0.00016396193 -5.4522596e-06 -6.076271e-11)
(-0.00016249547 -1.2111212e-05 -5.6461349e-11)
(-0.000158159 -1.933007e-05 -2.919122e-11)
(-0.00014950956 -4.5043605e-06 -5.6038465e-11)
(-0.00014836586 -1.005676e-05 -5.3217732e-11)
(-0.00014481875 -1.6059567e-05 -2.6503442e-11)
(-0.00013744657 -3.7777916e-06 -5.2761609e-11)
(-0.00013655219 -8.3730982e-06 -5.3193739e-11)
(-0.00013362341 -1.3401249e-05 -2.7763215e-11)
(-0.00012727475 -3.1961782e-06 -4.8957412e-11)
(-0.00012657541 -7.0797649e-06 -5.2194576e-11)
(-0.00012413623 -1.135777e-05 -2.891886e-11)
(-0.00011858816 -2.7628857e-06 -4.5014823e-11)
(-0.0001180424 -6.0867152e-06 -5.0156269e-11)
(-0.00011599365 -9.7802758e-06 -2.9059036e-11)
(-0.00011106359 -2.4198706e-06 -4.1472206e-11)
(-0.00011063864 -5.3172608e-06 -4.7671366e-11)
(-0.00010890297 -8.5653139e-06 -2.8582715e-11)
(-0.00010445011 -2.1467958e-06 -3.8266398e-11)
(-0.00010412035 -4.7160457e-06 -4.4832713e-11)
(-0.00010263654 -7.6065551e-06 -2.7765148e-11)
(-9.855434e-05 -1.9229781e-06 -3.6431124e-11)
(-9.8299985e-05 -4.2239577e-06 -4.3118031e-11)
(-9.7020054e-05 -6.8128005e-06 -2.7537732e-11)
(-9.3226051e-05 -1.7448081e-06 -3.4871903e-11)
(-9.303175e-05 -3.8373e-06 -4.1290043e-11)
(-9.1918672e-05 -6.2022698e-06 -2.6914796e-11)
(-8.8348456e-05 -1.5964639e-06 -3.3533091e-11)
(-8.820186e-05 -3.5103681e-06 -3.9172721e-11)
(-8.7226299e-05 -5.7005057e-06 -2.6008755e-11)
(-8.3832394e-05 -1.4820305e-06 -3.2602446e-11)
(-8.3722852e-05 -3.2263024e-06 -3.7464648e-11)
(-8.2859576e-05 -5.2076026e-06 -2.5404777e-11)
(-7.9607329e-05 -1.4104829e-06 -3.2183237e-11)
(-7.9526366e-05 -3.1666455e-06 -3.6044991e-11)
(-7.8754966e-05 -5.1693728e-06 -2.4867293e-11)
(-7.5620419e-05 -1.3611567e-06 -3.1737271e-11)
(-7.556182e-05 -3.0280804e-06 -3.4803823e-11)
(-7.4867377e-05 -4.9075664e-06 -2.436847e-11)
(-7.1836711e-05 -1.2902241e-06 -3.1456587e-11)
(-7.1795739e-05 -2.8685826e-06 -3.3655113e-11)
(-7.1166849e-05 -4.6555298e-06 -2.3792848e-11)
(-6.8234603e-05 -1.2189614e-06 -3.1284911e-11)
(-6.8207716e-05 -2.7170082e-06 -3.2668696e-11)
(-6.7635544e-05 -4.4166986e-06 -2.3303337e-11)
(-6.4805509e-05 -1.1535795e-06 -3.1069927e-11)
(-6.4789766e-05 -2.577979e-06 -3.1672325e-11)
(-6.4266822e-05 -4.1932756e-06 -2.282613e-11)
(-6.1549446e-05 -1.0917227e-06 -3.0853394e-11)
(-6.1542322e-05 -2.4456083e-06 -3.0741003e-11)
(-6.1061993e-05 -3.9788946e-06 -2.235677e-11)
(-5.8469754e-05 -1.0299588e-06 -3.0725732e-11)
(-5.8469197e-05 -2.3122301e-06 -2.9984571e-11)
(-5.8025841e-05 -3.7632071e-06 -2.1940337e-11)
(-5.5570949e-05 -9.6606863e-07 -3.0636903e-11)
(-5.5575358e-05 -2.1732729e-06 -2.9250197e-11)
(-5.5164274e-05 -3.5392804e-06 -2.1523956e-11)
(-5.2858554e-05 -9.0091025e-07 -3.0424971e-11)
(-5.2866724e-05 -2.0307092e-06 -2.8443695e-11)
(-5.2484004e-05 -3.3072998e-06 -2.1116755e-11)
(-5.0339249e-05 -8.3270071e-07 -3.030805e-11)
(-5.0350297e-05 -1.8801489e-06 -2.7876239e-11)
(-4.9992642e-05 -3.0617426e-06 -2.089191e-11)
(-4.80206e-05 -7.6160125e-07 -3.0287952e-11)
(-4.8033844e-05 -1.7224726e-06 -2.7545076e-11)
(-4.7698328e-05 -2.8056752e-06 -2.0824522e-11)
(-4.5910208e-05 -6.881369e-07 -3.0266257e-11)
(-4.5925116e-05 -1.5590277e-06 -2.7282867e-11)
(-4.5609066e-05 -2.540501e-06 -2.0815559e-11)
(-4.4015054e-05 -6.1272666e-07 -3.0264418e-11)
(-4.4031217e-05 -1.3897072e-06 -2.7098942e-11)
(-4.3732166e-05 -2.2640454e-06 -2.0871641e-11)
(-4.2341501e-05 -5.3489178e-07 -3.0329362e-11)
(-4.2358597e-05 -1.2139235e-06 -2.7051606e-11)
(-4.2074218e-05 -1.9774744e-06 -2.103015e-11)
(-4.089588e-05 -4.5477007e-07 -3.0490683e-11)
(-4.0913657e-05 -1.0319296e-06 -2.7174178e-11)
(-4.0641703e-05 -1.6807448e-06 -2.1306273e-11)
(-3.968559e-05 -3.7237029e-07 -3.073617e-11)
(-3.970386e-05 -8.440138e-07 -2.7418787e-11)
(-3.9442148e-05 -1.3740876e-06 -2.1627037e-11)
(-3.8719776e-05 -2.8810097e-07 -3.0983573e-11)
(-3.8738457e-05 -6.5116425e-07 -2.7595702e-11)
(-3.8484889e-05 -1.0589133e-06 -2.1757407e-11)
(-3.8011714e-05 -2.0151989e-07 -3.1105806e-11)
(-3.8030758e-05 -4.5350148e-07 -2.72829e-11)
(-3.7783212e-05 -7.3719558e-07 -2.1184677e-11)
(-3.7579396e-05 -1.1236327e-07 -3.0610287e-11)
(-3.7598589e-05 -2.5260588e-07 -2.5295174e-11)
(-3.735471e-05 -4.1405992e-07 -1.878667e-11)
(-3.7424494e-05 -2.9131784e-08 -2.7175519e-11)
(-3.7443661e-05 -6.4676565e-08 -1.8679612e-11)
(-3.720102e-05 -1.0901499e-07 -1.2539424e-11)
(-0.046799923 1.9426356 -3.5628262e-07)
(-0.032827752 1.6880888 -3.4317477e-06)
(-0.062987298 0.33630767 -2.3574659e-07)
(-0.042998006 0.14936329 -9.9355346e-07)
(-0.016705228 -0.042267093 -1.4458031e-07)
(-0.012040023 -0.04431061 -5.627589e-07)
(-0.006451355 -0.014461296 -2.8068083e-08)
(-0.0054744456 -0.015707779 -3.1434298e-07)
(-0.0022462177 -0.003097626 -2.7634051e-08)
(-0.001823 -0.0039155025 -1.9523754e-07)
(-0.0012402252 -0.0009595975 -4.1131972e-08)
(-0.00085055935 -0.0011187753 -1.3352915e-07)
(-0.00085609778 -0.00043855262 -4.4681865e-08)
(-0.00056982544 -0.0003877347 -9.5209608e-08)
(-0.00071345515 -0.00021934019 -3.9583972e-08)
(-0.00050827133 -0.00016559619 -6.7283526e-08)
(-0.00064006104 -0.00017951857 -2.9592745e-08)
(-0.00049466747 -0.00016590927 -4.4823543e-08)
(-0.00057148684 -0.00020326196 -1.8976502e-08)
(-0.00046910063 -0.00021968236 -2.7365566e-08)
(-0.00049407129 -0.00020343672 -1.0572043e-08)
(-0.0004200138 -0.00023219224 -1.513932e-08)
(-0.00041824818 -0.00016757323 -5.2274108e-09)
(-0.00036303445 -0.00019900143 -7.6176265e-09)
(-0.00035346838 -0.00012638042 -2.3848591e-09)
(-0.00031171282 -0.00014842113 -3.556666e-09)
(-0.00030181671 -9.2421016e-05 -1.0653436e-09)
(-0.00026990961 -0.00010819815 -1.5886299e-09)
(-0.00026154942 -6.921278e-05 -5.0258817e-10)
(-0.00023690594 -7.9913288e-05 -7.0628835e-10)
(-0.00022995831 -5.4771387e-05 -2.5264533e-10)
(-0.00021069875 -6.3697403e-05 -3.159013e-10)
(-0.00020456948 -4.4958854e-05 -1.2590938e-10)
(-0.00018933791 -5.2890909e-05 -1.3632561e-10)
(-0.00018369528 -3.7292611e-05 -5.7304261e-11)
(-0.00017150035 -4.4461214e-05 -5.0528612e-11)
(-0.00016631736 -3.0947166e-05 -2.3056206e-11)
(-0.00015643758 -3.7256333e-05 -1.127156e-11)
(-0.00015177805 -2.5653218e-05 -9.5567545e-12)
(-0.00014368993 -3.095004e-05 3.6022388e-12)
(-0.00013957369 -2.1300615e-05 -7.0058493e-12)
(-0.00013288936 -2.5797232e-05 6.4243233e-12)
(-0.0001292731 -1.7895443e-05 -8.6540656e-12)
(-0.00012370211 -2.1724402e-05 4.3699377e-12)
(-0.00012049816 -1.5221339e-05 -1.0986025e-11)
(-0.00011581943 -1.8579138e-05 1.3990427e-12)
(-0.00011292573 -1.3144006e-05 -1.2537637e-11)
(-0.00010896549 -1.6104353e-05 -9.9850741e-13)
(-0.00010629317 -1.1544382e-05 -1.3465537e-11)
(-0.00010291228 -1.4208878e-05 -2.7223379e-12)
(-0.00010039621 -1.0282987e-05 -1.3961969e-11)
(-9.7483938e-05 -1.2700843e-05 -4.0741767e-12)
(-9.5079726e-05 -9.2363927e-06 -1.4543877e-11)
(-9.2549448e-05 -1.1456486e-05 -5.1400162e-12)
(-9.0224256e-05 -8.4074825e-06 -1.4715124e-11)
(-8.8008049e-05 -1.0435269e-05 -5.8205919e-12)
(-8.5734853e-05 -7.6960835e-06 -1.4738981e-11)
(-8.3777498e-05 -9.5489223e-06 -6.4599525e-12)
(-8.1534889e-05 -7.248396e-06 -1.4904799e-11)
(-7.9791631e-05 -9.209913e-06 -7.1224787e-12)
(-7.7567675e-05 -7.0611757e-06 -1.509467e-11)
(-7.6002303e-05 -8.8408027e-06 -7.7586951e-12)
(-7.379511e-05 -6.7399533e-06 -1.5185078e-11)
(-7.2378722e-05 -8.4769423e-06 -8.2352402e-12)
(-7.0192569e-05 -6.3933643e-06 -1.5120633e-11)
(-6.8903489e-05 -8.0479347e-06 -8.5335438e-12)
(-6.6746518e-05 -6.0718268e-06 -1.5071983e-11)
(-6.5568041e-05 -7.6610861e-06 -8.7768947e-12)
(-6.3452137e-05 -5.772998e-06 -1.4999039e-11)
(-6.2370422e-05 -7.2987576e-06 -8.9737117e-12)
(-6.0311927e-05 -5.4844981e-06 -1.4878609e-11)
(-5.9314645e-05 -6.9431626e-06 -9.1151575e-12)
(-5.7332048e-05 -5.1914379e-06 -1.4774023e-11)
(-5.640853e-05 -6.5784026e-06 -9.2571736e-12)
(-5.4519821e-05 -4.8857611e-06 -1.4696982e-11)
(-5.3661168e-05 -6.1965216e-06 -9.4190299e-12)
(-5.1883099e-05 -4.5666227e-06 -1.4658077e-11)
(-5.1081851e-05 -5.7941268e-06 -9.6155046e-12)
(-4.9430312e-05 -4.2284539e-06 -1.4717919e-11)
(-4.8679971e-05 -5.3689162e-06 -9.8557999e-12)
(-4.7170166e-05 -3.8770361e-06 -1.4847489e-11)
(-4.6464962e-05 -4.9246013e-06 -1.0122816e-11)
(-4.5111021e-05 -3.5110708e-06 -1.5024616e-11)
(-4.4445712e-05 -4.4595011e-06 -1.0418326e-11)
(-4.3260481e-05 -3.1293472e-06 -1.525235e-11)
(-4.2630109e-05 -3.9757785e-06 -1.0747095e-11)
(-4.1625342e-05 -2.7337209e-06 -1.554881e-11)
(-4.1025194e-05 -3.4739977e-06 -1.1122218e-11)
(-4.0212177e-05 -2.3240089e-06 -1.5915497e-11)
(-3.9637722e-05 -2.9539883e-06 -1.1538812e-11)
(-3.9028596e-05 -1.9000655e-06 -1.6274529e-11)
(-3.8475391e-05 -2.4151984e-06 -1.1926194e-11)
(-3.8083993e-05 -1.4630949e-06 -1.6399566e-11)
(-3.7547589e-05 -1.8583299e-06 -1.2087807e-11)
(-3.7391617e-05 -1.0174782e-06 -1.5818547e-11)
(-3.6867466e-05 -1.2916771e-06 -1.1624902e-11)
(-3.6968837e-05 -5.7347196e-07 -1.3662158e-11)
(-3.6452279e-05 -7.3059707e-07 -9.9011057e-12)
(-3.6817164e-05 -1.5256763e-07 -8.6936541e-12)
(-3.6303421e-05 -1.9647086e-07 -6.1541286e-12)
(0.0035715218 -3.7962317e-05 -6.152063e-08)
(0.0034460277 -0.00015331371 -1.4453149e-07)
(0.0031991884 -0.00018834524 -2.0180742e-07)
(0.0028979382 -0.00023445402 -2.3554757e-07)
(0.0025849951 -0.0002494995 -2.507618e-07)
(0.0022857602 -0.00026863365 -2.5306483e-07)
(0.0020159463 -0.00029098813 -2.4711172e-07)
(0.0017768353 -0.000328723 -2.3633526e-07)
(0.001570883 -0.00037822831 -2.2305731e-07)
(0.0013946199 -0.00043797261 -2.0880281e-07)
(0.001243168 -0.00050448808 -1.9457106e-07)
(0.0011116739 -0.00057363233 -1.8088299e-07)
(0.00099551679 -0.00064253957 -1.6792353e-07)
(0.00089092185 -0.00070872933 -1.5565101e-07)
(0.00079507219 -0.00077027029 -1.4394746e-07)
(0.00070574553 -0.00082546045 -1.3269341e-07)
(0.00062121302 -0.00087379314 -1.2177217e-07)
(0.00053989849 -0.00091504683 -1.1101505e-07)
(0.00046146072 -0.00094739981 -1.0021986e-07)
(0.00038543067 -0.00097018122 -8.9143316e-08)
(0.00031147542 -0.00098319012 -7.7464911e-08)
(0.00023936952 -0.00098648208 -6.4616221e-08)
(0.00016910952 -0.00098131098 -5.0018717e-08)
(0.00010049615 -0.00097012132 -3.32417e-08)
(3.2772412e-05 -0.00092383683 -1.3977209e-08)
(0.00033635036 -0.00016579373 -7.8425161e-08)
(0.00030813937 -0.00061294227 -1.8118077e-07)
(0.00027729632 -0.00086518173 -2.47574e-07)
(0.00026573545 -0.0011886261 -2.8210645e-07)
(0.00027803462 -0.0014355336 -2.9376959e-07)
(0.00030773334 -0.0017057431 -2.9163352e-07)
(0.00034397523 -0.001972897 -2.8168166e-07)
(0.00038095786 -0.0022657289 -2.6769043e-07)
(0.00040641812 -0.0025800482 -2.5180657e-07)
(0.00041875142 -0.0028910572 -2.3537052e-07)
(0.00041872761 -0.0031951988 -2.1940171e-07)
(0.00040892802 -0.0034882858 -2.0434085e-07)
(0.00039185773 -0.0037631065 -1.9029167e-07)
(0.00036937492 -0.0040161001 -1.7708069e-07)
(0.00034264974 -0.0042461345 -1.6451173e-07)
(0.00031271383 -0.0044530396 -1.5243772e-07)
(0.00028050011 -0.0046433132 -1.4075998e-07)
(0.00024712543 -0.0048173811 -1.2920921e-07)
(0.00021274118 -0.0049590067 -1.1756161e-07)
(0.00017773901 -0.0050547818 -1.0551768e-07)
(0.00014260167 -0.0051010381 -9.2839404e-08)
(0.00010788589 -0.0051000101 -7.8574822e-08)
(7.4185334e-05 -0.0050556441 -6.1875364e-08)
(4.1805487e-05 -0.0049532915 -4.1630392e-08)
(1.156575e-05 -0.0047305262 -1.8135922e-08)
(0.0012246802 -0.00037262338 -1.1844865e-07)
(0.0011773736 -0.0016457011 -2.6290056e-07)
(0.0011580074 -0.0021985983 -3.439232e-07)
(0.0011922718 -0.0030882949 -3.7447115e-07)
(0.0012494074 -0.0038135222 -3.7612689e-07)
(0.0012989605 -0.0045837936 -3.6417883e-07)
(0.0013224833 -0.0053564169 -3.4602228e-07)
(0.0013165228 -0.0062867285 -3.2585939e-07)
(0.0012866647 -0.0073415507 -3.0503407e-07)
(0.0012375978 -0.0083177494 -2.842795e-07)
(0.001173695 -0.0091691479 -2.6495227e-07)
(0.0010994165 -0.0098906904 -2.4724693e-07)
(0.0010182571 -0.010482495 -2.3117596e-07)
(0.00093267766 -0.010952749 -2.1621488e-07)
(0.000844215 -0.011308913 -2.0201347e-07)
(0.00075438395 -0.011554698 -1.8837205e-07)
(0.000664628 -0.011686835 -1.7540551e-07)
(0.00057624102 -0.011714102 -1.6247024e-07)
(0.00048948278 -0.011660601 -1.4942629e-07)
(0.00040489779 -0.011547074 -1.3600904e-07)
(0.00032298019 -0.011384162 -1.2173668e-07)
(0.00024412274 -0.011180985 -1.0572622e-07)
(0.0001688276 -0.010945375 -8.661971e-08)
(9.7024589e-05 -0.01064751 -6.2035042e-08)
(2.9803582e-05 -0.010237641 -3.1013871e-08)
(0.0038045464 -0.0011068274 -2.0281432e-07)
(0.0037286218 -0.004812181 -4.1315968e-07)
(0.0036435344 -0.0061169968 -5.0205413e-07)
(0.0034811223 -0.0093233308 -5.1442996e-07)
(0.0032910185 -0.012218489 -4.960136e-07)
(0.0030576983 -0.014812221 -4.6814307e-07)
(0.002798427 -0.016667374 -4.3760402e-07)
(0.0025280178 -0.017666336 -4.1002107e-07)
(0.0022650797 -0.017976881 -3.8351423e-07)
(0.002013493 -0.017861771 -3.5646729e-07)
(0.0017790187 -0.01742779 -3.3238663e-07)
(0.0015649645 -0.016796296 -3.1069731e-07)
(0.0013678122 -0.015994482 -2.9181681e-07)
(0.0011768705 -0.015068946 -2.74261e-07)
(0.0010036787 -0.014071809 -2.5751792e-07)
(0.000849357 -0.013048927 -2.4146288e-07)
(0.00071289608 -0.012038499 -2.2595595e-07)
(0.00059238861 -0.011073652 -2.1075583e-07)
(0.00048640651 -0.010176697 -1.9576105e-07)
(0.00039285841 -0.0093679128 -1.8059328e-07)
(0.00030955819 -0.0086595843 -1.6478511e-07)
(0.00023427138 -0.0080567585 -1.4756902e-07)
(0.00016456153 -0.0075616577 -1.2765115e-07)
(9.8978063e-05 -0.0071314764 -1.0271315e-07)
(3.6259475e-05 -0.0068086751 -6.5590583e-08)
(0.011814168 -0.0086973699 -3.9176241e-07)
(0.00942106 -0.025639535 -6.6745143e-07)
(0.0081391515 -0.028180412 -7.3159046e-07)
(0.0063824802 -0.032522069 -7.1181089e-07)
(0.0049524565 -0.03006127 -6.6808718e-07)
(0.003705237 -0.026342537 -6.188068e-07)
(0.0026669357 -0.021680581 -5.7147656e-07)
(0.0018392148 -0.016754 -5.2780651e-07)
(0.0011911291 -0.011817895 -4.9003333e-07)
(0.00069037291 -0.007231077 -4.5556369e-07)
(0.00030861076 -0.0030727007 -4.2456149e-07)
(2.4001312e-05 0.00050447622 -3.9565642e-07)
(-0.00017983423 0.0037701518 -3.728405e-07)
(-0.00031307562 0.0068928481 -3.5115763e-07)
(-0.00039748134 0.0097909002 -3.3013139e-07)
(-0.00044121301 0.012310353 -3.1011094e-07)
(-0.0004528894 0.01441469 -2.9093776e-07)
(-0.00043945779 0.016120404 -2.7241927e-07)
(-0.00040643928 0.017455295 -2.5435667e-07)
(-0.0003585188 0.018449007 -2.3650976e-07)
(-0.00029975373 0.019127273 -2.18555e-07)
(-0.00023373822 0.019517911 -1.9996324e-07)
(-0.00016373854 0.019620351 -1.7973545e-07)
(-9.2564866e-05 0.019499584 -1.6076114e-07)
(-2.1044687e-05 0.018809864 -1.421141e-07)
(0.014961651 0.023442387 -7.7192072e-07)
(0.0039013567 -0.0015677379 -1.0829489e-06)
(0.0011151784 0.047745553 -1.0794377e-06)
(-0.00082151628 0.05044393 -1.002692e-06)
(-0.0024891221 0.064684943 -9.2441644e-07)
(-0.0037294777 0.074986071 -8.3740144e-07)
(-0.0044222252 0.082168479 -7.5928862e-07)
(-0.0046469754 0.088192395 -6.9114369e-07)
(-0.0045827972 0.09264887 -6.3161655e-07)
(-0.0043715593 0.095432466 -5.8035697e-07)
(-0.0040871658 0.097018705 -5.3682525e-07)
(-0.0037458093 0.097539103 -4.9106582e-07)
(-0.0033976766 0.097330955 -4.6465371e-07)
(-0.0030577851 0.096124256 -4.3592276e-07)
(-0.0027141927 0.094012296 -4.0692805e-07)
(-0.0023781953 0.091619645 -3.8070587e-07)
(-0.0020604993 0.08902046 -3.5626214e-07)
(-0.001762198 0.086299497 -3.3312208e-07)
(-0.0014828415 0.083533411 -3.1097681e-07)
(-0.0012209011 0.080780519 -2.8958303e-07)
(-0.00097421571 0.078077076 -2.6870384e-07)
(-0.00074045527 0.075466782 -2.48031e-07)
(-0.00051677077 0.072916926 -2.2721717e-07)
(-0.00030173689 0.070634 -2.0682401e-07)
(-9.021278e-05 0.06714548 -1.8725981e-07)
(-0.0010338211 1.1681532 -2.508241e-06)
(-0.00057153899 0.95767184 -1.9927627e-06)
(-0.00093142467 0.86263697 -1.6134137e-06)
(-0.00068406967 0.77075522 -1.3226248e-06)
(-0.00061595555 0.67536209 -1.1065065e-06)
(-0.00054871634 0.58454561 -9.4793956e-07)
(-0.00047677566 0.50658108 -8.2878053e-07)
(-0.00040974791 0.44318337 -7.3877412e-07)
(-0.00034967293 0.39086696 -6.6519479e-07)
(-0.00029587008 0.34620014 -6.0782985e-07)
(-0.0002451503 0.30764473 -5.6290108e-07)
(-0.00019961197 0.27446358 -5.2344334e-07)
(-0.00016012801 0.24608889 -4.9016515e-07)
(-0.00013438428 0.22180053 -4.6028342e-07)
(-0.00011163523 0.20093915 -4.3238077e-07)
(-9.2890376e-05 0.18302752 -4.0607042e-07)
(-7.7282235e-05 0.16763925 -3.8102123e-07)
(-6.3849687e-05 0.15441329 -3.5698865e-07)
(-5.2248095e-05 0.14304761 -3.3379837e-07)
(-4.2149183e-05 0.13329347 -3.1131712e-07)
(-3.3198378e-05 0.12493336 -2.894183e-07)
(-2.5043722e-05 0.1178278 -2.6788806e-07)
(-1.7301472e-05 0.11172238 -2.4669414e-07)
(-9.9463785e-06 0.10693529 -2.2573489e-07)
(-2.8537733e-06 0.10089886 -2.0381764e-07)
(-0.012740809 0.089302377 -1.2011026e-06)
(-0.0025377644 0.097448332 -1.2368493e-06)
(-0.00022932327 0.10340625 -1.1885201e-06)
(0.0014541128 0.1051043 -1.0969631e-06)
(0.0029400541 0.10723593 -9.9413631e-07)
(0.0040494449 0.1089621 -8.9386106e-07)
(0.0046552199 0.11064247 -8.0391004e-07)
(0.0048186076 0.11220215 -7.2610094e-07)
(0.0047109815 0.1130385 -6.4380739e-07)
(0.0044483213 0.11313045 -5.9766696e-07)
(0.004141023 0.11247457 -5.5621457e-07)
(0.0038133273 0.11087322 -5.115201e-07)
(0.0034491774 0.10843052 -4.7343026e-07)
(0.0030839331 0.10546835 -4.4012266e-07)
(0.0027296858 0.10224298 -4.1026891e-07)
(0.002391413 0.098882509 -3.8303774e-07)
(0.0020708646 0.095471429 -3.5783288e-07)
(0.0017699518 0.092078407 -3.3419007e-07)
(0.0014880471 0.088755272 -3.1174443e-07)
(0.0012238414 0.085540421 -2.9019338e-07)
(0.00097544192 0.082455274 -2.6923109e-07)
(0.00074068562 0.079531063 -2.4843636e-07)
(0.0005170283 0.076724674 -2.283013e-07)
(0.00030239681 0.07424855 -2.0785542e-07)
(9.0932348e-05 0.070539564 -1.879334e-07)
(-0.0094253641 -0.041801578 -7.8010198e-07)
(-0.0079103915 -0.039340489 -8.4168831e-07)
(-0.0065052022 -0.037465591 -8.2790312e-07)
(-0.005135035 -0.033983331 -7.8241162e-07)
(-0.0038614157 -0.029049112 -7.2525196e-07)
(-0.0027531873 -0.023456428 -6.6490327e-07)
(-0.0018407625 -0.01769077 -6.0944729e-07)
(-0.0011219754 -0.012067108 -5.5881604e-07)
(-0.00057003458 -0.0070268873 -5.116044e-07)
(-0.0001555245 -0.0025490198 -4.763071e-07)
(0.00014740279 0.0012879954 -4.4370228e-07)
(0.00036183287 0.0049996117 -4.1299146e-07)
(0.00050342213 0.0085474152 -3.850685e-07)
(0.00058968393 0.011732135 -3.5966984e-07)
(0.00063188661 0.014477179 -3.3631783e-07)
(0.00063949239 0.016778303 -3.1458992e-07)
(0.00062097313 0.018663813 -2.9420425e-07)
(0.00058090899 0.020174607 -2.7483106e-07)
(0.00052440728 0.0213389 -2.5617051e-07)
(0.00045543459 0.022178107 -2.3790484e-07)
(0.00037729836 0.022713504 -2.1957449e-07)
(0.00029273148 0.022965931 -2.0022262e-07)
(0.00020470067 0.022946998 -1.8262124e-07)
(0.00011612842 0.022704523 -1.6223729e-07)
(2.8103889e-05 0.021860502 -1.4304359e-07)
(-0.004796603 -0.016895243 -4.7917654e-07)
(-0.0044667783 -0.019047419 -5.496494e-07)
(-0.0042047465 -0.021631798 -5.619962e-07)
(-0.0039162095 -0.023536477 -5.4497316e-07)
(-0.0035744866 -0.024735475 -5.1656274e-07)
(-0.0032099323 -0.025115287 -4.8626032e-07)
(-0.0028606988 -0.024849971 -4.4924098e-07)
(-0.0025299781 -0.024151139 -4.1478657e-07)
(-0.0022242858 -0.023188269 -3.8369668e-07)
(-0.0019471797 -0.022026385 -3.5739061e-07)
(-0.0016954906 -0.020750263 -3.335096e-07)
(-0.0014630137 -0.019345144 -3.1145292e-07)
(-0.0012507527 -0.017877882 -2.9117973e-07)
(-0.0010627924 -0.016399299 -2.725416e-07)
(-0.00089770642 -0.014945024 -2.5512654e-07)
(-0.00075312819 -0.013547885 -2.385699e-07)
(-0.00062605884 -0.012239315 -2.2298546e-07)
(-0.00051580427 -0.011050014 -2.0795369e-07)
(-0.00041999155 -0.0099921291 -1.9317518e-07)
(-0.00033653968 -0.0090666028 -1.7830989e-07)
(-0.00026342493 -0.0082731398 -1.6287094e-07)
(-0.00019860705 -0.0076108281 -1.4615835e-07)
(-0.00014009586 -0.0070755868 -1.2751624e-07)
(-8.5668601e-05 -0.0066251166 -1.0293839e-07)
(-3.2930165e-05 -0.0063054139 -6.6165465e-08)
(-0.0015226361 -0.0047080726 -3.0860876e-07)
(-0.0014933816 -0.0054338062 -3.6982553e-07)
(-0.001551142 -0.0062236444 -3.9190166e-07)
(-0.0016152491 -0.0070295392 -3.9016501e-07)
(-0.0016701081 -0.0078873953 -3.7571543e-07)
(-0.0016900088 -0.0089416297 -3.5511287e-07)
(-0.0016641454 -0.010104772 -3.3061788e-07)
(-0.0016028478 -0.011118457 -3.0642792e-07)
(-0.0015188971 -0.011972591 -2.8416063e-07)
(-0.0014224473 -0.012666312 -2.6431536e-07)
(-0.0013190834 -0.013216987 -2.462999e-07)
(-0.0012127041 -0.013627967 -2.2973908e-07)
(-0.0011042132 -0.013910387 -2.1443483e-07)
(-0.00099659983 -0.014045844 -2.0054679e-07)
(-0.00089134582 -0.014054932 -1.8739438e-07)
(-0.00078908406 -0.013975777 -1.7507252e-07)
(-0.00069134128 -0.013833433 -1.63024e-07)
(-0.00059710866 -0.01364349 -1.5121078e-07)
(-0.00050643394 -0.013415736 -1.3940901e-07)
(-0.00041908634 -0.013157437 -1.2730479e-07)
(-0.00033487742 -0.012874399 -1.1437766e-07)
(-0.00025370097 -0.012572567 -9.9812176e-08)
(-0.00017560139 -0.012255811 -8.236945e-08)
(-0.00010086932 -0.011884019 -5.9267867e-08)
(-3.1161612e-05 -0.011413669 -2.9965405e-08)
(-0.00054981183 -0.0013389541 -2.0500725e-07)
(-0.00035845532 -0.0015911714 -2.4979506e-07)
(-0.00029866552 -0.0018732137 -2.7097137e-07)
(-0.00031619449 -0.0022019102 -2.7530465e-07)
(-0.00037858862 -0.0025709408 -2.690324e-07)
(-0.00045737839 -0.0029759013 -2.5665707e-07)
(-0.00052012959 -0.0034079542 -2.4097683e-07)
(-0.00055835776 -0.0038308956 -2.2447949e-07)
(-0.00057455972 -0.0042292796 -2.0857279e-07)
(-0.00057261301 -0.0045935068 -1.9383636e-07)
(-0.00055951192 -0.0049223325 -1.802587e-07)
(-0.0005382659 -0.0052159489 -1.6771106e-07)
(-0.00051057614 -0.0054866477 -1.5608152e-07)
(-0.00047721784 -0.0057615103 -1.4530836e-07)
(-0.00043986888 -0.0060362439 -1.3517457e-07)
(-0.00039959774 -0.0062752759 -1.2555126e-07)
(-0.00035747561 -0.006467713 -1.1620472e-07)
(-0.0003138861 -0.0066105542 -1.0699379e-07)
(-0.00026951689 -0.006703181 -9.7716133e-08)
(-0.00022492203 -0.0067452894 -8.820007e-08)
(-0.00018053045 -0.0067381478 -7.8006909e-08)
(-0.0001367526 -0.006685133 -6.6351373e-08)
(-9.4081088e-05 -0.0065913236 -5.2553815e-08)
(-5.3005914e-05 -0.0064384377 -3.5409737e-08)
(-1.482835e-05 -0.006150309 -1.5611963e-08)
(-0.00034440775 -0.00032615967 -1.3821023e-07)
(-0.00016360645 -0.00026726798 -1.6813927e-07)
(-5.594844e-05 -0.00023266293 -1.8462788e-07)
(-7.486141e-06 -0.00024341529 -1.9016836e-07)
(1.4679448e-05 -0.00029852128 -1.879689e-07)
(1.2196216e-05 -0.00039004645 -1.8083073e-07)
(-1.153836e-05 -0.00050529365 -1.7088177e-07)
(-4.2077525e-05 -0.00063358461 -1.5979633e-07)
(-6.8982532e-05 -0.00077177906 -1.4865194e-07)
(-8.7735849e-05 -0.0009114345 -1.3800049e-07)
(-9.9881969e-05 -0.0010434716 -1.2801608e-07)
(-0.0001077686 -0.0011651581 -1.187073e-07)
(-0.00011327665 -0.0012739326 -1.1002937e-07)
(-0.000114581 -0.0013717452 -1.0191922e-07)
(-0.00011175776 -0.001458787 -9.4269666e-08)
(-0.00010578846 -0.001531748 -8.6973046e-08)
(-9.7589693e-05 -0.0015910073 -7.9903545e-08)
(-8.7639556e-05 -0.0016368857 -7.2950604e-08)
(-7.6510989e-05 -0.0016695039 -6.5981496e-08)
(-6.4731307e-05 -0.0016887318 -5.8835954e-08)
(-5.2685425e-05 -0.0016945412 -5.1254234e-08)
(-4.0566106e-05 -0.0016873477 -4.2849987e-08)
(-2.85454e-05 -0.0016695007 -3.3243484e-08)
(-1.6611203e-05 -0.0016400374 -2.2113968e-08)
(-4.6383712e-06 -0.0015603504 -9.6111449e-09)
(-0.00032546527 -6.521993e-05 -9.2401323e-08)
(-0.00017404592 5.672626e-05 -1.1105332e-07)
(-6.5823583e-05 0.00017066078 -1.2236161e-07)
(-9.2528925e-07 0.00026616882 -1.2700152e-07)
(3.06138e-05 0.00033641776 -1.2646344e-07)
(4.3518747e-05 0.00037484729 -1.223618e-07)
(4.4457594e-05 0.00038438333 -1.1609368e-07)
(3.5940567e-05 0.00037899669 -1.087717e-07)
(2.371082e-05 0.0003631002 -1.0116223e-07)
(1.0823211e-05 0.00033577982 -9.3709054e-08)
(6.4425244e-07 0.00030403387 -8.6613203e-08)
(-7.0391388e-06 0.0002714131 -7.9935709e-08)
(-1.2892898e-05 0.00024186385 -7.3673146e-08)
(-1.716653e-05 0.0002171806 -6.7791042e-08)
(-1.9652493e-05 0.00019693639 -6.2230847e-08)
(-2.0359892e-05 0.00018077612 -5.6925874e-08)
(-2.0080164e-05 0.00016797693 -5.1807878e-08)
(-1.8905006e-05 0.00015792243 -4.6809698e-08)
(-1.7136106e-05 0.00014979872 -4.1855537e-08)
(-1.4981088e-05 0.00014297213 -3.6848159e-08)
(-1.2569747e-05 0.0001370509 -3.1651239e-08)
(-1.0103691e-05 0.00013173887 -2.6107267e-08)
(-7.5264826e-06 0.00012662439 -2.0141934e-08)
(-4.774265e-06 0.00012096204 -1.3996355e-08)
(-1.5768594e-06 0.00011622381 -8.8484676e-09)
(-0.0003559693 -0.00010698712 -5.9217989e-08)
(-0.00023380545 -2.4003422e-05 -7.046643e-08)
(-0.00013660564 6.9715824e-05 -7.7642977e-08)
(-6.7404705e-05 0.00015543088 -8.086972e-08)
(-2.1796768e-05 0.00022626436 -8.0840158e-08)
(6.3068619e-06 0.00028486803 -7.8442164e-08)
(2.0505433e-05 0.00032985026 -7.4526092e-08)
(2.4497444e-05 0.0003575832 -6.9797607e-08)
(2.1211827e-05 0.00037006861 -6.4767955e-08)
(1.3707134e-05 0.00037597255 -5.9756902e-08)
(4.666011e-06 0.00037504853 -5.4930856e-08)
(-3.5200759e-06 0.00036718215 -5.0358415e-08)
(-9.6096493e-06 0.00035724324 -4.6052652e-08)
(-1.4379067e-05 0.00034819284 -4.1998536e-08)
(-1.8021076e-05 0.0003394322 -3.8168171e-08)
(-2.0595869e-05 0.00033010604 -3.4528819e-08)
(-2.1350273e-05 0.00032067347 -3.1044847e-08)
(-2.0763514e-05 0.00031203381 -2.7683343e-08)
(-1.9353416e-05 0.00030405806 -2.4407798e-08)
(-1.7311791e-05 0.00029669375 -2.1172328e-08)
(-1.464635e-05 0.00028952543 -1.7917165e-08)
(-1.1577794e-05 0.00028242883 -1.4592142e-08)
(-8.3189911e-06 0.00027535288 -1.1226575e-08)
(-5.0212822e-06 0.00026771418 -8.0689392e-09)
(-1.7159629e-06 0.00025432299 -5.8290706e-09)
(-0.00036544128 -0.00020522988 -3.5433657e-08)
(-0.00026880548 -0.00016935162 -4.1923657e-08)
(-0.00018596164 -0.00012321358 -4.6207814e-08)
(-0.00012044297 -7.5377603e-05 -4.8231646e-08)
(-7.1955878e-05 -2.8780074e-05 -4.8306848e-08)
(-3.7787392e-05 1.1706242e-05 -4.6915058e-08)
(-1.5814304e-05 4.4301707e-05 -4.4545142e-08)
(-3.3236204e-06 6.893938e-05 -4.1620084e-08)
(1.8440868e-06 8.481671e-05 -3.846026e-08)
(1.7777186e-06 9.2358031e-05 -3.5276371e-08)
(-1.2474219e-06 9.3297762e-05 -3.2187874e-08)
(-5.2913249e-06 8.9403982e-05 -2.9250711e-08)
(-9.0384007e-06 8.1735113e-05 -2.6482693e-08)
(-1.2374716e-05 7.198052e-05 -2.3881422e-08)
(-1.538163e-05 6.1680276e-05 -2.1435047e-08)
(-1.7996929e-05 5.2159629e-05 -1.912848e-08)
(-1.9359265e-05 4.328623e-05 -1.694682e-08)
(-1.976674e-05 3.4596321e-05 -1.4876283e-08)
(-1.9040928e-05 2.6683571e-05 -1.2902073e-08)
(-1.7306284e-05 2.0190524e-05 -1.1005348e-08)
(-1.4885959e-05 1.5151121e-05 -9.1631982e-09)
(-1.1893114e-05 1.1307289e-05 -7.3620719e-09)
(-8.6068282e-06 8.1513954e-06 -5.6297844e-09)
(-5.182706e-06 8.9848944e-06 -4.0868041e-09)
(-1.7581012e-06 5.4594875e-06 -2.907301e-09)
(-0.00034316297 -0.00024526767 -1.9555384e-08)
(-0.0002689395 -0.0002410533 -2.3167576e-08)
(-0.00020188605 -0.0002251569 -2.5599459e-08)
(-0.00014516965 -0.00020309167 -2.6768016e-08)
(-9.9695378e-05 -0.00017758336 -2.6824101e-08)
(-6.4719433e-05 -0.00015102232 -2.602143e-08)
(-3.9162545e-05 -0.00012975843 -2.4636352e-08)
(-2.1635676e-05 -0.00011463118 -2.2914245e-08)
(-1.0824849e-05 -0.00010250295 -2.1043748e-08)
(-5.1256129e-06 -9.423644e-05 -1.9151649e-08)
(-2.961367e-06 -9.1699757e-05 -1.7313726e-08)
(-2.9455435e-06 -9.3429549e-05 -1.5567539e-08)
(-3.9233128e-06 -9.8032809e-05 -1.3927763e-08)
(-5.3014032e-06 -0.00010436656 -1.2396013e-08)
(-6.6748643e-06 -0.0001116796 -1.0968052e-08)
(-7.7086295e-06 -0.00011992722 -9.6375955e-09)
(-8.8542634e-06 -0.00012794055 -8.3986041e-09)
(-9.7341497e-06 -0.00013476719 -7.2454614e-09)
(-9.9342781e-06 -0.00014006246 -6.1720866e-09)
(-9.4025077e-06 -0.00014413523 -5.1706082e-09)
(-8.3758955e-06 -0.00014701971 -4.2314384e-09)
(-6.9701924e-06 -0.00014851515 -3.3480279e-09)
(-5.2130486e-06 -0.00014977868 -2.5243461e-09)
(-3.1790746e-06 -0.00014227557 -1.7707853e-09)
(-1.0656916e-06 -0.00014351235 -1.016764e-09)
(-0.00030499809 -0.00021791447 -9.9279986e-09)
(-0.00024790702 -0.00022429338 -1.1830844e-08)
(-0.00019473264 -0.00022010924 -1.3116975e-08)
(-0.00014770587 -0.00020880171 -1.3741581e-08)
(-0.00010790061 -0.00019532946 -1.3771537e-08)
(-7.5434791e-05 -0.00018150798 -1.3336783e-08)
(-4.984024e-05 -0.00016579672 -1.2582652e-08)
(-3.05372e-05 -0.00015018333 -1.1639749e-08)
(-1.6825298e-05 -0.00013864699 -1.0612309e-08)
(-7.6467495e-06 -0.00013146028 -9.5731012e-09)
(-1.8871368e-06 -0.00012713589 -8.5654871e-09)
(1.3570435e-06 -0.00012458462 -7.6124422e-09)
(2.6988742e-06 -0.00012407925 -6.7232127e-09)
(2.8393354e-06 -0.00012618699 -5.9001654e-09)
(2.3613721e-06 -0.00013014266 -5.1417184e-09)
(1.6411507e-06 -0.00013470998 -4.4450913e-09)
(8.4009915e-07 -0.00013911286 -3.8072634e-09)
(2.1090434e-07 -0.00014303121 -3.2254601e-09)
(-3.5103759e-07 -0.00014643516 -2.6966059e-09)
(-8.2857537e-07 -0.00014900144 -2.2167221e-09)
(-1.0897174e-06 -0.00015053255 -1.7809563e-09)
(-1.1215823e-06 -0.00015071382 -1.3846188e-09)
(-9.290071e-07 -0.00015084773 -1.0236653e-09)
(-5.8637379e-07 -0.00014290826 -6.8770213e-10)
(-2.0815913e-07 -0.00014115797 -3.3213452e-10)
(-0.00026702769 -0.00016257905 -4.693081e-09)
(-0.00022228556 -0.00016909112 -5.6323724e-09)
(-0.00017973817 -0.00016746958 -6.2684477e-09)
(-0.0001410544 -0.00016154681 -6.5764128e-09)
(-0.00010717508 -0.00015311412 -6.587253e-09)
(-7.839712e-05 -0.0001426169 -6.3637041e-09)
(-5.4560819e-05 -0.00013032675 -5.9772282e-09)
(-3.5455167e-05 -0.00011728856 -5.4955938e-09)
(-2.0769446e-05 -0.00010552617 -4.9723676e-09)
(-9.9351814e-06 -9.597154e-05 -4.4442436e-09)
(-2.2573011e-06 -8.8561808e-05 -3.9340963e-09)
(2.9001838e-06 -8.3182364e-05 -3.4546866e-09)
(6.0117732e-06 -7.9846895e-05 -3.0112964e-09)
(7.5973675e-06 -7.8525987e-05 -2.6049845e-09)
(8.1316155e-06 -7.8724842e-05 -2.2352051e-09)
(7.9770588e-06 -7.951446e-05 -1.9004801e-09)
(7.3323782e-06 -8.0870826e-05 -1.5991306e-09)
(6.4405476e-06 -8.2785583e-05 -1.32949e-09)
(5.4204829e-06 -8.470691e-05 -1.0897451e-09)
(4.3624254e-06 -8.6353711e-05 -8.7772028e-10)
(3.3569619e-06 -8.7484739e-05 -6.9080217e-10)
(2.4437612e-06 -8.7788746e-05 -5.2605397e-10)
(1.6324972e-06 -8.878004e-05 -3.7988923e-10)
(8.623439e-07 -8.2072289e-05 -2.4579395e-10)
(1.590173e-07 -8.3305365e-05 -1.0889601e-10)
(-0.00023516003 -0.00011762266 -2.1064766e-09)
(-0.00019967134 -0.00012112323 -2.5369358e-09)
(-0.0001652682 -0.00012017604 -2.828326e-09)
(-0.00013329065 -0.00011536914 -2.9677551e-09)
(-0.00010453014 -0.00010766365 -2.9680703e-09)
(-7.934921e-05 -9.7818511e-05 -2.8579097e-09)
(-5.7838794e-05 -8.6406051e-05 -2.6713698e-09)
(-3.9923919e-05 -7.5110019e-05 -2.4404606e-09)
(-2.5399953e-05 -6.4424783e-05 -2.1904115e-09)
(-1.3992724e-05 -5.4221537e-05 -1.9393937e-09)
(-5.3508086e-06 -4.5356737e-05 -1.6986575e-09)
(9.1801597e-07 -3.8100696e-05 -1.4739745e-09)
(5.2580208e-06 -3.2610485e-05 -1.2679446e-09)
(8.0448608e-06 -2.869968e-05 -1.0811785e-09)
(9.6050167e-06 -2.6100074e-05 -9.13278e-10)
(1.0198634e-05 -2.4450877e-05 -7.634322e-10)
(1.006995e-05 -2.3777618e-05 -6.30647e-10)
(9.411365e-06 -2.3992384e-05 -5.1394836e-10)
(8.3963585e-06 -2.4620158e-05 -4.1231602e-10)
(7.1732813e-06 -2.5408541e-05 -3.2460158e-10)
(5.8470706e-06 -2.6214683e-05 -2.4947873e-10)
(4.4875697e-06 -2.6626937e-05 -1.8541596e-10)
(3.1222015e-06 -2.8641755e-05 -1.3046629e-10)
(1.7298592e-06 -2.2779264e-05 -8.209877e-11)
(3.9484985e-07 -2.6913935e-05 -3.5594641e-11)
(-0.00020964932 -8.7579108e-05 -9.1827156e-10)
(-0.00018134859 -9.1852221e-05 -1.0983327e-09)
(-0.00015339349 -9.0881356e-05 -1.2210833e-09)
(-0.00012681259 -8.6446502e-05 -1.2782743e-09)
(-0.00010232732 -7.9475485e-05 -1.2745792e-09)
(-8.0371372e-05 -7.0383066e-05 -1.2223771e-09)
(-6.1144438e-05 -6.0194999e-05 -1.1366404e-09)
(-4.4669506e-05 -4.9975882e-05 -1.0315496e-09)
(-3.0843229e-05 -4.0111144e-05 -9.1853502e-10)
(-1.9517646e-05 -3.0594817e-05 -8.057668e-10)
(-1.0498706e-05 -2.1685916e-05 -6.982793e-10)
(-3.5298596e-06 -1.380924e-05 -5.9880557e-10)
(1.672809e-06 -7.1795219e-06 -5.084411e-10)
(5.3565441e-06 -1.7477074e-06 -4.2737641e-10)
(7.7658168e-06 2.5526354e-06 -3.5534946e-10)
(9.1194008e-06 5.6351665e-06 -2.9190265e-10)
(9.6393707e-06 7.738075e-06 -2.3653328e-10)
(9.4918322e-06 9.1673066e-06 -1.8870787e-10)
(8.8355082e-06 9.9256568e-06 -1.4789416e-10)
(7.8126809e-06 1.0203834e-05 -1.1352031e-10)
(6.5462212e-06 1.0090675e-05 -8.496751e-11)
(5.1228692e-06 1.021223e-05 -6.1529605e-11)
(3.600998e-06 7.9769177e-06 -4.2267189e-11)
(2.0675551e-06 1.2822152e-05 -2.6375782e-11)
(6.4148911e-07 7.9040103e-06 -1.1628353e-11)
(-0.00018911747 -6.989459e-05 -3.912425e-10)
(-0.00016638571 -7.3750912e-05 -4.5881145e-10)
(-0.0001434992 -7.385901e-05 -5.0552923e-10)
(-0.00012129966 -7.0674494e-05 -5.2652382e-10)
(-0.00010043597 -6.5152205e-05 -5.2279751e-10)
(-8.1341643e-05 -5.8091404e-05 -4.9911665e-10)
(-6.4247936e-05 -4.965986e-05 -4.6176505e-10)
(-4.9245029e-05 -4.0627634e-05 -4.1651862e-10)
(-3.6329193e-05 -3.1598582e-05 -3.6815477e-10)
(-2.5429592e-05 -2.2760065e-05 -3.2017556e-10)
(-1.6423548e-05 -1.4438452e-05 -2.747331e-10)
(-9.1486033e-06 -6.8390031e-06 -2.3295995e-10)
(-3.4359922e-06 -2.7436831e-09 -1.9531811e-10)
(8.851072e-07 5.9824534e-06 -1.6188136e-10)
(3.990714e-06 1.1070887e-05 -1.3251247e-10)
(6.0513504e-06 1.5241026e-05 -1.0696728e-10)
(7.2217818e-06 1.8526155e-05 -8.4980877e-11)
(7.663718e-06 2.1006536e-05 -6.6303204e-11)
(7.5107382e-06 2.2773831e-05 -5.0686199e-11)
(6.8937905e-06 2.3946271e-05 -3.7874228e-11)
(5.9323114e-06 2.4534622e-05 -2.7601229e-11)
(4.7240894e-06 2.5152656e-05 -1.9563109e-11)
(3.3573831e-06 2.3085387e-05 -1.3293416e-11)
(1.9798906e-06 2.8017973e-05 -8.6310858e-12)
(7.2586778e-07 2.2695761e-05 -3.9568836e-12)
(-0.00017206519 -5.8161571e-05 -1.5766158e-10)
(-0.00015361497 -6.1953336e-05 -1.7938379e-10)
(-0.00013474118 -6.3101795e-05 -1.9520446e-10)
(-0.00011613634 -6.1303203e-05 -2.0224619e-10)
(-9.8351409e-05 -5.7458992e-05 -2.0018836e-10)
(-8.1783586e-05 -5.2118715e-05 -1.9056587e-10)
(-6.6674369e-05 -4.5595584e-05 -1.7568979e-10)
(-5.3148571e-05 -3.8203682e-05 -1.5777264e-10)
(-4.1251712e-05 -3.0418826e-05 -1.3861777e-10)
(-3.0964796e-05 -2.2666786e-05 -1.1960389e-10)
(-2.2222328e-05 -1.5135516e-05 -1.0166365e-10)
(-1.4935023e-05 -7.9520526e-06 -8.5272016e-11)
(-8.9937605e-06 -1.287774e-06 -7.0598055e-11)
(-4.2822607e-06 4.7360893e-06 -5.7661041e-11)
(-6.7752243e-07 1.0016333e-05 -4.6398707e-11)
(1.9408786e-06 1.456265e-05 -3.6718911e-11)
(3.6950023e-06 1.8397787e-05 -2.8509009e-11)
(4.7114579e-06 2.1533656e-05 -2.1652288e-11)
(5.1057077e-06 2.3982472e-05 -1.6046298e-11)
(4.9941622e-06 2.5753104e-05 -1.1591327e-11)
(4.4844978e-06 2.6878689e-05 -8.1864783e-12)
(3.6829101e-06 2.7942815e-05 -5.7109592e-12)
(2.6943721e-06 2.6205353e-05 -3.9157195e-12)
(1.6324199e-06 3.1003943e-05 -2.9019901e-12)
(5.6996476e-07 2.5910957e-05 -1.3469833e-12)
(-0.0001575142 -4.9385249e-05 -5.2694133e-11)
(-0.00014238675 -5.2752734e-05 -5.8094614e-11)
(-0.00012673534 -5.4300011e-05 -6.2890299e-11)
(-0.00011110055 -5.3644182e-05 -6.5437555e-11)
(-9.5935423e-05 -5.1168035e-05 -6.5174824e-11)
(-8.1585952e-05 -4.7329638e-05 -6.2313561e-11)
(-6.829037e-05 -4.2425044e-05 -5.7538857e-11)
(-5.6189518e-05 -3.6687866e-05 -5.16001e-11)
(-4.5351433e-05 -3.0379749e-05 -4.5139121e-11)
(-3.5790139e-05 -2.379154e-05 -3.865067e-11)
(-2.7482031e-05 -1.7174518e-05 -3.2473752e-11)
(-2.0379088e-05 -1.0718842e-05 -2.6816764e-11)
(-1.4413897e-05 -4.5555743e-06 -2.176933e-11)
(-9.5098481e-06 1.1902572e-06 -1.7346529e-11)
(-5.5847718e-06 6.3866926e-06 -1.3524603e-11)
(-2.5519284e-06 1.1027591e-05 -1.027331e-11)
(-3.1857286e-07 1.5070148e-05 -7.5560762e-12)
(1.2111914e-06 1.8466563e-05 -5.3361892e-12)
(2.1353419e-06 2.1222068e-05 -3.5860228e-12)
(2.550692e-06 2.3346255e-05 -2.2796539e-12)
(2.5554325e-06 2.481963e-05 -1.3867029e-12)
(2.2493096e-06 2.6119955e-05 -8.6632747e-13)
(1.7320126e-06 2.4754286e-05 -5.7892288e-13)
(1.0826229e-06 3.0088476e-05 -7.5898773e-13)
(3.5985557e-07 2.4809741e-05 -2.7195495e-13)
(-0.00014500109 -4.1504907e-05 -7.1507851e-12)
(-0.00013250859 -4.4740259e-05 -7.0681599e-12)
(-0.00011945632 -4.6632456e-05 -8.3062371e-12)
(-0.00010626839 -4.6445953e-05 -9.7070066e-12)
(-9.3315615e-05 -4.4904764e-05 -1.056844e-11)
(-8.0893285e-05 -4.2184571e-05 -1.0716865e-11)
(-6.9221011e-05 -3.8506051e-05 -1.022545e-11)
(-5.8442554e-05 -3.4043172e-05 -9.2934627e-12)
(-4.8639266e-05 -2.9005582e-05 -8.0905322e-12)
(-3.9844848e-05 -2.3569461e-05 -6.7583489e-12)
(-3.2059863e-05 -1.7928132e-05 -5.4041887e-12)
(-2.5262192e-05 -1.2298931e-05 -4.1138245e-12)
(-1.9412828e-05 -6.7815244e-06 -2.9465155e-12)
(-1.4462591e-05 -1.5193576e-06 -1.9206685e-12)
(-1.0356505e-05 3.3560313e-06 -1.0347981e-12)
(-7.032924e-06 7.8017122e-06 -2.9310286e-13)
(-4.4237573e-06 1.1758434e-05 2.9900141e-13)
(-2.4557333e-06 1.5175172e-05 7.4476798e-13)
(-1.0509315e-06 1.80297e-05 1.0449149e-12)
(-1.2908994e-07 2.0320598e-05 1.1940486e-12)
(3.938097e-07 2.1991723e-05 1.1920094e-12)
(6.0273773e-07 2.3401994e-05 1.0432487e-12)
(5.8002468e-07 2.2242023e-05 8.2214157e-13)
(3.9343109e-07 2.7526201e-05 2.251545e-13)
(1.1189401e-07 2.2630597e-05 2.5774493e-13)
(-0.00013425996 -3.486543e-05 9.8364369e-12)
(-0.0001238774 -3.7851106e-05 1.1840401e-11)
(-0.0001129261 -3.9552152e-05 1.190257e-11)
(-0.00010175179 -3.9734759e-05 1.0937552e-11)
(-9.0654524e-05 -3.8844322e-05 9.6747212e-12)
(-7.9885874e-05 -3.6864546e-05 8.4172924e-12)
(-6.9640358e-05 -3.4045127e-05 7.3072615e-12)
(-6.00561e-05 -3.0550342e-05 6.3871215e-12)
(-5.1219094e-05 -2.6484511e-05 5.6369251e-12)
(-4.3175493e-05 -2.201691e-05 5.0378443e-12)
(-3.5940044e-05 -1.7288592e-05 4.5637162e-12)
(-2.9506826e-05 -1.2440987e-05 4.1948547e-12)
(-2.3855803e-05 -7.6504136e-06 3.916416e-12)
(-1.8956653e-05 -3.0152909e-06 3.6930594e-12)
(-1.4771313e-05 1.4008036e-06 3.4960879e-12)
(-1.125648e-05 5.5054855e-06 3.3120127e-12)
(-8.3623287e-06 9.193318e-06 3.1295858e-12)
(-6.0337924e-06 1.2436186e-05 2.9356e-12)
(-4.2104e-06 1.5211993e-05 2.719155e-12)
(-2.8269274e-06 1.7472997e-05 2.4671832e-12)
(-1.8152088e-06 1.9192836e-05 2.161342e-12)
(-1.1060195e-06 2.0760785e-05 1.7889392e-12)
(-6.3138172e-07 1.9617236e-05 1.4029903e-12)
(-3.2414329e-07 2.4216752e-05 6.6647645e-13)
(-1.1421247e-07 2.0244799e-05 4.9807805e-13)
(-0.00012504748 -2.9364156e-05 1.3517012e-11)
(-0.0001163508 -3.2059085e-05 1.6429192e-11)
(-0.00010710116 -3.359105e-05 1.7186645e-11)
(-9.758645e-05 -3.3916291e-05 1.6628159e-11)
(-8.804485e-05 -3.336947e-05 1.544168e-11)
(-7.868547e-05 -3.1946965e-05 1.3985967e-11)
(-6.967783e-05 -2.9730922e-05 1.2468724e-11)
(-6.11497e-05 -2.6923274e-05 1.1036277e-11)
(-5.3188969e-05 -2.365059e-05 9.7400043e-12)
(-4.5846382e-05 -1.9994925e-05 8.5926273e-12)
(-3.9147144e-05 -1.6097727e-05 7.5966879e-12)
(-3.3095761e-05 -1.2035901e-05 6.7294971e-12)
(-2.7683671e-05 -7.9173487e-06 5.9865789e-12)
(-2.2892718e-05 -3.8793427e-06 5.3609987e-12)
(-1.8697854e-05 -4.3195391e-09 4.8253968e-12)
(-1.506744e-05 3.6353075e-06 4.3544385e-12)
(-1.1964893e-05 6.9816355e-06 3.9297066e-12)
(-9.3489549e-06 9.9735439e-06 3.537085e-12)
(-7.1731039e-06 1.2562929e-05 3.1635469e-12)
(-5.3863236e-06 1.4706489e-05 2.7920809e-12)
(-3.9341847e-06 1.6353061e-05 2.3991676e-12)
(-2.7606046e-06 1.7877394e-05 1.9647209e-12)
(-1.8091971e-06 1.6836156e-05 1.5371397e-12)
(-1.0260543e-06 2.15338e-05 7.7233951e-13)
(-3.43061e-07 1.7493351e-05 5.369258e-13)
(-0.00011712781 -2.4870386e-05 1.1733863e-11)
(-0.00010978599 -2.7164964e-05 1.5239646e-11)
(-0.00010191838 -2.8755781e-05 1.6543681e-11)
(-9.3761535e-05 -2.9346386e-05 1.6433347e-11)
(-8.5516271e-05 -2.8871467e-05 1.5528821e-11)
(-7.7350838e-05 -2.7817034e-05 1.4254732e-11)
(-6.9408157e-05 -2.6138854e-05 1.2841292e-11)
(-6.1802906e-05 -2.3871112e-05 1.1434025e-11)
(-5.462034e-05 -2.1199511e-05 1.0126648e-11)
(-4.7914482e-05 -1.8225451e-05 8.951944e-12)
(-4.1716234e-05 -1.5005922e-05 7.9116566e-12)
(-3.6037646e-05 -1.1641198e-05 6.9980871e-12)
(-3.0877565e-05 -8.2164305e-06 6.2012461e-12)
(-2.6226135e-05 -4.7915216e-06 5.5093663e-12)
(-2.2066319e-05 -1.445965e-06 4.9098088e-12)
(-1.8375596e-05 1.733805e-06 4.3844915e-12)
(-1.5126851e-05 4.6842079e-06 3.9176474e-12)
(-1.2288698e-05 7.3473481e-06 3.4951692e-12)
(-9.8256421e-06 9.6905006e-06 3.0994169e-12)
(-7.6986327e-06 1.1667041e-05 2.714083e-12)
(-5.8647044e-06 1.3216534e-05 2.3173595e-12)
(-4.2788023e-06 1.4812747e-05 1.8850337e-12)
(-2.8959904e-06 1.3664539e-05 1.4697851e-12)
(-1.675778e-06 1.7824845e-05 7.325703e-13)
(-5.5960235e-07 1.4655233e-05 4.9217856e-13)
(-0.0001102686 -2.133041e-05 8.639287e-12)
(-0.00010402945 -2.3204193e-05 1.2354138e-11)
(-9.7293098e-05 -2.4755232e-05 1.4045863e-11)
(-9.0245101e-05 -2.5734267e-05 1.4373275e-11)
(-8.3065804e-05 -2.5572839e-05 1.3855121e-11)
(-7.589995e-05 -2.4707464e-05 1.2871055e-11)
(-6.8865951e-05 -2.3400826e-05 1.1692772e-11)
(-6.2062853e-05 -2.1644698e-05 1.0491527e-11)
(-5.5564872e-05 -1.9471504e-05 9.3434835e-12)
(-4.9428294e-05 -1.7052306e-05 8.2958423e-12)
(-4.3687123e-05 -1.4418599e-05 7.3565374e-12)
(-3.8358216e-05 -1.1635614e-05 6.5226307e-12)
(-3.3446603e-05 -8.7843642e-06 5.7851327e-12)
(-2.894826e-05 -5.9089277e-06 5.1337473e-12)
(-2.4851322e-05 -3.1065824e-06 4.5728646e-12)
(-2.1139726e-05 -4.3408504e-07 4.0845263e-12)
(-1.7793415e-05 2.0864806e-06 3.6453821e-12)
(-1.4788881e-05 4.3871414e-06 3.2469927e-12)
(-1.2099301e-05 6.4228464e-06 2.8751976e-12)
(-9.6943252e-06 8.1481973e-06 2.5138647e-12)
(-7.541128e-06 9.5189251e-06 2.141882e-12)
(-5.6049719e-06 1.0814944e-05 1.7372205e-12)
(-3.8514666e-06 9.9898372e-06 1.343175e-12)
(-2.2437411e-06 1.4643368e-05 6.45514e-13)
(-7.3676461e-07 1.061301e-05 4.4051821e-13)
(-0.00010424511 -1.8554035e-05 5.8819354e-12)
(-9.8908231e-05 -2.0362089e-05 9.6008283e-12)
(-9.3104116e-05 -2.1712416e-05 1.1483846e-11)
(-8.6978096e-05 -2.2668118e-05 1.2117804e-11)
(-8.0679079e-05 -2.2982736e-05 1.1913612e-11)
(-7.434146e-05 -2.2506865e-05 1.1242377e-11)
(-6.8073309e-05 -2.1442179e-05 1.0326571e-11)
(-6.1957838e-05 -2.011563e-05 9.3362864e-12)
(-5.6059727e-05 -1.8467102e-05 8.3726125e-12)
(-5.0429286e-05 -1.6495367e-05 7.4695684e-12)
(-4.5100071e-05 -1.4351767e-05 6.6540531e-12)
(-4.0094232e-05 -1.2085556e-05 5.9234808e-12)
(-3.5420439e-05 -9.743215e-06 5.2698964e-12)
(-3.1078022e-05 -7.3736081e-06 4.6870892e-12)
(-2.7060128e-05 -5.0358955e-06 4.175555e-12)
(-2.3355722e-05 -2.7998447e-06 3.7301441e-12)
(-1.995053e-05 -7.0392413e-07 3.3346749e-12)
(-1.6827102e-05 1.2240821e-06 2.9746719e-12)
(-1.396491e-05 2.943878e-06 2.6370657e-12)
(-1.1340999e-05 4.4138327e-06 2.306449e-12)
(-8.9308768e-06 5.6033999e-06 1.9630138e-12)
(-6.7086574e-06 6.7409758e-06 1.5881742e-12)
(-4.6482277e-06 6.1068696e-06 1.2193281e-12)
(-2.7239234e-06 1.0942962e-05 5.5959416e-13)
(-8.9960465e-07 6.7356432e-06 3.8865737e-13)
(-9.8865056e-05 -1.6453222e-05 3.791234e-12)
(-9.4265124e-05 -1.8203293e-05 7.4314838e-12)
(-8.9230564e-05 -1.9455642e-05 9.4016684e-12)
(-8.3880453e-05 -2.02764e-05 1.020507e-11)
(-7.8327739e-05 -2.0665187e-05 1.0215001e-11)
(-7.2687197e-05 -2.0682017e-05 9.7752296e-12)
(-6.7060396e-05 -2.0207804e-05 9.1026338e-12)
(-6.1524909e-05 -1.919539e-05 8.3137611e-12)
(-5.6142878e-05 -1.7925297e-05 7.5089242e-12)
(-5.0956935e-05 -1.6440564e-05 6.7439679e-12)
(-4.5998103e-05 -1.4721402e-05 6.0373296e-12)
(-4.1288982e-05 -1.2875339e-05 5.3954249e-12)
(-3.6839735e-05 -1.0988017e-05 4.8213524e-12)
(-3.2651685e-05 -9.0831118e-06 4.3078698e-12)
(-2.8723316e-05 -7.188124e-06 3.8491318e-12)
(-2.5048219e-05 -5.3451846e-06 3.4406836e-12)
(-2.1616463e-05 -3.5936345e-06 3.0761267e-12)
(-1.8414967e-05 -1.9790529e-06 2.7464654e-12)
(-1.5428368e-05 -5.3541894e-07 2.4374699e-12)
(-1.2640234e-05 7.1429754e-07 2.1325419e-12)
(-1.0033038e-05 1.74916e-06 1.8137348e-12)
(-7.5882204e-06 2.7914815e-06 1.4659703e-12)
(-5.2864685e-06 2.2143383e-06 1.125658e-12)
(-3.1075825e-06 6.9284854e-06 5.0481721e-13)
(-1.0243346e-06 2.8864715e-06 3.5221197e-13)
(-9.3983503e-05 -1.4791533e-05 2.1677884e-12)
(-8.9985752e-05 -1.6460183e-05 5.7773157e-12)
(-8.5586648e-05 -1.7600176e-05 7.7744995e-12)
(-8.0884035e-05 -1.8429636e-05 8.6897243e-12)
(-7.5969487e-05 -1.896996e-05 8.845601e-12)
(-7.0931857e-05 -1.9165436e-05 8.5573464e-12)
(-6.5855545e-05 -1.9074803e-05 8.0590261e-12)
(-6.0816183e-05 -1.8635817e-05 7.4434581e-12)
(-5.5873344e-05 -1.7841402e-05 6.7870444e-12)
(-5.1070289e-05 -1.6695456e-05 6.1423183e-12)
(-4.6438853e-05 -1.5362304e-05 5.5313704e-12)
(-4.1996202e-05 -1.3929685e-05 4.9662024e-12)
(-3.7753805e-05 -1.2416662e-05 4.4543419e-12)
(-3.371676e-05 -1.0896401e-05 3.9960871e-12)
(-2.9886734e-05 -9.3856516e-06 3.5847057e-12)
(-2.6260153e-05 -7.8911776e-06 3.215349e-12)
(-2.2829618e-05 -6.4472469e-06 2.8817155e-12)
(-1.9585188e-05 -5.1014725e-06 2.5755007e-12)
(-1.6516835e-05 -3.8857771e-06 2.2865595e-12)
(-1.3613825e-05 -2.8259583e-06 2.002096e-12)
(-1.086408e-05 -1.9403724e-06 1.7050022e-12)
(-8.2544061e-06 -9.7309227e-07 1.3798394e-12)
(-5.7707279e-06 -1.5463962e-06 1.0670939e-12)
(-3.3981066e-06 2.9577578e-06 4.820456e-13)
(-1.1178607e-06 -7.4457249e-07 3.315861e-13)
(-8.9496463e-05 -1.3377832e-05 8.5656031e-13)
(-8.599395e-05 -1.4859908e-05 4.4335153e-12)
(-8.2119912e-05 -1.6009299e-05 6.4544781e-12)
(-7.7954743e-05 -1.7130123e-05 7.4327071e-12)
(-7.3577362e-05 -1.7963386e-05 7.7300849e-12)
(-6.9059533e-05 -1.8279517e-05 7.5758109e-12)
(-6.4468506e-05 -1.8294646e-05 7.1874964e-12)
(-5.9868063e-05 -1.8063541e-05 6.6931306e-12)
(-5.531145e-05 -1.755421e-05 6.1479428e-12)
(-5.0843056e-05 -1.6871854e-05 5.5970418e-12)
(-4.6495367e-05 -1.6057873e-05 5.067587e-12)
(-4.228667e-05 -1.5087329e-05 4.5766021e-12)
(-3.8231298e-05 -1.3939964e-05 4.1291503e-12)
(-3.4339333e-05 -1.2717139e-05 3.7212137e-12)
(-3.061172e-05 -1.1520006e-05 3.3506552e-12)
(-2.7045946e-05 -1.0297142e-05 3.0155276e-12)
(-2.3637288e-05 -9.0925e-06 2.7118989e-12)
(-2.0379811e-05 -7.9897e-06 2.4320291e-12)
(-1.7267626e-05 -7.0008817e-06 2.1658253e-12)
(-1.4293717e-05 -6.1159044e-06 1.9009391e-12)
(-1.1449789e-05 -5.3617588e-06 1.6221048e-12)
(-8.7267083e-06 -4.4651688e-06 1.3150326e-12)
(-6.1146419e-06 -4.9914255e-06 1.0177582e-12)
(-3.6044736e-06 -6.6499087e-07 4.5964844e-13)
(-1.1835069e-06 -4.1117628e-06 3.1675037e-13)
(-8.5324082e-05 -1.2129642e-05 -1.1578536e-13)
(-8.2231309e-05 -1.3750729e-05 3.3324744e-12)
(-7.8793698e-05 -1.5216213e-05 5.3254953e-12)
(-7.5077709e-05 -1.6283134e-05 6.3296776e-12)
(-7.1149948e-05 -1.7096404e-05 6.7216927e-12)
(-6.7072367e-05 -1.760202e-05 6.7097e-12)
(-6.2902059e-05 -1.7797244e-05 6.4348844e-12)
(-5.8690181e-05 -1.7742984e-05 6.0238786e-12)
(-5.4482283e-05 -1.7495009e-05 5.5628981e-12)
(-5.0317356e-05 -1.7102914e-05 5.0912744e-12)
(-4.6225112e-05 -1.654888e-05 4.6300717e-12)
(-4.223049e-05 -1.5843396e-05 4.1988785e-12)
(-3.8350224e-05 -1.5076667e-05 3.8026585e-12)
(-3.4595334e-05 -1.4222225e-05 3.4411765e-12)
(-3.096846e-05 -1.3293826e-05 3.1139925e-12)
(-2.7469811e-05 -1.2400843e-05 2.8153733e-12)
(-2.4098255e-05 -1.1517145e-05 2.5403622e-12)
(-2.0852279e-05 -1.0623883e-05 2.2840926e-12)
(-1.7727981e-05 -9.7820262e-06 2.0392812e-12)
(-1.4719968e-05 -9.025207e-06 1.7948104e-12)
(-1.1822667e-05 -8.3777795e-06 1.535837e-12)
(-9.0303909e-06 -7.5587252e-06 1.2472019e-12)
(-6.3369516e-06 -8.0300745e-06 9.6514967e-13)
(-3.7376276e-06 -3.8890976e-06 4.3527497e-13)
(-1.2251247e-06 -7.0781325e-06 2.9980575e-13)
(-8.1398923e-05 -1.144381e-05 -1.0445452e-12)
(-7.8647288e-05 -1.3161327e-05 2.2784548e-12)
(-7.5575097e-05 -1.4534369e-05 4.2715658e-12)
(-7.2237137e-05 -1.5555663e-05 5.3524368e-12)
(-6.8688751e-05 -1.6408102e-05 5.8258363e-12)
(-6.4983317e-05 -1.7082128e-05 5.9071017e-12)
(-6.1170469e-05 -1.7437117e-05 5.7313644e-12)
(-5.7294656e-05 -1.7583649e-05 5.4081038e-12)
(-5.3395603e-05 -1.7554296e-05 5.0183629e-12)
(-4.9506519e-05 -1.7357643e-05 4.6093299e-12)
(-4.5655194e-05 -1.701918e-05 4.2082626e-12)
(-4.1866747e-05 -1.6572562e-05 3.8311405e-12)
(-3.8157687e-05 -1.6050377e-05 3.4821864e-12)
(-3.4537604e-05 -1.5451426e-05 3.1621987e-12)
(-3.1014548e-05 -1.4786618e-05 2.87073e-12)
(-2.7592995e-05 -1.4101192e-05 2.6038143e-12)
(-2.4274948e-05 -1.3442104e-05 2.3565328e-12)
(-2.1060892e-05 -1.278979e-05 2.1238092e-12)
(-1.794862e-05 -1.2123926e-05 1.8998512e-12)
(-1.493501e-05 -1.1489385e-05 1.6755875e-12)
(-1.2017083e-05 -1.094556e-05 1.4373317e-12)
(-9.191984e-06 -1.0188979e-05 1.1671615e-12)
(-6.4567896e-06 -1.0631431e-05 9.0689369e-13)
(-3.80938e-06 -6.700641e-06 4.1123491e-13)
(-1.2469384e-06 -9.6021791e-06 2.7984141e-13)
(-7.7666864e-05 -1.0976522e-05 -1.9668739e-12)
(-7.5200593e-05 -1.253902e-05 1.2843593e-12)
(-7.2435479e-05 -1.3868872e-05 3.2988088e-12)
(-6.9416928e-05 -1.4967865e-05 4.4427059e-12)
(-6.6191123e-05 -1.5880962e-05 4.9838916e-12)
(-6.2803663e-05 -1.6616167e-05 5.1353746e-12)
(-5.9297535e-05 -1.7127528e-05 5.0409613e-12)
(-5.5712294e-05 -1.7446069e-05 4.8034629e-12)
(-5.2083379e-05 -1.7596153e-05 4.4902848e-12)
(-4.84415e-05 -1.7596783e-05 4.1483394e-12)
(-4.4813302e-05 -1.7469436e-05 3.8083654e-12)
(-4.1219773e-05 -1.7232343e-05 3.4813354e-12)
(-3.7676898e-05 -1.6903522e-05 3.1731885e-12)
(-3.4195758e-05 -1.6501674e-05 2.8888909e-12)
(-3.0786698e-05 -1.6048872e-05 2.6296149e-12)
(-2.745664e-05 -1.5556015e-05 2.3916869e-12)
(-2.4209383e-05 -1.5050565e-05 2.1695999e-12)
(-2.104598e-05 -1.4538176e-05 1.9591073e-12)
(-1.7966927e-05 -1.4011918e-05 1.7557402e-12)
(-1.4972389e-05 -1.3499138e-05 1.5518952e-12)
(-1.2061957e-05 -1.3053517e-05 1.3347765e-12)
(-9.2350743e-06 -1.2350038e-05 1.0847657e-12)
(-6.4913173e-06 -1.2779943e-05 8.4736892e-13)
(-3.83045e-06 -9.0704785e-06 3.8678176e-13)
(-1.2525037e-06 -1.1692161e-05 2.6258141e-13)
(-7.4089655e-05 -1.0491927e-05 -2.8027375e-12)
(-7.1862666e-05 -1.1974977e-05 4.0742549e-13)
(-6.935691e-05 -1.3289358e-05 2.4336395e-12)
(-6.661e-05 -1.4439349e-05 3.6103974e-12)
(-6.3661036e-05 -1.5401447e-05 4.2000281e-12)
(-6.054875e-05 -1.6197079e-05 4.4086446e-12)
(-5.7310522e-05 -1.6837728e-05 4.3876788e-12)
(-5.3981174e-05 -1.7302888e-05 4.2269733e-12)
(-5.0592493e-05 -1.7605943e-05 3.9849853e-12)
(-4.7172919e-05 -1.7764271e-05 3.7057676e-12)
(-4.374698e-05 -1.7808575e-05 3.4193739e-12)
(-4.0334049e-05 -1.7750457e-05 3.1396993e-12)
(-3.6950409e-05 -1.759314e-05 2.8735069e-12)
(-3.3609476e-05 -1.736354e-05 2.6266494e-12)
(-3.0321096e-05 -1.7070852e-05 2.3977851e-12)
(-2.7092741e-05 -1.6718877e-05 2.1851592e-12)
(-2.3929444e-05 -1.6341418e-05 1.9867497e-12)
(-2.0834065e-05 -1.5944779e-05 1.7981738e-12)
(-1.7809403e-05 -1.5523375e-05 1.6148537e-12)
(-1.4857675e-05 -1.50999e-05 1.4297197e-12)
(-1.1980505e-05 -1.4704089e-05 1.2304129e-12)
(-9.1791714e-06 -1.4047707e-05 1.0010529e-12)
(-6.4549303e-06 -1.4466171e-05 7.8545733e-13)
(-3.8094679e-06 -1.0958794e-05 3.5510822e-13)
(-1.244587e-06 -1.331329e-05 2.4074326e-13)
(-7.0644533e-05 -1.0067468e-05 -3.4592495e-12)
(-6.8620128e-05 -1.150449e-05 -3.1416585e-13)
(-6.6335198e-05 -1.281377e-05 1.6923491e-12)
(-6.3821553e-05 -1.3970891e-05 2.8831515e-12)
(-6.1112624e-05 -1.495266e-05 3.5126749e-12)
(-5.8241085e-05 -1.5815539e-05 3.7716427e-12)
(-5.5239443e-05 -1.6545564e-05 3.7998594e-12)
(-5.2138434e-05 -1.7113448e-05 3.691909e-12)
(-4.8966504e-05 -1.753895e-05 3.5079906e-12)
(-4.5749427e-05 -1.7835925e-05 3.2861123e-12)
(-4.2509695e-05 -1.8010198e-05 3.048796e-12)
(-3.92665e-05 -1.8079601e-05 2.8119602e-12)
(-3.6036218e-05 -1.8067251e-05 2.5852879e-12)
(-3.2832713e-05 -1.7976203e-05 2.3719538e-12)
(-2.9666194e-05 -1.7808376e-05 2.171893e-12)
(-2.6544681e-05 -1.7581493e-05 1.9852326e-12)
(-2.3474541e-05 -1.7315962e-05 1.8108568e-12)
(-2.0460987e-05 -1.7014743e-05 1.6444437e-12)
(-1.750812e-05 -1.6675919e-05 1.4803482e-12)
(-1.4619055e-05 -1.6312804e-05 1.3121281e-12)
(-1.1796621e-05 -1.5944191e-05 1.1295319e-12)
(-9.0433039e-06 -1.5347208e-05 9.2076405e-13)
(-6.361455e-06 -1.573032e-05 7.2137085e-13)
(-3.7543924e-06 -1.2421382e-05 3.1905102e-13)
(-1.2257422e-06 -1.4534958e-05 2.1947295e-13)
(-6.7321879e-05 -9.5983867e-06 -3.9519969e-12)
(-6.5471224e-05 -1.1061335e-05 -9.0414838e-13)
(-6.3376788e-05 -1.2398942e-05 1.0601956e-12)
(-6.1065964e-05 -1.3540024e-05 2.2539995e-12)
(-5.8566293e-05 -1.4547893e-05 2.9149507e-12)
(-5.5906859e-05 -1.5454441e-05 3.217389e-12)
(-5.3115588e-05 -1.6229342e-05 3.2899397e-12)
(-5.0219812e-05 -1.6873704e-05 3.2247497e-12)
(-4.7244786e-05 -1.7383884e-05 3.0822525e-12)
(-4.4213979e-05 -1.7775759e-05 2.9023374e-12)
(-4.1148382e-05 -1.8057315e-05 2.7072288e-12)
(-3.8066529e-05 -1.8238276e-05 2.5092656e-12)
(-3.4984514e-05 -1.8325266e-05 2.3156027e-12)
(-3.1915916e-05 -1.832991e-05 2.1313009e-12)
(-2.8871813e-05 -1.8268378e-05 1.9587883e-12)
(-2.5861137e-05 -1.8143577e-05 1.7967845e-12)
(-2.2891412e-05 -1.7962052e-05 1.6435924e-12)
(-1.9969216e-05 -1.7731378e-05 1.4961212e-12)
(-1.7099809e-05 -1.7456404e-05 1.3497227e-12)
(-1.4287788e-05 -1.7146351e-05 1.1983909e-12)
(-1.1536246e-05 -1.680806e-05 1.0325696e-12)
(-8.8482282e-06 -1.625571e-05 8.4252844e-13)
(-6.22639e-06 -1.6614232e-05 6.5915215e-13)
(-3.6743189e-06 -1.3507998e-05 2.839655e-13)
(-1.198264e-06 -1.5380093e-05 1.980746e-13)
(-6.4119201e-05 -9.1693535e-06 -4.3625103e-12)
(-6.2419913e-05 -1.0585782e-05 -1.4111536e-12)
(-6.0491986e-05 -1.1882058e-05 5.1047328e-13)
(-5.835871e-05 -1.3090509e-05 1.704422e-12)
(-5.6043632e-05 -1.4175504e-05 2.3905297e-12)
(-5.3572391e-05 -1.5062151e-05 2.7289365e-12)
(-5.0969607e-05 -1.5860887e-05 2.8433034e-12)
(-4.8259171e-05 -1.6573801e-05 2.8196729e-12)
(-4.546405e-05 -1.7140328e-05 2.7148397e-12)
(-4.2605635e-05 -1.7595143e-05 2.5683277e-12)
(-3.9703544e-05 -1.7946829e-05 2.4039082e-12)
(-3.6775345e-05 -1.8201427e-05 2.2353759e-12)
(-3.3836691e-05 -1.8368442e-05 2.0708715e-12)
(-3.0901058e-05 -1.8455356e-05 1.9132094e-12)
(-2.797998e-05 -1.846782e-05 1.7635114e-12)
(-2.5083153e-05 -1.8411673e-05 1.6219254e-12)
(-2.2218919e-05 -1.8291784e-05 1.4869567e-12)
(-1.9395314e-05 -1.8117075e-05 1.3562196e-12)
(-1.6618125e-05 -1.7893675e-05 1.2258184e-12)
(-1.3892564e-05 -1.7626197e-05 1.0901572e-12)
(-1.1222633e-05 -1.7317087e-05 9.4017309e-13)
(-8.6122538e-06 -1.6799092e-05 7.668368e-13)
(-6.0640035e-06 -1.7141768e-05 6.0022743e-13)
(-3.5777541e-06 -1.4253418e-05 2.5252659e-13)
(-1.1641547e-06 -1.5874857e-05 1.770133e-13)
(-6.1038109e-05 -8.7545322e-06 -4.7297095e-12)
(-5.9472132e-05 -1.0126985e-05 -1.8718293e-12)
(-5.7691014e-05 -1.1405134e-05 1.2689625e-14)
(-5.5714583e-05 -1.2590545e-05 1.2083536e-12)
(-5.3564314e-05 -1.3663078e-05 1.9182061e-12)
(-5.1261694e-05 -1.4599894e-05 2.2909382e-12)
(-4.8828866e-05 -1.543464e-05 2.4429147e-12)
(-4.6287068e-05 -1.6169286e-05 2.4575897e-12)
(-4.36574e-05 -1.6781954e-05 2.3898268e-12)
(-4.0959324e-05 -1.7281478e-05 2.276055e-12)
(-3.8211038e-05 -1.7682748e-05 2.1400759e-12)
(-3.5429338e-05 -1.7992278e-05 1.9965517e-12)
(-3.2629207e-05 -1.821389e-05 1.8544712e-12)
(-2.9824155e-05 -1.8354371e-05 1.7175758e-12)
(-2.7025813e-05 -1.841867e-05 1.5867655e-12)
(-2.4244342e-05 -1.8411978e-05 1.4623596e-12)
(-2.1489776e-05 -1.8339801e-05 1.3434942e-12)
(-1.8769901e-05 -1.8208709e-05 1.2279499e-12)
(-1.6090346e-05 -1.802358e-05 1.1119792e-12)
(-1.3455787e-05 -1.7785715e-05 9.9053784e-13)
(-1.0872521e-05 -1.7501604e-05 8.5525368e-13)
(-8.3461118e-06 -1.7014186e-05 6.9722075e-13)
(-5.8796078e-06 -1.7352054e-05 5.475376e-13)
(-3.4694393e-06 -1.4719447e-05 2.275966e-13)
(-1.1270163e-06 -1.6057911e-05 1.5932275e-13)
(-5.8084454e-05 -8.3405329e-06 -5.0465045e-12)
(-5.6635924e-05 -9.6652851e-06 -2.2807989e-12)
(-5.498495e-05 -1.0907448e-05 -4.3434682e-13)
(-5.314876e-05 -1.2058958e-05 7.5849789e-13)
(-5.1146051e-05 -1.311236e-05 1.4851035e-12)
(-4.8995722e-05 -1.4061946e-05 1.8864151e-12)
(-4.6717282e-05 -1.4897146e-05 2.0724275e-12)
(-4.4330343e-05 -1.5639171e-05 2.1227522e-12)
(-4.1853679e-05 -1.6286206e-05 2.0897484e-12)
(-3.9305282e-05 -1.6823777e-05 2.0074653e-12)
(-3.6702119e-05 -1.7264223e-05 1.9001935e-12)
(-3.4060156e-05 -1.7611237e-05 1.7822914e-12)
(-3.1393815e-05 -1.7867607e-05 1.6614656e-12)
(-2.8716225e-05 -1.8041891e-05 1.5429628e-12)
(-2.6039355e-05 -1.8143363e-05 1.4288808e-12)
(-2.3374321e-05 -1.8175788e-05 1.3197629e-12)
(-2.0731331e-05 -1.8144459e-05 1.2150151e-12)
(-1.8115559e-05 -1.8049064e-05 1.1126755e-12)
(-1.5533736e-05 -1.7880875e-05 1.0095368e-12)
(-1.2992516e-05 -1.7654476e-05 9.0103596e-13)
(-1.0498738e-05 -1.7393603e-05 7.7960846e-13)
(-8.0585501e-06 -1.691132e-05 6.356602e-13)
(-5.6760618e-06 -1.7283195e-05 5.0128598e-13)
(-3.3505468e-06 -1.5001636e-05 2.0877731e-13)
(-1.0877522e-06 -1.5997171e-05 1.4706421e-13)
(-5.5267926e-05 -7.9126809e-06 -5.3379913e-12)
(-5.3922936e-05 -9.1824906e-06 -2.6482967e-12)
(-5.2387457e-05 -1.0377452e-05 -8.3653226e-13)
(-5.0676572e-05 -1.1490072e-05 3.4856097e-13)
(-4.8806565e-05 -1.2513748e-05 1.0851766e-12)
(-4.6794266e-05 -1.3444194e-05 1.5085302e-12)
(-4.465705e-05 -1.427542e-05 1.7233709e-12)
(-4.2412528e-05 -1.5014371e-05 1.8047354e-12)
(-4.0077684e-05 -1.566401e-05 1.8028683e-12)
(-3.7669297e-05 -1.621534e-05 1.7503871e-12)
(-3.5203205e-05 -1.6673826e-05 1.6715221e-12)
(-3.2694322e-05 -1.7045456e-05 1.5797947e-12)
(-3.0156695e-05 -1.7332759e-05 1.481594e-12)
(-2.7603018e-05 -1.7539176e-05 1.3823738e-12)
(-2.5045576e-05 -1.7668953e-05 1.2849784e-12)
(-2.2495918e-05 -1.7739308e-05 1.1906901e-12)
(-1.9960485e-05 -1.7733157e-05 1.099027e-12)
(-1.7446432e-05 -1.7643241e-05 1.0084695e-12)
(-1.4962423e-05 -1.7491952e-05 9.1670945e-13)
(-1.2516622e-05 -1.7287158e-05 8.198664e-13)
(-1.011487e-05 -1.7051879e-05 7.1131712e-13)
(-7.7625802e-06 -1.6518522e-05 5.7943292e-13)
(-5.4645458e-06 -1.6942022e-05 4.5869762e-13)
(-3.2252849e-06 -1.4998831e-05 1.9251393e-13)
(-1.0500875e-06 -1.5575394e-05 1.3432921e-13)
(-5.2599624e-05 -7.4610979e-06 -5.6301554e-12)
(-5.1346363e-05 -8.6666925e-06 -3.0056928e-12)
(-4.9913595e-05 -9.8057953e-06 -1.2237896e-12)
(-4.8314789e-05 -1.0871288e-05 -4.4938104e-14)
(-4.6564256e-05 -1.1855035e-05 7.028919e-13)
(-4.4676993e-05 -1.2754316e-05 1.1486325e-12)
(-4.2668595e-05 -1.3566925e-05 1.3910514e-12)
(-4.0554806e-05 -1.4288251e-05 1.5014706e-12)
(-3.835138e-05 -1.4927739e-05 1.5288689e-12)
(-3.6073669e-05 -1.5482876e-05 1.5055522e-12)
(-3.3736453e-05 -1.5947601e-05 1.4532059e-12)
(-3.1353776e-05 -1.6326901e-05 1.3846429e-12)
(-2.8939001e-05 -1.6625067e-05 1.3073982e-12)
(-2.6504617e-05 -1.6848121e-05 1.2267655e-12)
(-2.4062417e-05 -1.7007661e-05 1.1459135e-12)
(-2.162216e-05 -1.7092163e-05 1.0664182e-12)
(-1.9189905e-05 -1.7091325e-05 9.880489e-13)
(-1.677697e-05 -1.7023108e-05 9.0949529e-13)
(-1.4391932e-05 -1.6898917e-05 8.2892073e-13)
(-1.2041623e-05 -1.6720483e-05 7.4328633e-13)
(-9.731887e-06 -1.6516133e-05 6.4705277e-13)
(-7.4680105e-06 -1.6067866e-05 5.2703426e-13)
(-5.255906e-06 -1.6352979e-05 4.1910696e-13)
(-3.1031453e-06 -1.4448902e-05 1.7778007e-13)
(-1.0160333e-06 -1.5149311e-05 1.2384715e-13)
(-5.0090398e-05 -6.9806148e-06 -5.9523017e-12)
(-4.8918739e-05 -8.116264e-06 -3.3816456e-12)
(-4.7577702e-05 -9.1891028e-06 -1.6142848e-12)
(-4.6079294e-05 -1.0195311e-05 -4.3128121e-13)
(-4.4436265e-05 -1.1131997e-05 3.3328619e-13)
(-4.2662096e-05 -1.1993104e-05 8.0471198e-13)
(-4.0770893e-05 -1.2774575e-05 1.0754158e-12)
(-3.8776876e-05 -1.3472927e-05 1.2140302e-12)
(-3.6694559e-05 -1.4091632e-05 1.2688759e-12)
(-3.4538031e-05 -1.4631749e-05 1.2716273e-12)
(-3.2321175e-05 -1.5090181e-05 1.24285e-12)
(-3.0057193e-05 -1.5468095e-05 1.1953674e-12)
(-2.7758539e-05 -1.5769651e-05 1.1374703e-12)
(-2.5436979e-05 -1.6001465e-05 1.074365e-12)
(-2.3103081e-05 -1.6166427e-05 1.0091236e-12)
(-2.07656e-05 -1.6251417e-05 9.4359878e-13)
(-1.8435712e-05 -1.6265166e-05 8.7819615e-13)
(-1.6122843e-05 -1.6220818e-05 8.1174969e-13)
(-1.3834455e-05 -1.6116166e-05 7.4253981e-13)
(-1.1577134e-05 -1.5957458e-05 6.6815746e-13)
(-9.3571929e-06 -1.5773459e-05 5.8378279e-13)
(-7.1807369e-06 -1.5368231e-05 4.7680659e-13)
(-5.0550238e-06 -1.5595805e-05 3.8158293e-13)
(-2.9868579e-06 -1.3789315e-05 1.6381257e-13)
(-9.7955494e-07 -1.4496047e-05 1.1560574e-13)
(-4.7750835e-05 -6.4719503e-06 -6.2940254e-12)
(-4.6651865e-05 -7.5287924e-06 -3.7674118e-12)
(-4.5392807e-05 -8.5302142e-06 -2.0072175e-12)
(-4.3984307e-05 -9.4714374e-06 -8.1240399e-13)
(-4.2437875e-05 -1.035271e-05 -2.5345809e-14)
(-4.0765893e-05 -1.1165503e-05 4.7269509e-13)
(-3.8981022e-05 -1.1905645e-05 7.7137755e-13)
(-3.7096222e-05 -1.2571661e-05 9.3782048e-13)
(-3.5124823e-05 -1.3159351e-05 1.0186214e-12)
(-3.3079951e-05 -1.3675295e-05 1.0454233e-12)
(-3.0974516e-05 -1.4118615e-05 1.0385753e-12)
(-2.8820909e-05 -1.4485665e-05 1.0110325e-12)
(-2.6630836e-05 -1.4781104e-05 9.7132857e-13)
(-2.4415071e-05 -1.5008434e-05 9.2478991e-13)
(-2.2183055e-05 -1.5166384e-05 8.7455114e-13)
(-1.994479e-05 -1.5255602e-05 8.2236628e-13)
(-1.7713441e-05 -1.5282979e-05 7.6909999e-13)
(-1.5496125e-05 -1.5251145e-05 7.1431729e-13)
(-1.329991e-05 -1.5159413e-05 6.5630423e-13)
(-1.1131943e-05 -1.5013534e-05 5.9286355e-13)
(-8.9990667e-06 -1.4842847e-05 5.1999886e-13)
(-6.9077134e-06 -1.4462145e-05 4.2599575e-13)
(-4.8648711e-06 -1.4671708e-05 3.4232007e-13)
(-2.8749654e-06 -1.3033167e-05 1.4659609e-13)
(-9.4042475e-07 -1.3640262e-05 1.0432721e-13)
(-4.5591182e-05 -5.9380474e-06 -6.6418494e-12)
(-4.4556893e-05 -6.9103465e-06 -4.1487424e-12)
(-4.3370887e-05 -7.8350171e-06 -2.3936091e-12)
(-4.2042758e-05 -8.7068899e-06 -1.1867689e-12)
(-4.0582977e-05 -9.5194438e-06 -3.8054962e-13)
(-3.9002787e-05 -1.0270614e-05 1.4207866e-13)
(-3.7313703e-05 -1.096333e-05 4.7051476e-13)
(-3.5527913e-05 -1.1588273e-05 6.655764e-13)
(-3.3657434e-05 -1.2140871e-05 7.7203532e-13)
(-3.1714491e-05 -1.2626359e-05 8.2239207e-13)
(-2.971112e-05 -1.3044539e-05 8.3694508e-13)
(-2.7659035e-05 -1.3394228e-05 8.288637e-13)
(-2.5569384e-05 -1.3676422e-05 8.0688171e-13)
(-2.3452535e-05 -1.3890309e-05 7.7649924e-13)
(-2.1317906e-05 -1.4036446e-05 7.4091791e-13)
(-1.9175281e-05 -1.4127399e-05 7.0202423e-13)
(-1.703504e-05 -1.416264e-05 6.6060194e-13)
(-1.4906542e-05 -1.4138569e-05 6.1695803e-13)
(-1.279724e-05 -1.4055471e-05 5.6981987e-13)
(-1.0714075e-05 -1.3921563e-05 5.1708353e-13)
(-8.6639206e-06 -1.375681e-05 4.5511134e-13)
(-6.6537466e-06 -1.3394122e-05 3.7426633e-13)
(-4.6856051e-06 -1.3614343e-05 3.0207248e-13)
(-2.768399e-06 -1.2181575e-05 1.2773715e-13)
(-9.0235548e-07 -1.2644041e-05 9.164308e-14)
(-4.3620865e-05 -5.3787391e-06 -6.9994242e-12)
(-4.2643849e-05 -6.2622737e-06 -4.5309117e-12)
(-4.1522642e-05 -7.1039998e-06 -2.7783558e-12)
(-4.0265981e-05 -7.898748e-06 -1.5599229e-12)
(-3.8883449e-05 -8.641379e-06 -7.3283435e-13)
(-3.7385158e-05 -9.3298629e-06 -1.8505079e-13)
(-3.5781882e-05 -9.9590408e-06 1.6750182e-13)
(-3.4084865e-05 -1.0528936e-05 3.8769017e-13)
(-3.230519e-05 -1.1042093e-05 5.2071626e-13)
(-3.0454297e-05 -1.1491959e-05 5.9557595e-13)
(-2.8543422e-05 -1.1879862e-05 6.3212326e-13)
(-2.6583608e-05 -1.2206711e-05 6.4399857e-13)
(-2.4585587e-05 -1.2470487e-05 6.4008565e-13)
(-2.2559748e-05 -1.2670842e-05 6.2596227e-13)
(-2.0516176e-05 -1.2804198e-05 6.0496526e-13)
(-1.8463656e-05 -1.2883946e-05 5.7933784e-13)
(-1.640926e-05 -1.2920953e-05 5.5015609e-13)
(-1.4363039e-05 -1.2905739e-05 5.176788e-13)
(-1.2333809e-05 -1.2833962e-05 4.8116821e-13)
(-1.0328886e-05 -1.2711843e-05 4.3903494e-13)
(-8.3547339e-06 -1.2562274e-05 3.8811813e-13)
(-6.4186389e-06 -1.2199652e-05 3.2023256e-13)
(-4.5184036e-06 -1.24389e-05 2.6018762e-13)
(-2.6684994e-06 -1.1231512e-05 1.0817155e-13)
(-8.6819127e-07 -1.1533434e-05 7.889335e-14)
(-4.1848181e-05 -4.7967991e-06 -7.3764484e-12)
(-4.0921444e-05 -5.5865715e-06 -4.9248228e-12)
(-3.9857198e-05 -6.3395523e-06 -3.1709228e-12)
(-3.8663498e-05 -7.0513878e-06 -1.9395108e-12)
(-3.7349112e-05 -7.7182036e-06 -1.0923512e-12)
(-3.5923398e-05 -8.3364515e-06 -5.2113714e-13)
(-3.4396308e-05 -8.9026511e-06 -1.4317911e-13)
(-3.2778035e-05 -9.4168468e-06 1.0277638e-13)
(-3.1079185e-05 -9.8775276e-06 2.599939e-13)
(-2.9310431e-05 -1.028303e-05 3.5810632e-13)
(-2.7482303e-05 -1.0635315e-05 4.1704534e-13)
(-2.5605289e-05 -1.0933011e-05 4.4975681e-13)
(-2.3689697e-05 -1.1174686e-05 4.6470539e-13)
(-2.1745728e-05 -1.1359932e-05 4.6733034e-13)
(-1.9783575e-05 -1.1485603e-05 4.6135692e-13)
(-1.7812576e-05 -1.155459e-05 4.4939172e-13)
(-1.5839112e-05 -1.1580973e-05 4.3280893e-13)
(-1.3870249e-05 -1.1569238e-05 4.1195641e-13)
(-1.1914694e-05 -1.1511104e-05 3.8647499e-13)
(-9.9805839e-06 -1.140055e-05 3.5526535e-13)
(-8.0745999e-06 -1.1282142e-05 3.1608969e-13)
(-6.2023194e-06 -1.0937742e-05 2.6130483e-13)
(-4.3679036e-06 -1.1156968e-05 2.1424372e-13)
(-2.5757117e-06 -1.013753e-05 8.5929571e-14)
(-8.343758e-07 -1.0370243e-05 6.4145173e-14)
(-4.0280429e-05 -4.1925132e-06 -7.7875761e-12)
(-3.939728e-05 -4.8838686e-06 -5.3458817e-12)
(-3.8382508e-05 -5.5435336e-06 -3.5860246e-12)
(-3.7243561e-05 -6.1677776e-06 -2.3390565e-12)
(-3.5988558e-05 -6.7528659e-06 -1.4709696e-12)
(-3.4626217e-05 -7.2966111e-06 -8.7529777e-13)
(-3.3165738e-05 -7.796253e-06 -4.7083613e-13)
(-3.1616642e-05 -8.2494793e-06 -1.9841182e-13)
(-2.998887e-05 -8.6549707e-06 -1.5902203e-14)
(-2.8292408e-05 -9.0127876e-06 1.0616388e-13)
(-2.6537302e-05 -9.3223606e-06 1.8723021e-13)
(-2.4733569e-05 -9.5839469e-06 2.4026395e-13)
(-2.2891065e-05 -9.7980055e-06 2.7395507e-13)
(-2.1019547e-05 -9.9634149e-06 2.9386839e-13)
(-1.9128647e-05 -1.0080029e-05 3.0385809e-13)
(-1.7227867e-05 -1.0148369e-05 3.0654366e-13)
(-1.5325272e-05 -1.0169467e-05 3.0333299e-13)
(-1.3426936e-05 -1.0149377e-05 2.9484591e-13)
(-1.1539443e-05 -1.0095665e-05 2.8119587e-13)
(-9.6698374e-06 -1.0004127e-05 2.6178657e-13)
(-7.8248455e-06 -9.8996208e-06 2.3526544e-13)
(-6.0089818e-06 -9.6296214e-06 1.9425453e-13)
(-4.2337853e-06 -9.8004236e-06 1.6096218e-13)
(-2.4934758e-06 -8.8692341e-06 5.7727796e-14)
(-8.0334658e-07 -9.1120604e-06 4.6448303e-14)
(-3.8924596e-05 -3.5659292e-06 -8.2268687e-12)
(-3.8078586e-05 -4.1547717e-06 -5.790668e-12)
(-3.7106016e-05 -4.7166173e-06 -4.0244566e-12)
(-3.601382e-05 -5.2485581e-06 -2.7618466e-12)
(-3.4809596e-05 -5.7477205e-06 -1.8714669e-12)
(-3.35015e-05 -6.2117851e-06 -1.2503216e-12)
(-3.2098179e-05 -6.6388159e-06 -8.1913373e-13)
(-3.060863e-05 -7.0272096e-06 -5.1952301e-13)
(-2.9042162e-05 -7.3745862e-06 -3.1076847e-13)
(-2.7408221e-05 -7.6806592e-06 -1.640813e-13)
(-2.5716426e-05 -7.9452492e-06 -6.0182321e-14)
(-2.3976318e-05 -8.1682154e-06 1.3630593e-14)
(-2.2197345e-05 -8.3498314e-06 6.615563e-14)
(-2.0388786e-05 -8.4901675e-06 1.0353383e-13)
(-1.8559675e-05 -8.590705e-06 1.2996515e-13)
(-1.6718707e-05 -8.6531579e-06 1.4806178e-13)
(-1.487479e-05 -8.676659e-06 1.5913858e-13)
(-1.3035411e-05 -8.6623134e-06 1.6406279e-13)
(-1.1206613e-05 -8.6127814e-06 1.6333443e-13)
(-9.3940347e-06 -8.5299353e-06 1.5674584e-13)
(-7.6036162e-06 -8.4385941e-06 1.4361991e-13)
(-5.8408754e-06 -8.2215712e-06 1.175424e-13)
(-4.1142016e-06 -8.3553863e-06 9.8997713e-14)
(-2.4248621e-06 -7.5368164e-06 2.2240738e-14)
(-7.8090468e-07 -7.7696032e-06 2.4359047e-14)
(-3.7788483e-05 -2.9162224e-06 -8.6338476e-12)
(-3.6973251e-05 -3.3986424e-06 -6.2077492e-12)
(-3.6035701e-05 -3.858966e-06 -4.4421999e-12)
(-3.4982354e-05 -4.2945914e-06 -3.1715206e-12)
(-3.3820369e-05 -4.7028425e-06 -2.2662906e-12)
(-3.2557445e-05 -5.0824038e-06 -1.6250413e-12)
(-3.120176e-05 -5.4318737e-06 -1.1709048e-12)
(-2.9761902e-05 -5.7500412e-06 -8.4733327e-13)
(-2.8246742e-05 -6.0354981e-06 -6.1440155e-13)
(-2.6665279e-05 -6.2867558e-06 -4.4430996e-13)
(-2.5026678e-05 -6.503328e-06 -3.1813764e-13)
(-2.3340077e-05 -6.6859404e-06 -2.2327821e-13)
(-2.161458e-05 -6.8350114e-06 -1.5119228e-13)
(-1.9859075e-05 -6.9509242e-06 -9.5772605e-14)
(-1.8082164e-05 -7.0341664e-06 -5.2728694e-14)
(-1.6292052e-05 -7.0841692e-06 -1.9554714e-14)
(-1.4497065e-05 -7.1033527e-06 5.7280128e-15)
(-1.2705015e-05 -7.0944027e-06 2.446512e-14)
(-1.0922859e-05 -7.0569607e-06 3.7062959e-14)
(-9.1568191e-06 -6.9886998e-06 4.3610918e-14)
(-7.4125349e-06 -6.912831e-06 4.4039617e-14)
(-5.6959081e-06 -6.7360362e-06 3.3796431e-14)
(-4.0123583e-06 -6.8379598e-06 3.0484925e-14)
(-2.3674503e-06 -6.1580348e-06 -1.9013146e-14)
(-7.6294066e-07 -6.3590167e-06 -1.1176969e-15)
(-3.6881378e-05 -2.244639e-06 -8.8424143e-12)
(-3.6090561e-05 -2.6173179e-06 -6.4595632e-12)
(-3.5180812e-05 -2.9720684e-06 -4.7278809e-12)
(-3.415838e-05 -3.3077216e-06 -3.4775292e-12)
(-3.3029998e-05 -3.6218779e-06 -2.5798556e-12)
(-3.180302e-05 -3.9141915e-06 -1.9355654e-12)
(-3.0485278e-05 -4.1831718e-06 -1.4717043e-12)
(-2.9085026e-05 -4.4270011e-06 -1.1352648e-12)
(-2.7610763e-05 -4.6457193e-06 -8.8703674e-13)
(-2.6071186e-05 -4.8392881e-06 -6.9957934e-13)
(-2.4475076e-05 -5.007206e-06 -5.5512334e-13)
(-2.2831251e-05 -5.1490308e-06 -4.4227334e-13)
(-2.1148512e-05 -5.2648905e-06 -3.5320062e-13)
(-1.9435507e-05 -5.3551256e-06 -2.8201216e-13)
(-1.7700519e-05 -5.419641e-06 -2.2443455e-13)
(-1.5951572e-05 -5.4587384e-06 -1.7761622e-13)
(-1.4196374e-05 -5.4742074e-06 -1.3944287e-13)
(-1.2442524e-05 -5.4671681e-06 -1.0852074e-13)
(-1.0697219e-05 -5.4375154e-06 -8.4094468e-14)
(-8.9672225e-06 -5.3869599e-06 -6.5577403e-14)
(-7.258711e-06 -5.3282056e-06 -5.271566e-14)
(-5.5775066e-06 -5.1917481e-06 -4.8128644e-14)
(-3.9311364e-06 -5.2692372e-06 -3.7659511e-14)
(-2.3207707e-06 -4.7397438e-06 -6.119991e-14)
(-7.4731808e-07 -4.9007516e-06 -2.7729346e-14)
(-3.6216281e-05 -1.5611492e-06 -8.5315585e-12)
(-3.5443393e-05 -1.8207947e-06 -6.293448e-12)
(-3.4554017e-05 -2.0655056e-06 -4.6834304e-12)
(-3.3554165e-05 -2.2981837e-06 -3.5207363e-12)
(-3.2450362e-05 -2.5182538e-06 -2.6792388e-12)
(-3.1249719e-05 -2.7230176e-06 -2.0696165e-12)
(-2.9959836e-05 -2.9105393e-06 -1.6256218e-12)
(-2.8588649e-05 -3.0805099e-06 -1.2978245e-12)
(-2.714437e-05 -3.2334452e-06 -1.0508246e-12)
(-2.5635464e-05 -3.3686495e-06 -8.6077124e-13)
(-2.4070498e-05 -3.4863074e-06 -7.1107199e-13)
(-2.245808e-05 -3.5861366e-06 -5.9091929e-13)
(-2.0806743e-05 -3.6670058e-06 -4.936565e-13)
(-1.9124903e-05 -3.7293601e-06 -4.1410561e-13)
(-1.7420679e-05 -3.7746099e-06 -3.4818285e-13)
(-1.5701932e-05 -3.8029221e-06 -2.9309305e-13)
(-1.3976241e-05 -3.8145231e-06 -2.4684209e-13)
(-1.225108e-05 -3.8098757e-06 -2.0802353e-13)
(-1.0533531e-05 -3.7895058e-06 -1.7563798e-13)
(-8.8302979e-06 -3.754308e-06 -1.4891034e-13)
(-7.1478749e-06 -3.7141101e-06 -1.2721062e-13)
(-5.4924235e-06 -3.6133803e-06 -1.1182489e-13)
(-3.8721504e-06 -3.6699204e-06 -9.2127617e-14)
(-2.2855376e-06 -3.3029233e-06 -9.438908e-14)
(-7.3503426e-07 -3.4142268e-06 -5.0421113e-14)
(-3.5810462e-05 -8.8041918e-07 -7.2456996e-12)
(-3.504854e-05 -1.0244137e-06 -5.3699812e-12)
(-3.4171621e-05 -1.1640689e-06 -4.0343e-12)
(-3.3185534e-05 -1.298046e-06 -3.0738253e-12)
(-3.2096799e-05 -1.4249655e-06 -2.3783884e-12)
(-3.0912342e-05 -1.5418822e-06 -1.8726142e-12)
(-2.9639566e-05 -1.6488929e-06 -1.5002175e-12)
(-2.8286212e-05 -1.7468103e-06 -1.2204692e-12)
(-2.6860356e-05 -1.8351717e-06 -1.0061784e-12)
(-2.5370293e-05 -1.9129812e-06 -8.3931082e-13)
(-2.3824445e-05 -1.9800666e-06 -7.0695882e-13)
(-2.2231279e-05 -2.0369328e-06 -5.9951549e-13)
(-2.0599174e-05 -2.0833352e-06 -5.1092825e-13)
(-1.893634e-05 -2.1193183e-06 -4.3699544e-13)
(-1.7250838e-05 -2.1454942e-06 -3.7476758e-13)
(-1.5550491e-05 -2.1619382e-06 -3.221128e-13)
(-1.3842881e-05 -2.1687853e-06 -2.772072e-13)
(-1.2135341e-05 -2.1661815e-06 -2.3887287e-13)
(-1.0434926e-05 -2.1544459e-06 -2.0616122e-13)
(-8.7483799e-06 -2.1337762e-06 -1.7830204e-13)
(-7.0821796e-06 -2.1111659e-06 -1.5457257e-13)
(-5.4423251e-06 -2.0455383e-06 -1.351839e-13)
(-3.836473e-06 -2.0871337e-06 -1.1308095e-13)
(-2.2632456e-06 -1.8837104e-06 -1.0266029e-13)
(-7.2765769e-07 -1.9410544e-06 -5.9599851e-14)
(-3.5665155e-05 -2.3348484e-07 -4.4644342e-12)
(-3.4906956e-05 -2.6980611e-07 -3.302083e-12)
(-3.4034344e-05 -3.0946768e-07 -2.4883778e-12)
(-3.3053142e-05 -3.4479422e-07 -1.9127802e-12)
(-3.1969713e-05 -3.7737619e-07 -1.4982647e-12)
(-3.079096e-05 -4.0920458e-07 -1.1933219e-12)
(-2.9524203e-05 -4.3901366e-07 -9.6602245e-13)
(-2.8177171e-05 -4.6653217e-07 -7.9349404e-13)
(-2.6757901e-05 -4.9134393e-07 -6.599951e-13)
(-2.5274624e-05 -5.1305872e-07 -5.5502894e-13)
(-2.3735678e-05 -5.3126803e-07 -4.7156191e-13)
(-2.2149432e-05 -5.4604397e-07 -4.0395874e-13)
(-2.0524199e-05 -5.5797571e-07 -3.4790891e-13)
(-1.8868171e-05 -5.675992e-07 -3.0022926e-13)
(-1.7189387e-05 -5.745643e-07 -2.5964765e-13)
(-1.5495665e-05 -5.785688e-07 -2.2550407e-13)
(-1.3794603e-05 -5.8035154e-07 -1.9575815e-13)
(-1.2093509e-05 -5.7942458e-07 -1.7011829e-13)
(-1.0399435e-05 -5.758107e-07 -1.4803061e-13)
(-8.7191141e-06 -5.6953793e-07 -1.2898449e-13)
(-7.0588862e-06 -5.6223811e-07 -1.1251262e-13)
(-5.4244566e-06 -5.4248634e-07 -9.8307453e-14)
(-3.822316e-06 -5.6180697e-07 -8.3217383e-14)
(-2.2547707e-06 -4.8918961e-07 -7.2316814e-14)
(-7.2678839e-07 -5.1042439e-07 -4.5744013e-14)
)
;

boundaryField
{
    Walls
    {
        type            noSlip;
    }
    Inlet
    {
        type            pressureInletVelocity;
        value           nonuniform List<vector> 3((1.4827272 -0 -0) (1.4486409 -0 -0) (1.6041181 -0 -0));
    }
    Outlet
    {
        type            pressureInletOutletVelocity;
        value           nonuniform List<vector> 
86
(
(-3.7424494e-05 0 0)
(-3.7443661e-05 0 0)
(-3.720102e-05 0 0)
(-3.6817164e-05 0 0)
(-3.6303421e-05 0 0)
(-3.5665155e-05 0 0)
(-3.4906956e-05 2.4221566e-19 4.270137e-19)
(-3.4034344e-05 -2.3616071e-19 3.6082724e-19)
(-3.3053142e-05 0 0)
(-3.1969713e-05 0 0)
(-3.079096e-05 0 0)
(-2.9524203e-05 0 0)
(-2.8177171e-05 -1.955184e-19 -1.792382e-19)
(-2.6757901e-05 1.8567023e-19 -1.576019e-19)
(-2.5274624e-05 0 0)
(-2.3735678e-05 0 0)
(-2.2149432e-05 0 0)
(-2.0524199e-05 0 0)
(-1.8868171e-05 0 0)
(-1.7189387e-05 0 0)
(-1.5495665e-05 0 0)
(-1.3794603e-05 0 0)
(-1.2093509e-05 0 0)
(-1.0399435e-05 0 0)
(-8.7191141e-06 0 0)
(-7.0588862e-06 0 0)
(-5.4244566e-06 0 0)
(-3.822316e-06 5.3045291e-20 0)
(-2.2547707e-06 -3.129123e-20 0)
(-7.2678839e-07 0 0)
(-2.8537733e-06 0.10089886 -2.0381764e-07)
(9.0932348e-05 0.070539564 -1.879334e-07)
(2.8103889e-05 0.021860502 -1.4304359e-07)
(0 -0.0063054139 0)
(0 -0.011413669 0)
(0 -0.006150309 0)
(0 -0.0015603504 0)
(-1.5768594e-06 0.00011622381 -8.8484676e-09)
(-1.7159629e-06 0.00025432299 -5.8290706e-09)
(-1.7581012e-06 5.4594875e-06 -2.907301e-09)
(0 -0.00014351235 0)
(0 -0.00014115797 0)
(0 -8.3305365e-05 0)
(0 -2.6913935e-05 0)
(6.4148911e-07 7.9040103e-06 -1.1628353e-11)
(7.2586778e-07 2.2695761e-05 -3.9568836e-12)
(5.6996476e-07 2.5910957e-05 -1.3469833e-12)
(3.5985557e-07 2.4809741e-05 -2.7195495e-13)
(1.1189401e-07 2.2630597e-05 2.5774493e-13)
(-1.1421247e-07 2.0244799e-05 4.9807805e-13)
(-3.43061e-07 1.7493351e-05 5.369258e-13)
(-5.5960235e-07 1.4655233e-05 4.9217856e-13)
(-7.3676461e-07 1.061301e-05 4.4051821e-13)
(-8.9960465e-07 6.7356432e-06 3.8865737e-13)
(-1.0243346e-06 2.8864715e-06 3.5221197e-13)
(0 -7.4457249e-07 0)
(0 -4.1117628e-06 0)
(0 -7.0781325e-06 0)
(0 -9.6021791e-06 0)
(0 -1.1692161e-05 0)
(0 -1.331329e-05 0)
(0 -1.4534958e-05 0)
(0 -1.5380093e-05 0)
(0 -1.5874857e-05 0)
(0 -1.6057911e-05 0)
(0 -1.5997171e-05 0)
(0 -1.5575394e-05 0)
(0 -1.5149311e-05 0)
(0 -1.4496047e-05 0)
(0 -1.3640262e-05 0)
(0 -1.2644041e-05 0)
(0 -1.1533434e-05 0)
(0 -1.0370243e-05 0)
(0 -9.1120604e-06 0)
(0 -7.7696032e-06 0)
(0 -6.3590167e-06 0)
(0 -4.9007516e-06 0)
(0 -3.4142268e-06 0)
(0 -1.9410544e-06 0)
(0 -5.1042439e-07 0)
(0 -0.00092383683 0)
(0 -0.0047305262 0)
(0 -0.010237641 0)
(0 -0.0068086751 0)
(-2.1044687e-05 0.018809864 -1.421141e-07)
(-9.021278e-05 0.06714548 -1.8725981e-07)
)
;
    }
    Front
    {
        type            wedge;
    }
    Back
    {
        type            wedge;
    }
    defaultFaces
    {
        type            empty;
    }
}


// ************************************************************************* //
