/*--------------------------------*- C++ -*----------------------------------*\
| =========                 |                                                 |
| \\      /  F ield         | OpenFOAM: The Open Source CFD Toolbox           |
|  \\    /   O peration     | Version:  4.0                                   |
|   \\  /    A nd           | Web:      www.OpenFOAM.org                      |
|    \\/     M anipulation  |                                                 |
\*---------------------------------------------------------------------------*/
FoamFile
{
    version     2.0;
    format      ascii;
    class       surfaceScalarField;
    location    "0.7";
    object      phi;
}
// * * * * * * * * * * * * * * * * * * * * * * * * * * * * * * * * * * * * * //

dimensions      [0 3 -1 0 0 0 0];

internalField   nonuniform List<scalar> 
3364
(
-9.8304571e-11
1.6456284e-08
-9.3200355e-10
5.0671898e-08
8.7680496e-08
-3.31579e-10
1.6787843e-08
-1.8085182e-09
5.2148866e-08
8.5871994e-08
-2.8551523e-10
1.7073372e-08
-6.6116235e-10
5.2524577e-08
8.5210833e-08
1.834e-10
1.6889949e-08
5.7926805e-10
5.2128671e-08
8.5790052e-08
3.402932e-10
1.6549615e-08
-8.0568262e-11
5.2549441e-08
8.5709428e-08
2.6074958e-10
1.6288807e-08
3.0640111e-10
5.2503711e-08
8.6015816e-08
-1.4697667e-10
1.643573e-08
9.2826108e-10
5.1428438e-08
8.6944074e-08
-4.6265043e-10
1.6898378e-08
1.6545438e-10
5.0800309e-08
8.7109493e-08
-4.9643903e-10
1.7394792e-08
-1.1951423e-11
5.0315793e-08
8.7097508e-08
-4.1003033e-10
1.7804764e-08
-4.6910845e-10
5.0374822e-08
8.6628379e-08
-1.8430668e-10
1.7989042e-08
-1.2776843e-09
5.1468134e-08
8.5350642e-08
2.9630589e-10
1.7692716e-08
-5.0961841e-11
5.1815339e-08
8.5299621e-08
3.2086218e-10
1.7371795e-08
3.290375e-10
5.1807117e-08
8.5628639e-08
2.4564466e-11
1.7347158e-08
-1.9398644e-10
5.2025645e-08
8.543464e-08
6.0508805e-10
1.6742034e-08
1.4329883e-10
5.2487401e-08
8.5577907e-08
5.079057e-10
1.6234106e-08
5.6336422e-10
5.2431898e-08
8.6141225e-08
-2.1018956e-10
1.6444277e-08
-3.8514502e-11
5.226019e-08
8.6102664e-08
-2.5007591e-10
1.669432e-08
-1.3193529e-09
5.3329426e-08
8.4783278e-08
-4.5830514e-10
1.7152576e-08
-1.9991003e-09
5.4870186e-08
8.2784156e-08
-7.1465704e-10
1.7867199e-08
-4.8814015e-11
5.4204307e-08
8.2735311e-08
-6.8381363e-10
1.8550978e-08
1.4948488e-09
5.2025614e-08
8.4230116e-08
1.2827681e-10
1.8422664e-08
1.2867593e-09
5.0867096e-08
8.5516826e-08
8.335214e-10
1.7589095e-08
8.9041724e-10
5.0810161e-08
8.64072e-08
4.7777499e-10
1.7111287e-08
5.753429e-10
5.0712577e-08
8.6982506e-08
3.9220093e-10
1.6719057e-08
2.4064075e-10
5.0864109e-08
8.7223114e-08
1.7630664e-10
1.6542696e-08
-8.7909994e-10
5.1919474e-08
8.6343978e-08
-2.045669e-10
1.6747199e-08
-4.2074195e-10
5.2135586e-08
8.5923193e-08
-5.2554571e-11
1.679972e-08
-2.854644e-11
5.2111545e-08
8.589461e-08
9.6111822e-11
1.6703666e-08
-8.825011e-10
5.3090251e-08
8.5012133e-08
1.2449639e-09
1.5458911e-08
4.9068095e-09
4.9428518e-08
8.9918921e-08
1.1110082e-08
4.3481648e-09
4.9077776e-08
1.1458957e-08
1.1192456e-08
1.2780167e-07
4.736129e-09
-3.8843011e-10
1.7157106e-08
-9.6348741e-10
-1.1103512e-09
2.9458056e-08
-3.6888445e-10
-1.9510485e-11
-1.2779486e-09
-5.4349918e-11
-1.7803617e-10
-2.2101653e-09
-7.4466933e-11
5.4971277e-11
-2.6896941e-10
1.4018788e-10
1.2831064e-10
-5.7527892e-10
1.1910124e-11
4.3062533e-11
3.8242765e-11
1.1385903e-10
1.4339341e-10
2.316346e-11
1.2467539e-11
3.0594958e-11
4.255616e-11
8.3770243e-11
1.1957427e-10
6.6375301e-11
7.9592851e-12
2.2635719e-11
2.9098095e-11
6.2631528e-11
9.2628008e-11
5.6044802e-11
6.2944792e-12
1.6341318e-11
2.2517972e-11
4.640807e-11
7.0135912e-11
4.5009999e-11
4.3520581e-12
1.1989316e-11
1.6340917e-11
3.441924e-11
5.3392173e-11
3.3084629e-11
2.7337198e-12
9.255666e-12
1.0363177e-11
2.6789888e-11
4.2379042e-11
2.1376444e-11
1.6467123e-12
7.60903e-12
6.2193698e-12
2.2217376e-11
3.543364e-11
1.3164988e-11
1.0886888e-12
6.5204075e-12
4.1511779e-12
1.9155021e-11
3.0638604e-11
8.9464177e-12
8.5984117e-13
5.6606141e-12
3.3256178e-12
1.6689342e-11
2.6684426e-11
7.2799431e-12
7.6743636e-13
4.8932086e-12
2.9552524e-12
1.4501586e-11
2.328529e-11
6.35448e-12
6.6202162e-13
4.231206e-12
2.5960821e-12
1.2567558e-11
2.026326e-11
5.6181642e-12
5.7336159e-13
3.6578561e-12
2.2681024e-12
1.0872835e-11
1.761212e-11
4.9192678e-12
4.849845e-13
3.1728789e-12
1.9158411e-12
9.441987e-12
1.5338613e-11
4.1893594e-12
4.0734774e-13
2.7655356e-12
1.6121198e-12
8.237218e-12
1.3414244e-11
3.5364923e-12
3.4457781e-13
2.4209603e-12
1.3634213e-12
7.2183737e-12
1.1775888e-11
3.0017744e-12
2.9761559e-13
2.1233454e-12
1.1785704e-12
6.3374143e-12
1.0362091e-11
2.5923583e-12
2.6061252e-13
1.8627322e-12
1.0343412e-12
5.5636782e-12
9.114396e-12
2.2820235e-12
2.2882834e-13
1.6339022e-12
9.104044e-13
4.882093e-12
8.0043723e-12
2.0204119e-12
2.0188952e-13
1.4320104e-12
8.046645e-13
4.2793075e-12
7.020486e-12
1.7885328e-12
1.7786268e-13
1.254145e-12
7.1311585e-13
3.7440433e-12
6.1392275e-12
1.5943553e-12
1.5829459e-13
1.0958475e-12
6.2432092e-13
3.2780057e-12
5.3872442e-12
1.376285e-12
1.3693722e-13
9.5890726e-13
5.4536999e-13
2.8695618e-12
4.7188417e-12
1.2137535e-12
1.2015676e-13
8.3874749e-13
4.7969864e-13
2.5100091e-12
4.127315e-12
1.0712069e-12
1.061127e-13
7.3263184e-13
4.2355797e-13
2.1925535e-12
3.6056478e-12
9.4520757e-13
9.3354656e-14
6.3927435e-13
3.7270603e-13
1.9131923e-12
3.1468921e-12
8.3144506e-13
8.144502e-14
5.5782667e-13
3.2524707e-13
1.6693811e-12
2.7462089e-12
7.2591488e-13
7.0544877e-14
4.8727933e-13
2.8153411e-13
1.4583836e-12
2.3995308e-12
6.2819806e-13
6.0936008e-14
4.2634107e-13
2.4324733e-13
1.2760647e-12
2.0997269e-12
5.4303838e-13
5.2373102e-14
3.7396594e-13
2.0914794e-13
1.119283e-12
1.8419572e-12
4.6690615e-13
4.4815132e-14
3.29149e-13
1.7884851e-13
9.8524351e-13
1.6217842e-12
3.9901126e-13
3.8032126e-14
2.9111529e-13
1.5180454e-13
8.7146572e-13
1.4347346e-12
3.3884521e-13
3.2060091e-14
2.5905382e-13
1.2802812e-13
7.7549301e-13
1.2769494e-12
2.8580546e-13
2.6842918e-14
2.3220972e-13
1.0716506e-13
6.9516683e-13
1.1449727e-12
2.391352e-13
2.2319349e-14
2.0988938e-13
8.906264e-14
6.2842014e-13
1.0352423e-12
1.9878745e-13
1.8416017e-14
1.9147255e-13
7.3468995e-14
5.7336434e-13
9.4474411e-13
1.6396256e-13
1.5087019e-14
1.7638488e-13
6.0236427e-14
5.2821265e-13
8.7071684e-13
1.3425998e-13
1.2252593e-14
1.6413179e-13
4.8862038e-14
4.916014e-13
8.1070229e-13
1.0887368e-13
9.8811047e-15
1.5425031e-13
3.9354483e-14
4.6212664e-13
7.624258e-13
8.7628781e-14
7.9364953e-15
1.4631356e-13
3.1543678e-14
4.3851847e-13
7.2390302e-13
7.0064902e-14
6.3545807e-15
1.3995883e-13
2.5028683e-14
4.1984372e-13
6.936035e-13
5.5327214e-14
4.6603159e-15
1.3529847e-13
1.8880526e-14
4.0562315e-13
6.7000965e-13
4.247388e-14
3.628593e-15
1.316699e-13
1.4668719e-14
3.9458291e-13
6.5172537e-13
3.2952905e-14
2.7888277e-15
1.2888116e-13
1.1281482e-14
3.8609033e-13
6.3770727e-13
2.5299792e-14
2.0785685e-15
1.2680271e-13
8.423112e-15
3.7974595e-13
6.2725807e-13
1.8872689e-14
1.508703e-15
1.2529412e-13
5.8772575e-15
3.7537758e-13
6.2011148e-13
1.3024247e-14
7.9040689e-16
2.9934615e-15
6.5557159e-15
1.3698833e-07
-9.1919305e-09
-8.5356932e-09
1.4551777e-07
2.1531942e-08
-1.2670041e-09
-1.2720585e-09
1.4267779e-08
-3.1813108e-09
-2.9573002e-10
-4.3830287e-10
-4.0149225e-09
-9.4692137e-10
7.5965234e-11
-1.0215034e-12
-1.3841394e-09
-5.1097038e-11
1.5023563e-10
1.3855188e-10
-1.9065528e-10
7.6210522e-11
1.4040249e-10
1.4809075e-10
6.6674528e-11
8.3942183e-11
1.1250522e-10
1.2619874e-10
1.0583413e-10
7.3413055e-11
8.4101822e-11
9.7965527e-11
1.0164566e-10
5.1588152e-11
6.5598154e-11
7.4541463e-11
7.501191e-11
3.3342913e-11
5.3631813e-11
6.0369471e-11
4.7514991e-11
2.1342148e-11
4.5454913e-11
5.2340952e-11
2.9370953e-11
1.4858033e-11
3.9543555e-11
4.6863922e-11
2.0335364e-11
1.1776953e-11
3.5046735e-11
4.18277e-11
1.68134e-11
1.0502673e-11
3.0898659e-11
3.7198307e-11
1.5132203e-11
9.4875928e-12
2.7029295e-11
3.2861061e-11
1.3824912e-11
8.3087611e-12
2.3639834e-11
2.8879678e-11
1.2290179e-11
7.1480746e-12
2.0681131e-11
2.5408569e-11
1.0619197e-11
6.0662668e-12
1.8151359e-11
2.2381772e-11
9.0930634e-12
5.1750856e-12
1.5978042e-11
1.9752522e-11
7.8043253e-12
4.4795606e-12
1.4090827e-11
1.7460782e-11
6.7712819e-12
3.9497746e-12
1.2423057e-11
1.5423368e-11
5.987164e-12
3.520034e-12
1.0923411e-11
1.3573213e-11
5.370158e-12
3.1446139e-12
9.5673044e-12
1.1955436e-11
4.7623564e-12
2.745544e-12
8.4160887e-12
1.0509288e-11
4.191657e-12
2.4056394e-12
7.3867071e-12
9.2127952e-12
3.7020973e-12
2.1322004e-12
6.4682333e-12
8.0822931e-12
3.2626678e-12
1.8813439e-12
5.6580703e-12
7.0746406e-12
2.8889628e-12
1.6588662e-12
4.9443867e-12
6.1851012e-12
2.5483735e-12
1.4582988e-12
4.3175095e-12
5.4032657e-12
2.2401042e-12
1.2738075e-12
3.7695951e-12
4.7189523e-12
1.9580929e-12
1.1041526e-12
3.2936208e-12
4.1239485e-12
1.699131e-12
9.5447077e-13
2.8821705e-12
3.6093306e-12
1.4690657e-12
8.202128e-13
2.5288478e-12
3.167622e-12
1.2619008e-12
7.0063944e-13
2.2272053e-12
2.7908777e-12
1.0773657e-12
5.9514099e-13
1.9708971e-12
2.4713582e-12
9.1464477e-13
5.017639e-13
1.754928e-12
2.2012898e-12
7.7181874e-13
4.1999232e-13
1.5740617e-12
1.9751544e-12
6.4611621e-13
3.4907286e-13
1.4237686e-12
1.7875109e-12
5.3670678e-13
2.8781546e-13
1.2999095e-12
1.6330502e-12
4.4226824e-13
2.3546521e-13
1.1986992e-12
1.5069467e-12
3.6156244e-13
1.9081918e-13
1.1167498e-12
1.4049641e-12
2.9279683e-13
1.5343421e-13
1.0509414e-12
1.3232029e-12
2.3519184e-13
1.2250239e-13
9.9850185e-13
1.2580701e-12
1.8763262e-13
9.6345866e-14
9.5748193e-13
1.2069863e-12
1.4742814e-13
7.4943415e-14
9.2501181e-13
1.166877e-12
1.1505212e-13
5.8053687e-14
8.99911e-13
1.1357179e-12
8.9212853e-14
4.4494295e-14
8.8071689e-13
1.1118453e-12
6.8367482e-14
3.3169053e-14
8.6642116e-13
1.0940635e-12
5.0951808e-14
2.2803619e-14
8.5664247e-13
1.0818928e-12
3.497523e-14
1.1397445e-14
1.7438352e-14
1.4996501e-11
-1.5002649e-11
3.0512251e-11
-1.5527335e-11
4.4893919e-11
-1.4390946e-11
5.6011528e-11
-1.1124291e-11
6.2469637e-11
-6.4624972e-12
6.2200025e-11
2.6714897e-13
5.399511e-11
8.2040564e-12
3.7127155e-11
1.6868397e-11
1.1392342e-11
2.5736243e-11
-2.2433238e-11
3.3827711e-11
-6.2941361e-11
4.0510698e-11
-1.0756399e-10
4.4625433e-11
-1.5400759e-10
4.6446447e-11
-2.0113058e-10
4.7125722e-11
-2.4836099e-10
4.7232907e-11
-2.951913e-10
4.6832481e-11
-3.4106371e-10
4.5874188e-11
-3.8442509e-10
4.3362761e-11
-4.2397527e-10
3.9551139e-11
-4.5872195e-10
3.474727e-11
-4.8791105e-10
2.9189386e-11
-5.1103107e-10
2.3120066e-11
-5.2773005e-10
1.669888e-11
-5.3757081e-10
9.8405679e-12
2.652812e-12
-2.0842741e-11
5.8447805e-12
-4.9728436e-11
1.3365845e-11
-8.9867136e-11
2.5756569e-11
-1.4405718e-10
4.3075127e-11
-2.1511517e-10
6.4605033e-11
-3.046788e-10
8.9840211e-11
-4.1464174e-10
1.1817613e-10
-5.4595206e-10
1.4818738e-10
-6.9568097e-10
1.7547322e-10
-8.5996477e-10
1.9811889e-10
-1.0347437e-09
2.152963e-10
-1.217767e-09
2.2765461e-10
-1.4069209e-09
2.3560561e-10
-1.5995422e-09
2.3975144e-10
-1.7929551e-09
2.4064965e-10
-1.9861135e-09
2.3999394e-10
-2.188276e-09
2.4803902e-10
-2.3804133e-09
2.3550179e-10
-2.5553089e-09
2.1444788e-10
-2.7080878e-09
1.8752664e-10
-2.8350112e-09
1.5611269e-10
-2.9332762e-09
1.2138456e-10
-3.0005993e-09
8.4021022e-11
-3.0329681e-09
4.2208081e-11
1.0886234e-11
-9.1908427e-11
9.7762591e-11
-2.0842425e-10
1.2989661e-10
-3.5592701e-10
1.7327695e-10
-5.4030312e-10
2.2746966e-10
-7.6652345e-10
2.9084362e-10
-1.0370509e-09
3.6038506e-10
-1.3544396e-09
4.3558106e-10
-1.779647e-09
5.7340932e-10
-2.2412748e-09
6.3711396e-10
-2.7127994e-09
6.6965464e-10
-3.1795148e-09
6.8202112e-10
-3.6325893e-09
6.8073689e-10
-4.0658428e-09
6.6886546e-10
-4.4735981e-09
6.4751176e-10
-4.8495603e-09
6.1661545e-10
-5.1874988e-09
5.779349e-10
-5.4721965e-09
5.3273819e-10
-5.718456e-09
4.8176159e-10
-5.9300406e-09
4.2603197e-10
-6.1091314e-09
3.6661606e-10
-6.2575245e-09
3.0450377e-10
-6.3763921e-09
2.4024943e-10
-6.4659224e-09
1.7354804e-10
-6.5283346e-09
1.0461655e-10
3.4690309e-11
-3.2410611e-10
4.2188648e-10
-7.0353165e-10
5.0934902e-10
-1.1634705e-09
6.3324557e-10
-1.9436775e-09
1.0077042e-09
-2.8021913e-09
1.1493816e-09
-3.6267507e-09
1.1849648e-09
-4.3617813e-09
1.1706284e-09
-4.9108944e-09
1.122536e-09
-5.3243992e-09
1.0506299e-09
-5.6174867e-09
9.6275107e-10
-5.8050264e-09
8.6956783e-10
-5.8997064e-09
7.7542237e-10
-5.912212e-09
6.8137525e-10
-5.8436217e-09
5.7892453e-10
-5.70977e-09
4.8276586e-10
-5.527851e-09
3.9601718e-10
-5.3149645e-09
3.1985233e-10
-5.0881532e-09
2.549504e-10
-4.8636395e-09
2.0151797e-10
-4.6557104e-09
1.5868612e-10
-4.4757502e-09
1.2454238e-10
-4.3327287e-09
9.7226444e-11
-4.2318299e-09
7.2647407e-11
-4.177172e-09
4.9956603e-11
2.6060317e-11
-2.1165745e-09
2.5384896e-09
-3.825189e-09
2.2179953e-09
-5.3221541e-09
2.1302416e-09
-6.0166935e-09
1.7022661e-09
-6.1110339e-09
1.2437405e-09
-5.6570146e-09
7.3096056e-10
-4.9061116e-09
4.1973792e-10
-3.9251779e-09
1.4161276e-10
-2.7794108e-09
-9.5128213e-11
-1.5264412e-09
-2.9021122e-10
-2.8374699e-10
-3.7312162e-10
9.5197414e-10
-4.6029953e-10
2.243856e-09
-6.1050777e-10
3.657025e-09
-8.3424451e-10
5.0401697e-09
-9.0037736e-10
6.3519717e-09
-9.1578142e-10
7.5692801e-09
-8.9745093e-10
8.6773057e-09
-8.5306828e-10
9.666001e-09
-7.8716865e-10
1.0527176e-08
-7.0247862e-10
1.1252665e-08
-6.0093517e-10
1.1834325e-08
-4.8441987e-10
1.226203e-08
-3.5504221e-10
1.2527356e-08
-2.1535445e-10
-6.440826e-11
1.1693055e-09
1.3692707e-09
4.3627602e-09
-9.7540704e-10
8.0459537e-09
-1.5528794e-09
1.1699779e-08
-1.951528e-09
1.5403047e-08
-2.4595029e-09
1.9037633e-08
-2.9035982e-09
2.2621337e-08
-3.1639349e-09
2.5993161e-08
-3.2301742e-09
2.9061059e-08
-3.1629848e-09
3.1796019e-08
-3.0251255e-09
3.4269367e-08
-2.8464215e-09
3.6443549e-08
-2.6344298e-09
3.8248322e-08
-2.4152269e-09
3.9622835e-08
-2.208704e-09
4.071718e-08
-1.9946671e-09
4.1582653e-08
-1.7811993e-09
4.2259455e-08
-1.5741986e-09
4.2781116e-08
-1.3746739e-09
4.3176679e-08
-1.1826764e-09
4.3471586e-08
-9.9733138e-10
4.3687553e-08
-8.1684784e-10
4.384198e-08
-6.3879269e-10
4.3947266e-08
-4.6027471e-10
4.4010739e-08
-2.7877407e-10
-8.851451e-11
1.4922173e-07
-2.3334671e-09
1.4775071e-07
4.9652738e-10
1.4516251e-07
1.0361025e-09
1.4171027e-07
1.5014072e-09
1.3717837e-07
2.0730088e-09
1.3171607e-07
2.5592276e-09
1.2569094e-07
2.8616415e-09
1.1949573e-07
2.9654138e-09
1.1340081e-07
2.9322694e-09
1.0756046e-07
2.8155083e-09
1.0204514e-07
2.6691472e-09
9.6905267e-08
2.5056705e-09
9.2172339e-08
2.3178993e-09
8.7845691e-08
2.1181213e-09
8.3935865e-08
1.9153191e-09
8.0440833e-08
1.7139784e-09
7.7349796e-08
1.5169723e-09
7.4649306e-08
1.3259388e-09
7.2325474e-08
1.1412683e-09
7.0365842e-08
9.6240666e-10
6.8761021e-08
7.8807151e-10
6.7505933e-08
6.1638866e-10
6.6601237e-08
4.4450933e-10
6.60528e-08
2.6974732e-10
8.6279567e-11
1.3443361e-08
-1.5089264e-09
1.565658e-08
-1.7165791e-09
1.8213236e-08
-1.5204392e-09
2.0889557e-08
-1.1748039e-09
2.3682286e-08
-7.1961383e-10
2.6583745e-08
-3.4213074e-10
2.950084e-08
-5.5361007e-11
3.2270118e-08
1.9622527e-10
3.4847611e-08
3.5486341e-10
3.7200535e-08
4.6267231e-10
3.928576e-08
5.8400816e-10
4.0919478e-08
8.7203693e-10
4.221489e-08
1.0225709e-09
4.3244254e-08
1.0888377e-09
4.4050067e-08
1.1095854e-09
4.4668795e-08
1.0953267e-09
4.513429e-08
1.0515521e-09
4.5476171e-08
9.8412977e-10
4.5720771e-08
8.9673817e-10
4.5891113e-08
7.9213173e-10
4.6006763e-08
6.7248688e-10
4.6083586e-08
5.3962932e-10
4.6133195e-08
3.9496134e-10
4.6162784e-08
2.4021779e-10
7.3083237e-11
-4.850496e-09
-6.7336297e-10
-5.6081203e-09
-9.5896393e-10
-6.0307647e-09
-1.0978045e-09
-6.0331944e-09
-1.1723835e-09
-5.5683636e-09
-1.1844524e-09
-4.7643467e-09
-1.1461532e-09
-3.7410893e-09
-1.0786214e-09
-2.553747e-09
-9.911172e-10
-1.3071638e-09
-8.9171741e-10
-5.5565676e-11
-7.8892098e-10
1.2130917e-09
-6.8464217e-10
2.6617311e-09
-5.7659316e-10
4.1556188e-09
-4.7130512e-10
5.6189849e-09
-3.7451457e-10
7.0162933e-09
-2.8770737e-10
8.3219892e-09
-2.1035204e-10
9.5365488e-09
-1.62989e-10
1.064558e-08
-1.2488143e-10
1.1636417e-08
-9.4079178e-11
1.249885e-08
-7.0280068e-11
1.3224165e-08
-5.2805955e-11
1.3804371e-08
-4.055578e-11
1.4231417e-08
-3.2062655e-11
1.449669e-08
-2.5034101e-11
-1.6054071e-11
-1.9850088e-09
-7.2493906e-11
-2.795343e-09
-1.4863148e-10
-3.653839e-09
-2.3931289e-10
-4.4910632e-09
-3.3516604e-10
-5.2438876e-09
-4.3163668e-10
-5.8058196e-09
-5.8423105e-10
-6.2352159e-09
-6.4923566e-10
-6.5409371e-09
-6.8540689e-10
-6.7302024e-09
-7.0246288e-10
-6.814191e-09
-7.0494297e-10
-6.8026917e-09
-6.9615171e-10
-6.7001428e-09
-6.7915166e-10
-6.51733e-09
-6.541268e-10
-6.2702834e-09
-6.2156936e-10
-5.9753817e-09
-5.8261651e-10
-5.6466202e-09
-5.3912005e-10
-5.3163729e-09
-4.9324225e-10
-4.9967176e-09
-4.4454184e-10
-4.6976467e-09
-3.9315469e-10
-4.4287268e-09
-3.3920405e-10
-4.1988123e-09
-2.8272411e-10
-4.0156723e-09
-2.2369903e-10
-3.8856076e-09
-1.6213045e-10
-3.8124426e-09
-9.8202083e-11
-3.3115956e-11
-3.7518507e-10
1.1203917e-10
-6.0925137e-10
8.5437911e-11
-8.9371268e-10
4.5150826e-11
-1.2215797e-09
-7.2974412e-12
-1.6012172e-09
-5.1998601e-11
-2.0869512e-09
-9.8497686e-11
-2.5927251e-09
-1.4346361e-10
-3.0980629e-09
-1.8007219e-10
-3.592221e-09
-2.0830883e-10
-4.0673638e-09
-2.2980526e-10
-4.5182874e-09
-2.4523397e-10
-4.9396036e-09
-2.5784201e-10
-5.3215795e-09
-2.7215797e-10
-5.6440148e-09
-2.9914148e-10
-5.9278512e-09
-2.9878787e-10
-6.1770811e-09
-2.898981e-10
-6.3960136e-09
-2.7431781e-10
-6.5871741e-09
-2.5338955e-10
-6.7526262e-09
-2.2771091e-10
-6.8940278e-09
-1.9781061e-10
-7.0125766e-09
-1.6418353e-10
-7.1088786e-09
-1.2740527e-10
-7.1827906e-09
-8.8226548e-11
-7.2342719e-09
-4.6728891e-11
-1.0417662e-11
2.6729719e-11
1.5198584e-10
-3.7612713e-11
1.4978231e-10
-1.3419318e-10
1.4173316e-10
-2.6398135e-10
1.2249237e-10
-4.133526e-10
9.7373958e-11
-5.8946963e-10
7.7620243e-11
-7.8635606e-10
5.3423244e-11
-9.9522758e-10
2.8799288e-11
-1.210273e-09
6.7361026e-12
-1.4281072e-09
-1.1972078e-11
-1.6499231e-09
-2.3419418e-11
-1.8746741e-09
-3.3092924e-11
-2.1061469e-09
-4.0687351e-11
-2.3592801e-09
-4.6010943e-11
-2.6089365e-09
-4.9134473e-11
-2.8485635e-09
-5.0274541e-11
-3.0733066e-09
-4.9578496e-11
-3.2794018e-09
-4.7298282e-11
-3.4634998e-09
-4.3617233e-11
-3.6226131e-09
-3.8701682e-11
-3.754067e-09
-3.2734222e-11
-3.8555349e-09
-2.5941971e-11
-3.925224e-09
-1.8542118e-11
-3.9612671e-09
-1.0690393e-11
-2.7623097e-12
1.233419e-10
1.3447854e-10
1.3440779e-10
1.3871681e-10
1.3499324e-10
1.4114804e-10
1.1908503e-10
1.3840084e-10
8.6784294e-11
1.2967485e-10
4.3994263e-11
1.2041033e-10
-1.1284541e-11
1.0870198e-10
-7.624351e-11
9.3758073e-11
-1.4799715e-10
7.848944e-11
-2.239146e-10
6.3944954e-11
-2.9981828e-10
5.2483725e-11
-3.7688768e-10
4.3975832e-11
-4.5388678e-10
3.6311007e-11
-5.2977126e-10
2.9872677e-11
-6.0351436e-10
2.4607663e-11
-6.7408274e-10
2.0292776e-11
-7.4036519e-10
1.6702792e-11
-8.0147552e-10
1.3810802e-11
-8.5640645e-10
1.1312382e-11
-9.0417813e-10
9.0686341e-12
-9.4394517e-10
7.0314392e-12
-9.7498646e-10
5.0979218e-12
-9.9680945e-10
3.279499e-12
-1.0092295e-09
1.7283766e-12
6.4439425e-13
1.300689e-10
1.0605547e-10
1.5810481e-10
1.1068101e-10
1.8441379e-10
1.1483912e-10
2.0585576e-10
1.1695891e-10
2.2030635e-10
1.1522428e-10
2.2795221e-10
1.1276449e-10
2.3172247e-10
1.0493174e-10
2.293452e-10
9.6135358e-11
2.2219319e-10
8.5641453e-11
2.1045151e-10
7.5686633e-11
1.9727352e-10
6.5661707e-11
1.8504012e-10
5.6209209e-11
1.7362896e-10
4.7722146e-11
1.6292377e-10
4.0577845e-11
1.5328026e-10
3.4251148e-11
1.4464357e-10
2.8929453e-11
1.3754207e-10
2.380428e-11
1.3151135e-10
1.9841517e-11
1.2657473e-10
1.6249011e-11
1.2261463e-10
1.3028744e-11
1.1935274e-10
1.0293364e-11
1.167424e-10
7.7082944e-12
1.1472396e-10
5.2979881e-12
1.1342145e-10
3.030951e-12
8.1959346e-13
9.9426848e-11
8.1640699e-11
1.230959e-10
8.7012096e-11
1.4657773e-10
9.1357406e-11
1.6967399e-10
9.3862769e-11
1.9050038e-10
9.439801e-11
2.0992103e-10
9.3343975e-11
2.250867e-10
8.976622e-11
2.3619295e-10
8.5029265e-11
2.4361807e-10
7.8216513e-11
2.4885219e-10
7.045269e-11
2.5233561e-10
6.2178486e-11
2.5452342e-10
5.4021604e-11
2.5511067e-10
4.7135104e-11
2.5521535e-10
4.0473392e-11
2.5569207e-10
3.3774663e-11
2.5636662e-10
2.8255146e-11
2.5684325e-10
2.332791e-11
2.5761681e-10
1.9068215e-11
2.5859527e-10
1.5270825e-11
2.5975466e-10
1.1869634e-11
2.6093342e-10
9.1148865e-12
2.6189535e-10
6.7466543e-12
2.6253735e-10
4.6562687e-12
2.6279979e-10
2.7688001e-12
1.083825e-12
6.2901266e-11
6.6254578e-11
7.8045744e-11
7.1867767e-11
9.3498333e-11
7.5904962e-11
1.0836498e-10
7.899627e-11
1.2282455e-10
7.9938596e-11
1.3634927e-10
7.9819409e-11
1.4763199e-10
7.8483666e-11
1.5592353e-10
7.6737896e-11
1.6121323e-10
7.2926991e-11
1.6436151e-10
6.730459e-11
1.6546397e-10
6.1076195e-11
1.6472875e-10
5.4757e-11
1.6310578e-10
4.8758256e-11
1.5991532e-10
4.3664023e-11
1.5613265e-10
3.7557498e-11
1.5230751e-10
3.2080459e-11
1.4846988e-10
2.7165702e-11
1.4470208e-10
2.2836182e-11
1.4130144e-10
1.8671613e-11
1.3831611e-10
1.4855118e-11
1.3589748e-10
1.1533665e-11
1.3406173e-10
8.5825502e-12
1.3289796e-10
5.8201729e-12
1.3237996e-10
3.2869404e-12
9.299136e-13
3.775779e-11
5.7867859e-11
4.6969929e-11
6.2655746e-11
5.5660911e-11
6.7214099e-11
6.4552913e-11
7.0104391e-11
7.2134677e-11
7.2356955e-11
7.9092247e-11
7.2861965e-11
8.4923569e-11
7.2652469e-11
8.9874454e-11
7.1787136e-11
9.3082576e-11
6.9718989e-11
9.3187322e-11
6.7199958e-11
9.1229252e-11
6.3034372e-11
8.7976621e-11
5.8009727e-11
8.367173e-11
5.3063233e-11
7.9009904e-11
4.8325923e-11
7.3380959e-11
4.3186505e-11
6.7293568e-11
3.8167902e-11
6.1088145e-11
3.3371166e-11
5.4820022e-11
2.9104336e-11
4.8939304e-11
2.4552353e-11
4.3545479e-11
2.0248957e-11
3.8812643e-11
1.6266508e-11
3.4854177e-11
1.2541016e-11
3.1687292e-11
8.9870523e-12
2.9401689e-11
5.5725344e-12
1.9756558e-12
2.5985768e-11
5.2217527e-11
3.1788914e-11
5.6852671e-11
3.8072443e-11
6.0930643e-11
4.3982283e-11
6.4194623e-11
4.917474e-11
6.7164573e-11
5.4060399e-11
6.7976379e-11
5.7607578e-11
6.9105359e-11
6.0577516e-11
6.8817263e-11
6.2422182e-11
6.7874383e-11
6.3328237e-11
6.6293957e-11
6.2607185e-11
6.3755467e-11
6.0242628e-11
6.0374318e-11
5.673466e-11
5.6571225e-11
5.2296191e-11
5.2764403e-11
4.7429754e-11
4.8052944e-11
4.2148776e-11
4.3448871e-11
3.6671412e-11
3.8848511e-11
3.1476919e-11
3.4298801e-11
2.6416597e-11
2.9612639e-11
2.1683796e-11
2.4981716e-11
1.7525129e-11
2.0425126e-11
1.4120708e-11
1.5945383e-11
1.1628475e-11
1.1479227e-11
1.0237886e-11
6.9630636e-12
2.3026736e-12
2.1729612e-11
4.7301353e-11
2.6766504e-11
5.1815816e-11
3.1961223e-11
5.5735961e-11
3.7173456e-11
5.8982427e-11
4.2683092e-11
6.1654974e-11
4.7192505e-11
6.3467003e-11
5.153074e-11
6.476716e-11
5.5072386e-11
6.5275651e-11
5.774359e-11
6.5203209e-11
5.987687e-11
6.4160701e-11
6.0818709e-11
6.2813647e-11
6.0681721e-11
6.0511317e-11
5.9676249e-11
5.7576701e-11
5.8163849e-11
5.4276801e-11
5.574273e-11
5.0474052e-11
5.2842858e-11
4.6348725e-11
4.9696125e-11
4.1995219e-11
4.6539157e-11
3.7455738e-11
4.3481721e-11
3.2670037e-11
4.0515513e-11
2.7947881e-11
3.7857263e-11
2.3083329e-11
3.5663778e-11
1.8138819e-11
3.3897697e-11
1.3245257e-11
3.2760556e-11
8.1001519e-12
2.3324804e-12
2.0029696e-11
4.2403873e-11
2.5068664e-11
4.6776862e-11
3.036332e-11
5.0441321e-11
3.5787237e-11
5.3558526e-11
4.1278432e-11
5.6163798e-11
4.648697e-11
5.8258484e-11
5.1513572e-11
5.9740579e-11
5.6316969e-11
6.0472273e-11
6.0494035e-11
6.1026161e-11
6.3953167e-11
6.0701586e-11
6.6911043e-11
5.9855785e-11
6.9116624e-11
5.8305746e-11
7.0799923e-11
5.5893409e-11
7.1772442e-11
5.3304282e-11
7.19274e-11
5.0319091e-11
7.1587911e-11
4.6688207e-11
7.0910643e-11
4.2672475e-11
6.9971116e-11
3.8395249e-11
6.8765933e-11
3.38752e-11
6.7560311e-11
2.915348e-11
6.6430003e-11
2.4213611e-11
6.5506615e-11
1.9062178e-11
6.5121553e-11
1.3630288e-11
6.507031e-11
8.1513647e-12
3.0271223e-12
1.8535369e-11
3.7693412e-11
2.3591451e-11
4.1720779e-11
2.882039e-11
4.5212383e-11
3.4207342e-11
4.8171578e-11
3.9761925e-11
5.0609222e-11
4.5348082e-11
5.2672334e-11
5.0838061e-11
5.4250609e-11
5.6014681e-11
5.5295664e-11
6.1152465e-11
5.5888389e-11
6.5929878e-11
5.5924184e-11
7.0266672e-11
5.5519003e-11
7.4091913e-11
5.4480515e-11
7.7148145e-11
5.2837185e-11
7.9718971e-11
5.0733463e-11
8.1871658e-11
4.8166408e-11
8.3507305e-11
4.5052563e-11
8.4763363e-11
4.1416416e-11
8.5595017e-11
3.7563592e-11
8.5991783e-11
3.3478429e-11
8.6167434e-11
2.8977822e-11
8.6208078e-11
2.4172958e-11
8.6166427e-11
1.9103817e-11
8.6034796e-11
1.3761905e-11
8.5862728e-11
8.3234203e-12
2.9028381e-12
1.6653637e-11
3.3329937e-11
2.1308434e-11
3.7065968e-11
2.6257296e-11
4.026351e-11
3.1411767e-11
4.3017099e-11
3.6704903e-11
4.5316081e-11
4.2133178e-11
4.7244057e-11
4.7592413e-11
4.8791374e-11
5.2964523e-11
4.9923557e-11
5.8254185e-11
5.0598731e-11
6.3315059e-11
5.0863315e-11
6.8211272e-11
5.0622795e-11
7.2759129e-11
4.9932665e-11
7.6812813e-11
4.8783508e-11
8.043565e-11
4.7110632e-11
8.3664512e-11
4.4937551e-11
8.6427076e-11
4.2290003e-11
8.8652508e-11
3.9190988e-11
9.0485087e-11
3.5731014e-11
9.2034736e-11
3.1928781e-11
9.3253569e-11
2.7758987e-11
9.4166032e-11
2.3260492e-11
9.4793377e-11
1.8476469e-11
9.5060573e-11
1.3494703e-11
9.5188862e-11
8.1951274e-12
2.5693005e-12
1.4492586e-11
2.9456517e-11
1.8646531e-11
3.2911996e-11
2.3130913e-11
3.5779105e-11
2.7788212e-11
3.8359781e-11
3.264207e-11
4.0462207e-11
3.766915e-11
4.2216965e-11
4.2794802e-11
4.3665713e-11
4.795475e-11
4.4763602e-11
5.3056645e-11
4.549683e-11
5.8091678e-11
4.582828e-11
6.2928762e-11
4.578571e-11
6.7547172e-11
4.5314255e-11
7.1927815e-11
4.4402866e-11
7.6013753e-11
4.3024694e-11
7.9713917e-11
4.1237388e-11
8.3009853e-11
3.8994068e-11
8.586914e-11
3.6331702e-11
8.834908e-11
3.3251075e-11
9.048584e-11
2.9792021e-11
9.2270302e-11
2.5974524e-11
9.3709706e-11
2.1821087e-11
9.4826233e-11
1.7359939e-11
9.5732462e-11
1.2588471e-11
9.6219762e-11
7.7078251e-12
2.6831728e-12
1.2490114e-11
2.6059426e-11
1.6183517e-11
2.9218556e-11
2.0054893e-11
3.1907697e-11
2.4234743e-11
3.4179901e-11
2.8589107e-11
3.6107817e-11
3.309286e-11
3.771319e-11
3.7746688e-11
3.9011865e-11
4.2488906e-11
4.0021367e-11
4.725598e-11
4.0729743e-11
5.1972194e-11
4.1112054e-11
5.6620709e-11
4.1137186e-11
6.1145189e-11
4.0789768e-11
6.5482928e-11
4.0065121e-11
6.9572293e-11
3.8935324e-11
7.3404079e-11
3.7405598e-11
7.6932497e-11
3.5465647e-11
8.0077229e-11
3.3186966e-11
8.2893916e-11
3.0434385e-11
8.5340806e-11
2.7345129e-11
8.7410454e-11
2.3904873e-11
8.9097084e-11
2.0134453e-11
9.0400972e-11
1.6056047e-11
9.1291868e-11
1.169757e-11
9.1850885e-11
7.1488055e-12
2.4646063e-12
1.077171e-11
2.3091993e-11
1.4048443e-11
2.5941778e-11
1.7530013e-11
2.8426086e-11
2.1229925e-11
3.0479951e-11
2.5111541e-11
3.2226168e-11
2.9153306e-11
3.3671395e-11
3.3323165e-11
3.484198e-11
3.7600226e-11
3.5744283e-11
4.1952363e-11
3.6377586e-11
4.6338212e-11
3.6726187e-11
5.0708294e-11
3.6767089e-11
5.4999248e-11
3.6498801e-11
5.9165466e-11
3.5898891e-11
6.3164809e-11
3.4935972e-11
6.6939978e-11
3.3630421e-11
7.0454518e-11
3.19511e-11
7.3723569e-11
2.9917909e-11
7.6642006e-11
2.7515942e-11
7.9220012e-11
2.4767119e-11
8.1428186e-11
2.1696694e-11
8.3246345e-11
1.8316289e-11
8.4644265e-11
1.4658123e-11
8.5613291e-11
1.0728538e-11
8.6202801e-11
6.5592926e-12
2.1721283e-12
9.4161236e-12
2.0447098e-11
1.2327648e-11
2.3030204e-11
1.5486545e-11
2.5267144e-11
1.8808063e-11
2.7158392e-11
2.2308499e-11
2.8725694e-11
2.5963068e-11
3.0016792e-11
2.9733783e-11
3.1071234e-11
3.3610313e-11
3.1867726e-11
3.757663e-11
3.2411244e-11
4.1608743e-11
3.2694052e-11
4.5651885e-11
3.2723928e-11
4.966562e-11
3.248505e-11
5.3602541e-11
3.1961955e-11
5.7424023e-11
3.1114478e-11
6.108628e-11
2.9968154e-11
6.4536113e-11
2.8501259e-11
6.7744222e-11
2.6709792e-11
7.0652375e-11
2.4607782e-11
7.3255538e-11
2.216395e-11
7.5517274e-11
1.9434953e-11
7.7405166e-11
1.6428392e-11
7.8890688e-11
1.3172596e-11
7.9843216e-11
9.7760055e-12
8.0485862e-11
5.9166435e-12
1.7850844e-12
8.342212e-12
1.8091993e-11
1.0985514e-11
2.038685e-11
1.3805323e-11
2.2447286e-11
1.6801996e-11
2.4161674e-11
1.9969289e-11
2.555836e-11
2.3331551e-11
2.6654493e-11
2.6756539e-11
2.7646212e-11
3.030784e-11
2.8316394e-11
3.3947216e-11
2.8771841e-11
3.7638958e-11
2.9002286e-11
4.1360965e-11
2.90019e-11
4.5086615e-11
2.8759381e-11
4.8773207e-11
2.8275347e-11
5.2359944e-11
2.7527728e-11
5.5830986e-11
2.64971e-11
5.9133214e-11
2.519902e-11
6.2228469e-11
2.3614529e-11
6.5080244e-11
2.1756001e-11
6.7629366e-11
1.9614821e-11
6.9858516e-11
1.7205798e-11
7.1750028e-11
1.4536876e-11
7.33038e-11
1.161882e-11
7.4725199e-11
8.354603e-12
7.545466e-11
5.1871803e-12
1.9148359e-12
7.4847787e-12
1.5977316e-11
9.795506e-12
1.807607e-11
1.2354877e-11
1.9887867e-11
1.5098167e-11
2.1418338e-11
1.7982262e-11
2.2674223e-11
2.0954348e-11
2.3682368e-11
2.4113299e-11
2.4487227e-11
2.7390449e-11
2.5039213e-11
3.0731015e-11
2.5431247e-11
3.4119962e-11
2.5613315e-11
3.7552473e-11
2.5569368e-11
4.0977973e-11
2.5333861e-11
4.4376095e-11
2.487721e-11
4.7708963e-11
2.4194845e-11
5.0950749e-11
2.3255303e-11
5.4069295e-11
2.2080464e-11
5.6998461e-11
2.0685355e-11
5.9700065e-11
1.905439e-11
6.2124614e-11
1.7190268e-11
6.4242797e-11
1.5087611e-11
6.6025954e-11
1.2753715e-11
6.7443703e-11
1.0201069e-11
6.8331425e-11
7.4668779e-12
6.8952515e-11
4.5660906e-12
1.5424931e-12
6.6483472e-12
1.409127e-11
8.7503008e-12
1.5974064e-11
1.1058403e-11
1.7579716e-11
1.3542285e-11
1.8934412e-11
1.616409e-11
2.0052377e-11
1.8900842e-11
2.0945579e-11
2.175545e-11
2.1632585e-11
2.4694938e-11
2.2099693e-11
2.7719044e-11
2.2407114e-11
3.0806239e-11
2.2526094e-11
3.3975469e-11
2.2400117e-11
3.7094814e-11
2.2214498e-11
4.0205182e-11
2.1766825e-11
4.3274518e-11
2.1125496e-11
4.6277697e-11
2.0252112e-11
4.9173999e-11
1.9184153e-11
5.1871606e-11
1.7987741e-11
5.4361755e-11
1.6564235e-11
5.6601835e-11
1.4950184e-11
5.8565938e-11
1.3123504e-11
6.0225304e-11
1.1094346e-11
6.1539814e-11
8.8865566e-12
6.2468359e-11
6.5383318e-12
6.3057515e-11
3.9769348e-12
1.2701236e-12
5.885773e-12
1.2397101e-11
7.7983056e-12
1.4061482e-11
9.884373e-12
1.5493602e-11
1.2117977e-11
1.6700765e-11
1.4491701e-11
1.7678613e-11
1.6977179e-11
1.8460064e-11
1.9556742e-11
1.9052989e-11
2.2212528e-11
1.9443877e-11
2.49479e-11
1.9671715e-11
2.7741635e-11
1.9732335e-11
3.05156e-11
1.9626131e-11
3.3352253e-11
1.9377827e-11
3.6174762e-11
1.89443e-11
3.8984776e-11
1.8315469e-11
4.1753989e-11
1.7482889e-11
4.4360808e-11
1.6577326e-11
4.6774254e-11
1.5574288e-11
4.9010012e-11
1.4328473e-11
5.1048468e-11
1.2911724e-11
5.2848642e-11
1.1323328e-11
5.4372405e-11
9.5705817e-12
5.5596721e-11
7.6622398e-12
5.6517159e-11
5.6178924e-12
5.7056535e-11
3.4375604e-12
1.075547e-12
5.2093658e-12
1.0889783e-11
6.9159094e-12
1.2354891e-11
8.7931163e-12
1.3616351e-11
1.0811664e-11
1.4682177e-11
1.2945732e-11
1.5544507e-11
1.5175905e-11
1.6229857e-11
1.7499903e-11
1.6728958e-11
1.9890146e-11
1.7053606e-11
2.2334224e-11
1.7227612e-11
2.4820716e-11
1.7245821e-11
2.7334864e-11
1.7111963e-11
2.9861665e-11
1.6851009e-11
3.2377557e-11
1.6428393e-11
3.4861025e-11
1.5831989e-11
3.7296796e-11
1.5047108e-11
3.9578368e-11
1.4295745e-11
4.1776712e-11
1.3375938e-11
4.3802108e-11
1.2303072e-11
4.5634479e-11
1.107935e-11
4.7259941e-11
9.697864e-12
4.8650035e-11
8.1804861e-12
4.9778884e-11
6.5333906e-12
5.0683338e-11
4.7134376e-12
5.1241414e-11
2.8794859e-12
1.0555106e-12
4.6038643e-12
9.5485399e-12
6.1212571e-12
1.0837455e-11
7.7970866e-12
1.1940481e-11
9.597296e-12
1.2881929e-11
1.1502125e-11
1.3639643e-11
1.3510827e-11
1.4221122e-11
1.5588511e-11
1.4651245e-11
1.7726005e-11
1.4916085e-11
1.9905621e-11
1.5047972e-11
2.211982e-11
1.50316e-11
2.4344642e-11
1.4887122e-11
2.6576104e-11
1.4619531e-11
2.8811971e-11
1.4192512e-11
3.097532e-11
1.3668628e-11
3.3078259e-11
1.294416e-11
3.51162e-11
1.2257797e-11
3.7029754e-11
1.1462378e-11
3.8818946e-11
1.0513876e-11
4.0454238e-11
9.4440558e-12
4.1893404e-11
8.2586962e-12
4.310768e-11
6.9662094e-12
4.4069808e-11
5.5712621e-12
4.4687669e-11
4.0955765e-12
4.5067156e-11
2.5000007e-12
7.6127354e-13
4.0782071e-12
8.3592529e-12
5.4254611e-12
9.4901606e-12
6.900529e-12
1.0465375e-11
8.4922507e-12
1.1290172e-11
1.0195102e-11
1.1936759e-11
1.1973692e-11
1.2442502e-11
1.3820367e-11
1.2804542e-11
1.5715364e-11
1.3021064e-11
1.7659676e-11
1.3103638e-11
1.9620042e-11
1.3071214e-11
2.1588518e-11
1.2918629e-11
2.3553508e-11
1.2654525e-11
2.5471965e-11
1.2274043e-11
2.7353987e-11
1.1786595e-11
2.9144974e-11
1.1153164e-11
3.093988e-11
1.0462885e-11
3.2625533e-11
9.7767202e-12
3.4184384e-11
8.9550212e-12
3.5603442e-11
8.0249949e-12
3.685741e-11
7.0047269e-12
3.7925448e-11
5.8981703e-12
3.8780747e-11
4.7159637e-12
3.9382633e-11
3.4936897e-12
3.9787894e-11
2.0947416e-12
6.5361377e-13
3.596893e-12
7.3106946e-12
4.7849117e-12
8.302105e-12
6.0938281e-12
9.1564238e-12
7.5144857e-12
9.8694821e-12
9.0114409e-12
1.0439774e-11
1.0578788e-11
1.0875127e-11
1.2206653e-11
1.1176653e-11
1.3871439e-11
1.1356255e-11
1.5586689e-11
1.1388368e-11
1.7302828e-11
1.1355058e-11
1.9024493e-11
1.1196948e-11
2.0737115e-11
1.094189e-11
2.2416957e-11
1.0594188e-11
2.4050615e-11
1.0152928e-11
2.5580752e-11
9.6230184e-12
2.7069981e-11
8.9736506e-12
2.8543166e-11
8.3035298e-12
2.9890135e-11
7.6080488e-12
3.1114353e-11
6.8007746e-12
3.2191318e-11
5.9277609e-12
3.3114127e-11
4.9753609e-12
3.3878924e-11
3.9511666e-12
3.455253e-11
2.8200837e-12
3.4880963e-11
1.7663095e-12
6.4676155e-13
3.1633304e-12
6.3874337e-12
4.2081002e-12
7.2573022e-12
5.3597888e-12
8.004704e-12
6.6041497e-12
8.6250918e-12
7.9234246e-12
9.1204715e-12
9.3054669e-12
9.4930599e-12
1.0736078e-11
9.7460184e-12
1.2201232e-11
9.8910809e-12
1.3670489e-11
9.9190918e-12
1.5171758e-11
9.8537727e-12
1.6667272e-11
9.7014197e-12
1.8148974e-11
9.460176e-12
1.9601034e-11
9.1421173e-12
2.101694e-11
8.7370145e-12
2.2363965e-11
8.2759853e-12
2.361162e-11
7.7259903e-12
2.4798591e-11
7.1165544e-12
2.5958704e-11
6.4479329e-12
2.7003546e-11
5.7559304e-12
2.7915657e-11
5.0156492e-12
2.8688963e-11
4.2020535e-12
2.9303954e-11
3.336176e-12
2.968799e-11
2.4360472e-12
2.9971183e-11
1.4831184e-12
4.9344318e-13
2.7662796e-12
5.5792161e-12
3.6841935e-12
6.339359e-12
4.6943559e-12
6.9945138e-12
5.7825424e-12
7.5368793e-12
6.9353061e-12
7.9676835e-12
8.1403309e-12
8.2880127e-12
9.382351e-12
8.5039777e-12
1.0660238e-11
8.6131748e-12
1.1941799e-11
8.6375143e-12
1.3229795e-11
8.5657624e-12
1.4517283e-11
8.4139185e-12
1.5791154e-11
8.1862929e-12
1.7037808e-11
7.8954542e-12
1.8243206e-11
7.5316087e-12
1.9404222e-11
7.1149623e-12
2.0490443e-11
6.6397642e-12
2.1501256e-11
6.1057377e-12
2.2424319e-11
5.524867e-12
2.3271309e-11
4.908938e-12
2.4047509e-11
4.2394482e-12
2.4696181e-11
3.5533809e-12
2.5207204e-11
2.8251535e-12
2.5576371e-11
2.06688e-12
2.580356e-11
1.2559306e-12
4.1231773e-13
2.4019737e-12
4.8763458e-12
3.202803e-12
5.5385036e-12
4.0814638e-12
6.1158283e-12
5.0282092e-12
6.5901108e-12
6.0319165e-12
6.9639547e-12
7.0786791e-12
7.2412302e-12
8.1552722e-12
7.4273663e-12
9.2520194e-12
7.5164111e-12
1.0363785e-11
7.5257335e-12
1.147222e-11
7.4573146e-12
1.2570337e-11
7.3157895e-12
1.3652669e-11
7.1039507e-12
1.4715326e-11
6.8327883e-12
1.574335e-11
6.5035772e-12
1.6724223e-11
6.1340834e-12
1.7649472e-11
5.7145102e-12
1.850636e-11
5.2488467e-12
1.9286978e-11
4.744246e-12
1.9992184e-11
4.2037308e-12
2.0602951e-11
3.6286804e-12
2.11265e-11
3.0298309e-12
2.1548169e-11
2.403484e-12
2.1871301e-11
1.743748e-12
2.2065496e-11
1.061737e-12
3.5251432e-13
2.0760973e-12
4.2692896e-12
2.7619441e-12
4.8526334e-12
3.5215626e-12
5.3561879e-12
4.3402551e-12
5.7713977e-12
5.2071286e-12
6.0970621e-12
6.1039938e-12
6.3443474e-12
7.0355753e-12
6.4957686e-12
7.9778593e-12
6.5741124e-12
8.9286301e-12
6.5749494e-12
9.8779575e-12
6.5079754e-12
1.0817711e-11
6.3760256e-12
1.1733649e-11
6.1880034e-12
1.2628029e-11
5.9384005e-12
1.3486857e-11
5.6447431e-12
1.4309362e-11
5.3115727e-12
1.5086074e-11
4.9377943e-12
1.5808873e-11
4.5260437e-12
1.6462625e-11
4.090492e-12
1.7045294e-11
3.6210602e-12
1.7547869e-11
3.1261048e-12
1.7969862e-11
2.6078371e-12
1.831023e-11
2.0631155e-12
1.8556371e-11
1.4976071e-12
1.8704324e-11
9.1378414e-13
3.0276403e-13
1.7829657e-12
3.7482029e-12
2.3731692e-12
4.2624094e-12
3.0252011e-12
4.7041366e-12
3.7269808e-12
5.0695999e-12
4.466147e-12
5.3578791e-12
5.2399154e-12
5.5705633e-12
6.0328365e-12
5.7028333e-12
6.8342806e-12
5.7726552e-12
7.6396451e-12
5.7695731e-12
8.4446796e-12
5.7029304e-12
9.2381043e-12
5.5825916e-12
1.0016053e-11
5.4100466e-12
1.0764103e-11
5.1903435e-12
1.14796e-11
4.9292404e-12
1.2163598e-11
4.6275696e-12
1.2806285e-11
4.2951035e-12
1.339846e-11
3.9338655e-12
1.3940429e-11
3.548521e-12
1.4422457e-11
3.1390305e-12
1.4839915e-11
2.7086465e-12
1.5187551e-11
2.2602002e-12
1.5456883e-11
1.7937825e-12
1.5622094e-11
1.3323966e-12
1.5752367e-11
7.8351129e-13
2.3563557e-13
1.5223108e-12
3.3032386e-12
2.0270579e-12
3.7576441e-12
2.5826753e-12
4.1485021e-12
3.1801568e-12
4.4721025e-12
3.8104289e-12
4.7275921e-12
4.4660001e-12
4.9149784e-12
5.1347451e-12
5.0340756e-12
5.813771e-12
5.0936178e-12
6.4920875e-12
5.0912461e-12
7.1711523e-12
5.0238562e-12
7.8342035e-12
4.9195321e-12
8.4805086e-12
4.7637343e-12
9.1059187e-12
4.564927e-12
9.7043813e-12
4.3307725e-12
1.0265941e-11
4.0660054e-12
1.0792099e-11
3.7689418e-12
1.1277746e-11
3.448216e-12
1.1720356e-11
3.1059089e-12
1.2115659e-11
2.7437258e-12
1.245947e-11
2.3648355e-12
1.275175e-11
1.9679191e-12
1.2994498e-11
1.5510346e-12
1.3222903e-11
1.1039911e-12
1.3301509e-11
7.0490538e-13
2.3165298e-13
1.2920174e-12
2.9258493e-12
1.7195772e-12
3.3300684e-12
2.1900855e-12
3.677979e-12
2.6953036e-12
3.9668704e-12
3.2277269e-12
4.1951558e-12
3.7798371e-12
4.3628561e-12
4.3418414e-12
4.4720603e-12
4.9130797e-12
4.5223693e-12
5.4843546e-12
4.519962e-12
6.0423019e-12
4.4659006e-12
6.5942298e-12
4.3675968e-12
7.1291228e-12
4.2288348e-12
7.6450292e-12
4.049015e-12
8.1338213e-12
3.8419756e-12
8.5962657e-12
3.603557e-12
9.0261161e-12
3.3390881e-12
9.421162e-12
3.0531675e-12
9.7789271e-12
2.7481419e-12
1.0096951e-11
2.4257009e-12
1.0373782e-11
2.0880029e-12
1.0608281e-11
1.7334197e-12
1.0791701e-11
1.3676143e-12
1.091808e-11
9.7761181e-13
1.1027762e-11
5.9522357e-13
2.2614896e-13
1.0895515e-12
2.6081021e-12
1.4495063e-12
2.9701e-12
1.8446036e-12
3.2828688e-12
2.2688071e-12
3.5426548e-12
2.7151005e-12
3.7488512e-12
3.1767217e-12
3.9012244e-12
3.6484435e-12
4.0003288e-12
4.1233072e-12
4.0474968e-12
4.5946869e-12
4.0485742e-12
5.0582694e-12
4.0023107e-12
5.5128101e-12
3.9130497e-12
5.9515309e-12
3.7901082e-12
6.3692659e-12
3.6312749e-12
6.7670128e-12
3.4442244e-12
7.1402893e-12
3.2302768e-12
7.4860403e-12
2.9933341e-12
7.8057972e-12
2.7334083e-12
8.0902512e-12
2.4636861e-12
8.341088e-12
2.1748628e-12
8.5557971e-12
1.873293e-12
8.7270772e-12
1.5621389e-12
8.859797e-12
1.234894e-12
8.9278659e-12
9.0954247e-13
8.9700382e-12
5.530516e-13
1.7646871e-13
9.1237152e-13
2.3418345e-12
1.2135494e-12
2.6689104e-12
1.542943e-12
2.9534641e-12
1.8963892e-12
3.1891983e-12
2.2672825e-12
3.3779482e-12
2.6505137e-12
3.5179842e-12
3.0401885e-12
3.6106457e-12
3.4296321e-12
3.6580455e-12
3.8195398e-12
3.6586595e-12
4.2010507e-12
3.6207934e-12
4.5709454e-12
3.5431493e-12
4.9274582e-12
3.4335903e-12
5.2664863e-12
3.2922424e-12
5.5871349e-12
3.123572e-12
5.885815e-12
2.9315934e-12
6.1614707e-12
2.7176758e-12
6.4089602e-12
2.4859166e-12
6.6339346e-12
2.2387102e-12
6.8299632e-12
1.9788329e-12
6.9957036e-12
1.7075518e-12
7.1350186e-12
1.4228233e-12
7.2358308e-12
1.1340812e-12
7.3127022e-12
8.3267066e-13
7.3604811e-12
5.0527294e-13
1.5740817e-13
7.5759612e-13
2.1209348e-12
1.0072094e-12
2.4192873e-12
1.2815309e-12
2.6791334e-12
1.5738264e-12
2.8968941e-12
1.8798713e-12
3.0718951e-12
2.1948073e-12
3.2030407e-12
2.5144597e-12
3.2909863e-12
2.835932e-12
3.3365667e-12
3.1516822e-12
3.3429034e-12
3.4609217e-12
3.3115484e-12
3.7591475e-12
3.2449187e-12
4.0454493e-12
3.1472842e-12
4.3167491e-12
3.0209387e-12
4.5713838e-12
2.868934e-12
4.8081199e-12
2.6948545e-12
5.0250234e-12
2.5007699e-12
5.220819e-12
2.2901191e-12
5.3951891e-12
2.0643386e-12
5.5479274e-12
1.8260935e-12
5.6785677e-12
1.5769108e-12
5.7827056e-12
1.3186847e-12
5.8667036e-12
1.0500827e-12
5.9271098e-12
7.7226412e-13
5.9619065e-12
4.7047627e-13
1.4978985e-13
6.2406313e-13
1.9391314e-12
8.2953915e-13
2.2138032e-12
1.0549228e-12
2.4537421e-12
1.2952105e-12
2.6565992e-12
1.5460954e-12
2.8210035e-12
1.8022049e-12
2.9469249e-12
2.0626485e-12
3.0305369e-12
2.3220932e-12
3.0771166e-12
2.5781332e-12
3.0868585e-12
2.8267634e-12
3.0629137e-12
3.0656651e-12
3.0060129e-12
3.2931369e-12
2.9198087e-12
3.5073547e-12
2.8067176e-12
3.707073e-12
2.6692129e-12
3.8917171e-12
2.510208e-12
4.0602116e-12
2.3322733e-12
4.2122613e-12
2.1380678e-12
4.3471107e-12
1.9294879e-12
4.464667e-12
1.7085363e-12
4.564735e-12
1.4768421e-12
4.6458304e-12
1.2375887e-12
4.7112592e-12
9.8465334e-13
4.7515653e-12
7.3195754e-13
4.7770983e-12
4.4494334e-13
1.4119015e-13
5.0988158e-13
1.7908054e-12
6.7730316e-13
2.0463751e-12
8.6055026e-13
2.2704889e-12
1.0561658e-12
2.4609779e-12
1.2601276e-12
2.6170362e-12
1.4661832e-12
2.7408642e-12
1.6772545e-12
2.8194609e-12
1.8860771e-12
2.8682896e-12
2.0901003e-12
2.8828312e-12
2.2885604e-12
2.8644499e-12
2.4779676e-12
2.8166024e-12
2.6571449e-12
2.7406284e-12
2.8243234e-12
2.6395364e-12
2.9782651e-12
2.5152689e-12
3.1206144e-12
2.3678567e-12
3.2500247e-12
2.2028614e-12
3.3663076e-12
2.0217835e-12
3.4690648e-12
1.8267297e-12
3.5584013e-12
1.619199e-12
3.6342508e-12
1.400992e-12
3.7000239e-12
1.171815e-12
3.7429099e-12
9.4176692e-13
3.7696846e-12
7.0518236e-13
3.7868275e-12
4.278005e-13
1.2894293e-13
4.125676e-13
1.6710293e-12
5.4750264e-13
1.911435e-12
6.9473925e-13
2.1232475e-12
8.5129615e-13
2.3044165e-12
1.0146524e-12
2.4536758e-12
1.1850556e-12
2.5704571e-12
1.3522803e-12
2.6522325e-12
1.5179015e-12
2.702665e-12
1.679993e-12
2.7207366e-12
1.8359371e-12
2.7085029e-12
1.9840304e-12
2.6685065e-12
2.1238118e-12
2.6008446e-12
2.2531856e-12
2.5101606e-12
2.3689141e-12
2.3995385e-12
2.4778925e-12
2.2588768e-12
2.5766072e-12
2.1041455e-12
2.6644891e-12
1.9339006e-12
2.7419677e-12
1.7492502e-12
2.8095032e-12
1.5516627e-12
2.8678779e-12
1.3426169e-12
2.9152698e-12
1.1244226e-12
2.9585942e-12
8.9844202e-13
2.9741827e-12
6.8959356e-13
2.9973922e-12
4.0459106e-13
1.1271023e-13
3.3106578e-13
1.5751514e-12
4.3880737e-13
1.8036897e-12
5.5604218e-13
2.0060092e-12
6.8055126e-13
2.1799041e-12
8.1040262e-13
2.3238213e-12
9.4387925e-13
2.4369775e-12
1.0766201e-12
2.5194889e-12
1.2078449e-12
2.5714377e-12
1.334953e-12
2.5936262e-12
1.4559725e-12
2.5874812e-12
1.570944e-12
2.553533e-12
1.6770568e-12
2.4947301e-12
1.7760214e-12
2.4111944e-12
1.8696801e-12
2.3058785e-12
1.9506243e-12
2.1779315e-12
2.0231284e-12
2.0316404e-12
2.0879624e-12
1.8690659e-12
2.145369e-12
1.691843e-12
2.1957318e-12
1.5012995e-12
2.240049e-12
1.2982994e-12
2.2804595e-12
1.0840118e-12
2.3220471e-12
8.5685408e-13
2.3930802e-12
6.1856017e-13
2.4203237e-12
3.7734767e-13
1.3260575e-13
2.6367112e-13
1.4991101e-12
3.4871828e-13
1.7186399e-12
4.408935e-13
1.9138315e-12
5.3902735e-13
2.081768e-12
6.4107348e-13
2.221773e-12
7.4498373e-13
2.3330652e-12
8.4878831e-13
2.4156825e-12
9.5085883e-13
2.4693654e-12
1.049763e-12
2.4947204e-12
1.14442e-12
2.4928229e-12
1.2315853e-12
2.4663665e-12
1.3113133e-12
2.4150009e-12
1.3861015e-12
2.3364053e-12
1.4549574e-12
2.2370218e-12
1.5149923e-12
2.1178959e-12
1.5687044e-12
1.9779278e-12
1.6167462e-12
1.8210237e-12
1.6585406e-12
1.6500483e-12
1.694874e-12
1.464966e-12
1.7266108e-12
1.2665625e-12
1.7559943e-12
1.0546282e-12
1.783145e-12
8.2970319e-13
1.8330762e-12
5.6862879e-13
1.8455403e-12
3.648837e-13
1.4717787e-13
2.0703181e-13
1.4395048e-12
2.7342222e-13
1.652248e-12
3.4525596e-13
1.8419963e-12
4.2302668e-13
2.0039959e-12
5.0299297e-13
2.1418055e-12
5.83065e-13
2.2529921e-12
6.6256488e-13
2.3361816e-12
7.4006838e-13
2.391861e-12
8.1408742e-13
2.4207005e-12
8.8467206e-13
2.4222375e-12
9.5186333e-13
2.3991746e-12
1.0152215e-12
2.3516423e-12
1.0724014e-12
2.279225e-12
1.1236764e-12
2.1857466e-12
1.1695836e-12
2.0719886e-12
1.2088866e-12
1.9386248e-12
1.2420911e-12
1.7878193e-12
1.270626e-12
1.6215135e-12
1.2949497e-12
1.4406424e-12
1.3158617e-12
1.2456507e-12
1.3336956e-12
1.0367944e-12
1.3492312e-12
8.1416755e-13
1.3482891e-12
5.6957093e-13
1.3587193e-12
3.5445366e-13
1.4107927e-13
1.6201277e-13
1.3925435e-12
2.1511075e-13
1.5991494e-12
2.7315928e-13
1.7839473e-12
3.326245e-13
1.9445302e-12
3.9375602e-13
2.0806736e-12
4.5545491e-13
2.1912929e-12
5.1597668e-13
2.2756596e-12
5.7431839e-13
2.3335191e-12
6.3077064e-13
2.3642482e-12
6.8396726e-13
2.3690409e-12
7.3420992e-13
2.348932e-12
7.8109189e-13
2.3047605e-12
8.2255413e-13
2.237763e-12
8.6069041e-13
2.1476106e-12
8.936796e-13
2.0389998e-12
9.2177634e-13
1.9105285e-12
9.4512445e-13
1.7644717e-12
9.6476342e-13
1.601875e-12
9.8104685e-13
1.4243595e-12
9.9409045e-13
1.2326076e-12
1.0033876e-12
1.0274975e-12
1.0089132e-12
8.0864219e-13
1.0013108e-12
5.771735e-13
9.9962231e-13
3.5614237e-13
1.3244272e-13
1.2571409e-13
1.3560424e-12
1.6674107e-13
1.5581226e-12
2.1113524e-13
1.7395533e-12
2.5718445e-13
1.8984813e-12
3.0434857e-13
2.0335098e-12
3.5189404e-13
2.1437478e-12
3.9892277e-13
2.2286313e-12
4.4457566e-13
2.2878668e-12
4.8730688e-13
2.3215176e-12
5.2726979e-13
2.3290787e-12
5.6477185e-13
2.3114307e-12
5.9932399e-13
2.2702091e-12
6.3081217e-13
2.2062757e-12
6.5823121e-13
2.1201925e-12
6.8264085e-13
2.0145911e-12
7.0322178e-13
1.8899485e-12
7.2006426e-13
1.7476302e-12
7.3359258e-13
1.5883476e-12
7.4478577e-13
1.4131671e-12
7.5333925e-13
1.2240548e-12
7.5937998e-13
1.0214574e-12
7.6026675e-13
8.077558e-13
7.5571511e-13
5.8172544e-13
7.541246e-13
3.577332e-13
1.2813264e-13
9.6304516e-14
1.328106e-12
1.2758909e-13
1.5268388e-12
1.6135863e-13
1.7057846e-12
1.9677142e-13
1.8630694e-12
2.3308232e-13
1.9971998e-12
2.6968623e-13
2.1071449e-12
3.0602397e-13
2.1922946e-12
3.4148526e-13
2.2524065e-12
3.7536508e-13
2.2876389e-12
4.0629832e-13
2.2981465e-12
4.3456701e-13
2.2831631e-12
4.6084916e-13
2.2439282e-12
4.8478432e-13
2.1823418e-12
5.0543914e-13
2.0995389e-12
5.2443171e-13
1.9955997e-12
5.40357e-13
1.8740245e-12
5.5378661e-13
1.7342018e-12
5.6479283e-13
1.5773425e-12
5.731329e-13
1.4048281e-12
5.7924456e-13
1.2179441e-12
5.8280007e-13
1.0179026e-12
5.8394701e-13
8.0660935e-13
5.8091867e-13
5.8475417e-13
5.7953003e-13
3.5912217e-13
1.2613563e-13
7.1767146e-14
1.3072918e-12
9.5081132e-14
1.5035259e-12
1.203395e-13
1.6805273e-12
1.4696437e-13
1.8364456e-12
1.7440433e-13
1.969761e-12
2.0215681e-13
2.0793935e-12
2.2979244e-13
2.1646601e-12
2.5689613e-13
2.225304e-12
2.8311357e-13
2.2614226e-12
3.079321e-13
2.2733292e-12
3.3085911e-13
2.2602374e-12
3.5141254e-13
2.223376e-12
3.7038927e-13
2.1633663e-12
3.8747744e-13
2.082452e-12
4.0185073e-13
1.9812277e-12
4.1529523e-13
1.8605811e-12
4.263446e-13
1.7231535e-12
4.3552127e-13
1.5681668e-12
4.427807e-13
1.3975696e-12
4.4818511e-13
1.2125405e-12
4.5170028e-13
1.0143881e-12
4.5450061e-13
8.0380943e-13
4.5213014e-13
5.8712503e-13
4.5296157e-13
3.5829098e-13
1.2374235e-13
4.9247341e-14
1.2930208e-12
6.5286692e-14
1.4874876e-12
8.2734471e-14
1.6630806e-12
1.0124211e-13
1.817939e-12
1.2044029e-13
1.9505638e-12
1.4000251e-13
2.0598323e-12
1.5965476e-13
2.1450088e-12
1.7911773e-13
2.2058419e-12
1.9800722e-13
2.242534e-12
2.1732351e-13
2.2540138e-12
2.3528271e-13
2.242279e-12
2.5162981e-13
2.2070297e-12
2.665121e-13
2.1484848e-12
2.7997853e-13
2.0689863e-12
2.9187867e-13
1.9693282e-12
3.0201204e-13
1.8504484e-12
3.1134936e-13
1.7138168e-12
3.1918124e-13
1.5603355e-12
3.2590094e-13
1.3908504e-12
3.3143981e-13
1.2070021e-12
3.3596682e-13
1.0098615e-12
3.3971424e-13
8.0006228e-13
3.512219e-13
5.7561754e-13
3.5385169e-13
3.5566134e-13
1.2990502e-13
2.4561585e-14
3.26312e-14
4.1494242e-14
5.0988584e-14
6.0950876e-14
7.1223253e-14
8.1674617e-14
9.2338986e-14
1.0354382e-13
1.1432549e-13
1.2526459e-13
1.3595852e-13
1.4538734e-13
1.5394467e-13
1.6177117e-13
1.6882906e-13
1.7541103e-13
1.8153851e-13
1.8692027e-13
1.9178218e-13
1.9633695e-13
2.0038259e-13
2.0166353e-13
2.0307145e-13
)
;

boundaryField
{
    Walls
    {
        type            calculated;
        value           uniform 0;
    }
    Inlet
    {
        type            calculated;
        value           nonuniform List<scalar> 3(-1.6358021e-08 -4.9838227e-08 -8.8612532e-08);
    }
    Outlet
    {
        type            calculated;
        value           nonuniform List<scalar> 
86
(
1.2450417e-13
3.7317535e-13
6.1655035e-13
8.5180217e-13
1.0758537e-12
1.2858994e-12
1.4794198e-12
1.6542193e-12
1.8084463e-12
1.940603e-12
2.0495613e-12
2.1345587e-12
2.1951788e-12
2.2313303e-12
2.2432332e-12
2.2313408e-12
2.1963367e-12
2.1390567e-12
2.0604297e-12
1.9615024e-12
1.8433911e-12
1.7072353e-12
1.5542084e-12
1.385469e-12
1.2021404e-12
1.0053069e-12
7.9601678e-13
5.7433674e-13
3.5425349e-13
1.267467e-13
6.5878085e-08
4.6176037e-08
1.4585848e-08
-3.7953839e-09
-7.2569784e-09
-3.968927e-09
-1.0126374e-09
1.1324632e-10
2.6253583e-10
1.3253399e-10
2.8355921e-11
9.9107972e-12
3.2730686e-11
6.4375628e-11
8.5986991e-11
9.5522387e-11
9.610588e-11
9.2069443e-11
8.6495271e-11
8.0872899e-11
7.5324904e-11
6.9324854e-11
6.3329882e-11
5.7251109e-11
5.1261449e-11
4.5361391e-11
3.9895552e-11
3.4887814e-11
3.01245e-11
2.5884684e-11
2.2125298e-11
1.8754073e-11
1.5819494e-11
1.330549e-11
1.1033264e-11
9.0197168e-12
7.37954e-12
5.9695233e-12
4.7856965e-12
3.7990733e-12
3.0136236e-12
2.400427e-12
1.8309672e-12
1.364817e-12
1.0082582e-12
7.5843415e-13
5.8152665e-13
4.5535458e-13
3.4768885e-13
2.0622974e-13
-5.4022382e-10
-3.0412029e-09
-6.5521426e-09
-4.1685443e-09
1.261784e-08
4.4034897e-08
)
;
    }
    Front
    {
        type            wedge;
        value           nonuniform List<scalar> 
1740
(
1.1054524e-12
1.9741313e-12
2.8081795e-12
3.429566e-12
3.7274361e-12
4.000153e-12
4.3212531e-12
4.5816977e-12
4.6652126e-12
4.8545965e-12
5.0419312e-12
4.9999922e-12
4.9773547e-12
5.1102582e-12
5.2063257e-12
5.2508355e-12
5.3569327e-12
5.4032864e-12
5.4536282e-12
5.53311e-12
5.5758765e-12
5.5369783e-12
5.5850654e-12
5.6110074e-12
5.5574718e-12
5.5874988e-12
5.6086753e-12
5.7197989e-12
5.5182792e-12
5.6123328e-12
2.0513376e-13
3.6103549e-13
5.7854843e-13
8.9081672e-13
1.1826302e-12
1.2755037e-12
1.5868253e-12
1.7348404e-12
1.8692469e-12
2.082069e-12
2.2238443e-12
2.3305492e-12
2.4122474e-12
2.5580403e-12
2.6523884e-12
2.7998325e-12
2.9083231e-12
2.9925592e-12
3.0968243e-12
3.160126e-12
3.2649554e-12
3.3308336e-12
3.4150033e-12
3.4717411e-12
3.5281979e-12
3.619092e-12
3.6980214e-12
3.752839e-12
3.6500439e-12
3.775551e-12
4.1357318e-14
6.1131185e-14
1.1009569e-13
1.8690552e-13
2.611189e-13
2.5590961e-13
2.9670639e-13
3.7779347e-13
4.2236911e-13
4.6470597e-13
5.3915628e-13
5.9666781e-13
6.0431356e-13
6.4463717e-13
7.1514765e-13
7.6680493e-13
8.1664749e-13
8.5344622e-13
8.8442988e-13
9.3971202e-13
1.0011432e-12
1.0276451e-12
1.0765627e-12
1.1044395e-12
1.139066e-12
1.1800172e-12
1.2217965e-12
1.2477083e-12
1.1895916e-12
1.407757e-12
3.5759915e-12
8.297429e-13
2.7205079e-13
9.7710735e-14
2.6511785e-14
4.5232038e-15
-2.6728853e-15
-4.8403362e-15
-4.7594315e-15
-3.9799521e-15
-3.1201312e-15
-2.4208641e-15
-1.9078967e-15
-1.5170993e-15
-1.1979296e-15
-9.2847285e-16
-7.0211533e-16
-5.1746847e-16
-3.7312373e-16
-2.6523504e-16
-1.8616159e-16
-1.286477e-16
-8.8062199e-17
-5.9850141e-17
-4.0679401e-17
-2.7663562e-17
-1.9188436e-17
-1.3962163e-17
-1.0726798e-17
-8.7020296e-18
-7.5052302e-18
-6.8975057e-18
-6.6401571e-18
-6.6425327e-18
-6.6704262e-18
-6.7677173e-18
-6.9042127e-18
-7.0512393e-18
-7.2014515e-18
-7.3499483e-18
-7.4971326e-18
-7.6430085e-18
-7.7688377e-18
-7.8962641e-18
-8.009212e-18
-8.1144475e-18
-8.2020784e-18
-8.2353018e-18
-8.1126125e-18
-7.673634e-18
4.3299487e-12
2.2281195e-12
3.4333366e-13
1.4459224e-13
5.2542718e-14
9.6405902e-15
-7.1561482e-15
-1.2092494e-14
-1.2212788e-14
-1.0617066e-14
-8.637543e-15
-6.8499586e-15
-5.3973024e-15
-4.2393249e-15
-3.3020338e-15
-2.5331678e-15
-1.9051231e-15
-1.4011115e-15
-1.0077581e-15
-7.1026376e-16
-4.9104451e-16
-3.3301035e-16
-2.2160314e-16
-1.4458157e-16
-9.2407354e-17
-5.7776523e-17
-3.5311728e-17
-2.1199136e-17
-1.2594182e-17
-7.4984478e-18
-4.6152128e-18
-3.1469818e-18
-2.5294329e-18
-2.433891e-18
-2.5848149e-18
-2.9099363e-18
-3.3117941e-18
-3.7434022e-18
-4.1827489e-18
-4.6101708e-18
-5.0150313e-18
-5.3928732e-18
-5.7291255e-18
-6.041844e-18
-6.3135056e-18
-6.537033e-18
-6.6822041e-18
-6.6427809e-18
-6.1759256e-18
-5.3406161e-18
3.9124278e-12
2.0269156e-12
4.0337885e-14
3.9917136e-14
1.7047291e-14
-8.047374e-15
-1.9550527e-14
-2.1640605e-14
-2.0236601e-14
-1.7389369e-14
-1.4239226e-14
-1.1363747e-14
-8.9512664e-15
-6.9905475e-15
-5.4051776e-15
-4.1215548e-15
-3.0885357e-15
-2.2685118e-15
-1.630945e-15
-1.1471754e-15
-7.8942557e-16
-5.3144879e-16
-3.4961812e-16
-2.2415039e-16
-1.3950813e-16
-8.3590359e-17
-4.7485866e-17
-2.4831325e-17
-1.1179117e-17
-3.3424813e-18
8.7609677e-19
2.8633342e-18
3.5144695e-18
3.3909793e-18
2.7860806e-18
1.9198237e-18
9.7870667e-19
4.2147944e-20
-8.6839751e-19
-1.7286184e-18
-2.5208844e-18
-3.2423297e-18
-3.8860188e-18
-4.4601043e-18
-4.9391091e-18
-5.3039896e-18
-5.5144028e-18
-5.4421523e-18
-4.8720523e-18
-4.1611081e-18
5.1800907e-12
1.1186447e-12
-1.8591731e-13
-8.6894644e-14
-4.4435132e-14
-3.9222977e-14
-3.6790609e-14
-3.3326696e-14
-2.8992245e-14
-2.4299762e-14
-1.9772417e-14
-1.5765698e-14
-1.2400607e-14
-9.6536996e-15
-7.4358364e-15
-5.6512802e-15
-4.2255935e-15
-3.1008017e-15
-2.2286359e-15
-1.5669439e-15
-1.0767329e-15
-7.2256804e-16
-4.7295711e-16
-3.0099992e-16
-1.8512098e-16
-1.0859358e-16
-5.9351342e-17
-2.8475714e-17
-9.9815737e-18
4.9910196e-19
5.991074e-18
8.4687846e-18
9.1442384e-18
8.7107428e-18
7.6172967e-18
6.2673909e-18
4.8383251e-18
3.4203231e-18
2.0651373e-18
8.0006618e-19
-3.5871805e-19
-1.4051193e-18
-2.3326888e-18
-3.1473484e-18
-3.8149332e-18
-4.3107452e-18
-4.6004862e-18
-4.5656226e-18
-4.0562202e-18
-3.6221384e-18
5.3860304e-12
2.7121136e-13
-3.0754637e-13
-1.7247155e-13
-9.6323215e-14
-6.8475422e-14
-5.4762462e-14
-4.5384939e-14
-3.7743393e-14
-3.1001112e-14
-2.5041969e-14
-1.9913981e-14
-1.5637812e-14
-1.2150584e-14
-9.33805e-15
-7.0845469e-15
-5.2910853e-15
-3.8799925e-15
-2.7878061e-15
-1.9597436e-15
-1.3457927e-15
-9.0159495e-16
-5.8855377e-16
-3.7307842e-16
-2.2777049e-16
-1.3196902e-16
-7.0431723e-17
-3.1877688e-17
-8.8776399e-18
4.0752788e-18
1.0751668e-17
1.3670681e-17
1.4331997e-17
1.355644e-17
1.2029676e-17
1.0228634e-17
8.3317709e-18
6.4648521e-18
4.6943071e-18
3.0522275e-18
1.5539627e-18
2.078342e-19
-9.8032006e-19
-2.0154409e-18
-2.858414e-18
-3.4847106e-18
-3.8725513e-18
-3.9228164e-18
-3.5431755e-18
-3.383483e-18
-1.8466683e-12
-4.3380773e-13
-2.0930482e-13
-1.5238621e-13
-1.1639143e-13
-8.9569727e-14
-7.0598105e-14
-5.7032666e-14
-4.6234415e-14
-3.716534e-14
-2.9615483e-14
-2.3401691e-14
-1.8353028e-14
-1.4273823e-14
-1.0983194e-14
-8.335361e-15
-6.2204596e-15
-4.553812e-15
-3.2645077e-15
-2.2886052e-15
-1.5672682e-15
-1.0469595e-15
-6.806717e-16
-4.2882333e-16
-2.5983882e-16
-1.4920337e-16
-7.8647651e-17
-3.5240563e-17
-9.9285178e-18
4.4363208e-18
1.1984488e-17
1.5287857e-17
1.6061057e-17
1.537149e-17
1.3889729e-17
1.2027062e-17
1.0044253e-17
8.0776314e-18
6.1915006e-18
4.4227898e-18
2.7962538e-18
1.3251297e-18
1.9660475e-20
-1.1144968e-18
-2.0437211e-18
-2.7448605e-18
-3.2010617e-18
-3.3268348e-18
-3.0635901e-18
-3.1096865e-18
-1.4242277e-12
-4.3432779e-13
-2.265855e-13
-1.702477e-13
-1.3399317e-13
-1.0408345e-13
-8.1630218e-14
-6.5372848e-14
-5.2706233e-14
-4.2239409e-14
-3.3639431e-14
-2.6589658e-14
-2.0865101e-14
-1.6234765e-14
-1.2495531e-14
-9.4863884e-15
-7.0838088e-15
-5.1908894e-15
-3.7262815e-15
-2.6169796e-15
-1.7959848e-15
-1.2030916e-15
-7.8534583e-16
-4.9774799e-16
-3.0441589e-16
-1.7762223e-16
-9.6584984e-17
-4.6195624e-17
-1.651853e-17
3.9086148e-19
9.4949385e-18
1.3795012e-17
1.5178898e-17
1.4878412e-17
1.3657375e-17
1.1980463e-17
1.0127327e-17
8.2612465e-18
6.4582399e-18
4.7617906e-18
3.1990509e-18
1.7849868e-18
5.3179205e-19
-5.5653729e-19
-1.4500003e-18
-2.1277445e-18
-2.576614e-18
-2.7258146e-18
-2.5362457e-18
-2.7296261e-18
-1.1957343e-12
-4.2349968e-13
-2.2271205e-13
-1.7148847e-13
-1.4039801e-13
-1.1154962e-13
-8.8386784e-14
-7.1076396e-14
-5.7424467e-14
-4.611769e-14
-3.681655e-14
-2.9162613e-14
-2.2925258e-14
-1.7864454e-14
-1.3765886e-14
-1.0461159e-14
-7.8192699e-15
-5.7360965e-15
-4.1228966e-15
-2.8997122e-15
-1.9935327e-15
-1.3383578e-15
-8.7613815e-16
-5.5773872e-16
-3.4342462e-16
-2.0267405e-16
-1.1255383e-16
-5.6312269e-17
-2.2619523e-17
-3.4601591e-18
7.0230292e-18
1.2207214e-17
1.4149868e-17
1.4220177e-17
1.325634e-17
1.1768456e-17
1.0056349e-17
8.2975281e-18
6.5884513e-18
4.9753891e-18
3.4869518e-18
2.1397307e-18
9.4470129e-19
-9.4822326e-20
-9.5088287e-19
-1.6069289e-18
-2.0509093e-18
-2.2248624e-18
-2.1015244e-18
-2.411774e-18
-1.0339374e-12
-3.9706142e-13
-2.1146989e-13
-1.6486626e-13
-1.3989703e-13
-1.1383197e-13
-9.1569628e-14
-7.4349662e-14
-6.0441089e-14
-4.878444e-14
-3.9110379e-14
-3.1089467e-14
-2.4510529e-14
-1.9144266e-14
-1.4778995e-14
-1.1248197e-14
-8.4189226e-15
-6.1837328e-15
-4.4501233e-15
-3.1339491e-15
-2.1576862e-15
-1.4510754e-15
-9.5204696e-16
-6.0802267e-16
-3.7635299e-16
-2.2401739e-16
-1.2629753e-16
-6.5186846e-17
-2.8187012e-17
-7.0317858e-18
4.6390053e-18
1.057644e-17
1.3020547e-17
1.3435003e-17
1.2718739e-17
1.1414644e-17
9.8486348e-18
8.207427e-18
6.6004969e-18
5.0784313e-18
3.6721318e-18
2.3991253e-18
1.2662391e-18
2.7886575e-19
-5.3757269e-19
-1.1721235e-18
-1.6100287e-18
-1.8055999e-18
-1.7381082e-18
-2.1385906e-18
-8.9091458e-13
-3.6703203e-13
-1.9836278e-13
-1.5550926e-13
-1.3551909e-13
-1.1267831e-13
-9.2077705e-14
-7.5618815e-14
-6.1968731e-14
-5.034417e-14
-4.0567106e-14
-3.2392978e-14
-2.5628897e-14
-2.0075784e-14
-1.5534247e-14
-1.1845726e-14
-8.8804561e-15
-6.5318205e-15
-4.7065066e-15
-3.3184534e-15
-2.2875115e-15
-1.5405453e-15
-1.0125686e-15
-6.4828606e-16
-4.0287785e-16
-2.4136238e-16
-1.3765116e-16
-7.270229e-17
-3.3167796e-17
-1.0276713e-17
2.3901599e-18
8.9537005e-18
1.1835703e-17
1.2554721e-17
1.2067422e-17
1.0943704e-17
9.5256008e-18
8.0112454e-18
6.5119605e-18
5.0850233e-18
3.7658444e-18
2.5721789e-18
1.5054102e-18
5.7289253e-19
-2.021278e-19
-8.1189367e-19
-1.2415331e-18
-1.4536823e-18
-1.431372e-18
-1.8993537e-18
-7.6450122e-13
-3.3674925e-13
-1.8515322e-13
-1.4606521e-13
-1.2900852e-13
-1.0937279e-13
-9.0723215e-14
-7.536966e-14
-6.2293475e-14
-5.096115e-14
-4.1290758e-14
-3.3128668e-14
-2.631429e-14
-2.0679663e-14
-1.6043014e-14
-1.2260078e-14
-9.2073415e-15
-6.7821453e-15
-4.8929813e-15
-3.4537788e-15
-2.3832968e-15
-1.6068223e-15
-1.0576295e-15
-6.784978e-16
-4.2295211e-16
-2.5470448e-16
-1.4655673e-16
-7.8760907e-17
-3.7389959e-17
-1.3139765e-17
3.1006866e-19
7.3765202e-18
1.0625712e-17
1.1608719e-17
1.132948e-17
1.0380199e-17
9.1109344e-18
7.7257798e-18
6.3386865e-18
5.0095173e-18
3.7806006e-18
2.6692198e-18
1.6715199e-18
7.9754793e-19
6.5155457e-20
-5.1690107e-19
-9.3487404e-19
-1.1577769e-18
-1.1708069e-18
-1.6870359e-18
-6.5895204e-13
-3.0583804e-13
-1.7344101e-13
-1.3546196e-13
-1.2114507e-13
-1.0476716e-13
-8.8159184e-14
-7.4045735e-14
-6.1705655e-14
-5.0823297e-14
-4.1404305e-14
-3.3376832e-14
-2.6617876e-14
-2.0987411e-14
-1.6325793e-14
-1.2504026e-14
-9.4075995e-15
-6.9398168e-15
-5.0127196e-15
-3.5418225e-15
-2.4462893e-15
-1.650763e-15
-1.0876952e-15
-6.9888016e-16
-4.3673227e-16
-2.6410937e-16
-1.5305517e-16
-8.3375487e-17
-4.0784282e-17
-1.5607529e-17
-1.571214e-18
5.877096e-18
9.405214e-18
1.0622787e-17
1.0533084e-17
9.746858e-18
8.6217654e-18
7.3651913e-18
6.0928161e-18
4.8681995e-18
3.7314905e-18
2.7001542e-18
1.7743301e-18
9.6144789e-19
2.7436783e-19
-2.7799744e-19
-6.8105029e-19
-9.0905549e-19
-9.4876809e-19
-1.4968497e-18
-5.7452692e-13
-2.8278984e-13
-1.6318425e-13
-1.2588104e-13
-1.1325086e-13
-9.963914e-14
-8.4915712e-14
-7.2022229e-14
-6.0469209e-14
-5.0112295e-14
-4.1033671e-14
-3.3223067e-14
-2.6596908e-14
-2.1038417e-14
-1.6408705e-14
-1.2594735e-14
-9.492411e-15
-7.0122028e-15
-5.0705054e-15
-3.5857404e-15
-2.4784512e-15
-1.6736405e-15
-1.103637e-15
-7.0995258e-16
-4.4451207e-16
-2.6970962e-16
-1.5722428e-16
-8.658124e-17
-4.3353594e-17
-1.7690527e-17
-3.2456273e-18
4.4713886e-18
8.2118127e-18
9.6194115e-18
9.6968754e-18
9.0613218e-18
8.0759518e-18
6.9475069e-18
5.7907719e-18
4.6710801e-18
3.6267282e-18
2.6772501e-18
1.8238125e-18
1.0729955e-18
4.3437373e-19
-8.6610527e-20
-4.72292e-19
-7.0051889e-19
-7.5955725e-19
-1.3254729e-18
-5.0460644e-13
-2.6195339e-13
-1.5363037e-13
-1.1741454e-13
-1.058241e-13
-9.4441419e-14
-8.1360867e-14
-6.9584445e-14
-5.8797848e-14
-4.8985995e-14
-4.0291793e-14
-3.2750475e-14
-2.6309547e-14
-2.0872934e-14
-1.6319014e-14
-1.2550864e-14
-9.4745682e-15
-7.007785e-15
-5.0721165e-15
-3.5893861e-15
-2.4823262e-15
-1.6770895e-15
-1.1065086e-15
-7.1238875e-16
-4.4669368e-16
-2.7175742e-16
-1.5919527e-16
-8.8459841e-17
-4.5130022e-17
-1.9359753e-17
-4.7032524e-18
3.1678302e-18
7.0592427e-18
8.6131408e-18
8.8356761e-18
8.344412e-18
7.4919443e-18
6.4860901e-18
5.444595e-18
4.4302982e-18
3.4785245e-18
2.6106697e-18
1.8293583e-18
1.1407195e-18
5.5160624e-19
6.4849377e-20
-3.0166419e-19
-5.2645759e-19
-5.9873684e-19
-1.1707167e-18
-4.4633343e-13
-2.5032884e-13
-1.4694167e-13
-1.1041354e-13
-9.9071278e-14
-8.9399334e-14
-7.7716858e-14
-6.6927173e-14
-5.6851302e-14
-4.7569832e-14
-3.9273782e-14
-3.2030163e-14
-2.5807823e-14
-2.0527748e-14
-1.6083678e-14
-1.2391272e-14
-9.3669524e-15
-6.9354456e-15
-5.0235903e-15
-3.5568702e-15
-2.4606516e-15
-1.6629077e-15
-1.0974924e-15
-7.0696781e-16
-4.4378263e-16
-2.7056085e-16
-1.5914486e-16
-8.9108501e-17
-4.6170478e-17
-2.0585053e-17
-5.9319023e-18
1.9787274e-18
5.9554807e-18
7.6206769e-18
7.9714939e-18
7.6082866e-18
6.8825787e-18
5.9967546e-18
5.0666935e-18
4.1554932e-18
3.2961158e-18
2.5093101e-18
1.799015e-18
1.1718275e-18
6.3285356e-19
1.8265358e-19
-1.6271356e-19
-3.8199944e-19
-4.6318343e-19
-1.0305178e-18
-4.0147257e-13
-2.3921444e-13
-1.4082624e-13
-1.0423132e-13
-9.2879152e-14
-8.4566184e-14
-7.4091843e-14
-6.4167826e-14
-5.4738121e-14
-4.5956491e-14
-3.8053455e-14
-3.1118629e-14
-2.5135236e-14
-2.0035186e-14
-1.572599e-14
-1.2132688e-14
-9.18149e-15
-6.8035744e-15
-4.9307303e-15
-3.492169e-15
-2.4161752e-15
-1.6329322e-15
-1.0778127e-15
-6.9448408e-16
-4.3629486e-16
-2.664432e-16
-1.5725278e-16
-8.8625191e-17
-4.6530096e-17
-2.1405639e-17
-6.9391272e-18
9.1292496e-19
4.9129518e-18
6.6564322e-18
7.1164477e-18
6.8678927e-18
6.2604296e-18
5.4898174e-18
4.6679714e-18
3.856586e-18
3.0879418e-18
2.3806572e-18
1.7391415e-18
1.1727255e-18
6.8427645e-19
2.7127296e-19
-5.0768532e-20
-2.6228559e-19
-3.4946154e-19
-9.0322986e-19
-3.6391836e-13
-2.2715887e-13
-1.3541387e-13
-9.8726077e-14
-8.7177e-14
-7.9945603e-14
-7.0533252e-14
-6.1372375e-14
-5.2525199e-14
-4.4207389e-14
-3.6682961e-14
-3.0058318e-14
-2.4324674e-14
-1.9421039e-14
-1.5264503e-14
-1.1789081e-14
-8.9283086e-15
-6.6194141e-15
-4.7986276e-15
-3.3988434e-15
-2.3513888e-15
-1.5888723e-15
-1.0486311e-15
-6.7571597e-16
-4.247129e-16
-2.5971576e-16
-1.5371252e-16
-8.7121475e-17
-4.6264274e-17
-2.1851253e-17
-7.7377443e-18
-2.0940052e-20
3.9434039e-18
5.7346515e-18
6.2787289e-18
6.1337456e-18
5.6367327e-18
4.9757101e-18
4.2578806e-18
3.5425419e-18
2.8606594e-18
2.2316251e-18
1.6583503e-18
1.1504772e-18
7.107298e-19
3.3435851e-19
3.702315e-20
-1.6399753e-19
-2.5424036e-19
-7.8716627e-19
-3.3259624e-13
-2.1663041e-13
-1.307375e-13
-9.3837159e-14
-8.1917602e-14
-7.5521331e-14
-6.705341e-14
-5.8571208e-14
-5.0247472e-14
-4.2357805e-14
-3.5195093e-14
-2.8877445e-14
-2.3399359e-14
-1.8703104e-14
-1.4713315e-14
-1.1370969e-14
-8.6153073e-15
-6.3886973e-15
-4.6314485e-15
-3.2798857e-15
-2.2684016e-15
-1.5322285e-15
-1.0109278e-15
-6.5133119e-16
-4.0949511e-16
-2.506696e-16
-1.4870456e-16
-8.4701443e-17
-4.5428983e-17
-2.1945311e-17
-8.3374056e-18
-8.2673087e-19
3.0562527e-18
4.8618896e-18
5.471374e-18
5.4188256e-18
5.0218142e-18
4.4633954e-18
3.8445142e-18
3.2211886e-18
2.6222421e-18
2.0680177e-18
1.5617229e-18
1.1104054e-18
7.1694253e-19
3.76206e-19
1.0363582e-19
-8.500497e-20
-1.7530752e-19
-6.806185e-19
-3.0597827e-13
-2.0709291e-13
-1.2658155e-13
-8.9468499e-14
-7.7159374e-14
-7.1272477e-14
-6.3639345e-14
-5.5767202e-14
-4.7915315e-14
-4.0422339e-14
-3.360619e-14
-2.7591505e-14
-2.2372822e-14
-1.7892896e-14
-1.4082075e-14
-1.0885591e-14
-8.2480644e-15
-6.1156544e-15
-4.4323318e-15
-3.1376052e-15
-2.1688735e-15
-1.4641839e-15
-9.6555626e-16
-6.219064e-16
-3.9101847e-16
-2.3955137e-16
-1.423934e-16
-8.1451304e-17
-4.407339e-17
-2.1714651e-17
-8.7351991e-18
-1.5073436e-18
2.2592982e-18
4.0470237e-18
4.7046483e-18
4.7313647e-18
4.4246582e-18
3.9614029e-18
3.4354611e-18
2.8992813e-18
2.3792671e-18
1.8961408e-18
1.4536924e-18
1.0561322e-18
7.0672329e-19
4.0082002e-19
1.5267436e-19
-2.2834602e-20
-1.1121743e-19
-5.8314063e-19
-2.8300826e-13
-1.9831926e-13
-1.2275401e-13
-8.5442666e-14
-7.2643041e-14
-6.7126661e-14
-6.024972e-14
-5.2939323e-14
-4.5519406e-14
-3.8399231e-14
-3.1919017e-14
-2.6205652e-14
-2.1250608e-14
-1.6996037e-14
-1.3375478e-14
-1.0337164e-14
-7.829985e-15
-5.8030159e-15
-4.2034079e-15
-2.9736355e-15
-2.0540387e-15
-1.3856371e-15
-9.1316147e-16
-5.8790576e-16
-3.6960593e-16
-2.265619e-16
-1.3490034e-16
-7.7451032e-17
-4.22444e-17
-2.1180958e-17
-8.9300655e-18
-2.0585434e-18
1.5527994e-18
3.2989228e-18
3.985681e-18
4.0779476e-18
3.8526385e-18
3.4763896e-18
3.0368435e-18
2.5819466e-18
2.1375954e-18
1.7215482e-18
1.3377987e-18
9.9128535e-19
6.8344471e-19
4.1105633e-19
1.8699069e-19
2.5039602e-20
-6.0455623e-20
-4.9438774e-19
-2.6304819e-13
-1.9015149e-13
-1.1910842e-13
-8.1615311e-14
-6.8356289e-14
-6.3052473e-14
-5.6840343e-14
-5.0050466e-14
-4.3035271e-14
-3.6274125e-14
-3.0125959e-14
-2.4716562e-14
-2.0032216e-14
-1.6013103e-14
-1.2594812e-14
-9.7272745e-15
-7.3626126e-15
-5.4522411e-15
-3.9459375e-15
-2.789007e-15
-1.9247437e-15
-1.2972489e-15
-8.5422053e-16
-5.4966187e-16
-3.4549822e-16
-2.1187677e-16
-1.2634146e-16
-7.27686e-17
-3.9972658e-17
-2.0360299e-17
-8.9290032e-18
-2.4862391e-18
9.3796087e-19
2.6234785e-18
3.3204743e-18
3.4657153e-18
3.3125427e-18
3.0147356e-18
2.6544031e-18
2.2749826e-18
1.9006766e-18
1.5468885e-18
1.2183718e-18
9.1935417e-19
6.5029396e-19
4.0967233e-19
2.0859397e-19
6.0290627e-20
-2.1563486e-20
-4.1406437e-19
-2.4555328e-13
-1.8245832e-13
-1.1552905e-13
-7.7924595e-14
-6.4119334e-14
-5.8958364e-14
-5.3344544e-14
-4.7048783e-14
-4.0426841e-14
-3.4023386e-14
-2.821209e-14
-2.3115108e-14
-1.8712305e-14
-1.4941242e-14
-1.1738676e-14
-9.0555637e-15
-6.8461357e-15
-5.0638195e-15
-3.6605471e-15
-2.5843284e-15
-1.7815272e-15
-1.1994821e-15
-7.8911267e-16
-5.0743038e-16
-3.1886971e-16
-1.9560319e-16
-1.1680333e-16
-6.7481588e-17
-3.7296755e-17
-1.9261858e-17
-8.7396253e-18
-2.7852799e-18
4.2127576e-19
2.0234421e-18
2.714964e-18
2.8994331e-18
2.8100975e-18
2.5817179e-18
2.2927776e-18
1.9823246e-18
1.6721006e-18
1.3755188e-18
1.097953e-18
8.4268692e-19
6.098075e-19
3.9899141e-19
2.19642e-19
8.4479521e-20
6.5337979e-21
-3.4141385e-19
-2.3008324e-13
-1.7512478e-13
-1.1189331e-13
-7.419692e-14
-5.9834184e-14
-5.4748772e-14
-4.9683397e-14
-4.3871813e-14
-3.7650333e-14
-3.1617886e-14
-2.6158492e-14
-2.1388993e-14
-1.7282715e-14
-1.3775241e-14
-1.0803983e-14
-8.3203608e-15
-6.2798877e-15
-4.637651e-15
-3.3474916e-15
-2.3600047e-15
-1.6248064e-15
-1.0926987e-15
-7.1813161e-16
-4.6143256e-16
-2.898695e-16
-1.7785431e-16
-1.0633756e-16
-6.1621354e-17
-3.4258018e-17
-1.7905483e-17
-8.3661598e-18
-2.9481656e-18
5.1315045e-21
1.5017993e-18
2.1730519e-18
2.384291e-18
2.3480065e-18
2.1808142e-18
1.9554559e-18
1.7069739e-18
1.4544957e-18
1.2098941e-18
9.7865897e-19
7.6330434e-19
5.6395333e-19
3.8078318e-19
2.2175972e-19
9.9132614e-20
2.5204488e-20
-2.7724136e-19
-2.1627256e-13
-1.6803948e-13
-1.0807048e-13
-7.0279214e-14
-5.5359435e-14
-5.0298425e-14
-4.576182e-14
-4.0449092e-14
-3.4658543e-14
-2.9027886e-14
-2.3946002e-14
-1.952492e-14
-1.5734127e-14
-1.250862e-14
-9.7865931e-15
-7.5193562e-15
-5.6628796e-15
-4.1735695e-15
-3.0069809e-15
-2.116423e-15
-1.4549696e-15
-9.7722361e-16
-6.4154631e-16
-4.1188654e-16
-2.5864161e-16
-1.5873239e-16
-9.5010076e-17
-5.5212502e-17
-3.0872144e-17
-1.6314134e-17
-7.8148445e-18
-2.9736917e-18
-3.0936263e-19
1.0610972e-18
1.6979129e-18
1.9247433e-18
1.9288882e-18
1.8146245e-18
1.644946e-18
1.4512326e-18
1.2501847e-18
1.0520408e-18
8.6236934e-19
6.8314057e-19
5.1434509e-19
3.5651114e-19
2.1644101e-19
1.0563554e-19
3.5815672e-20
-2.21013e-19
-2.0380538e-13
-1.6108402e-13
-1.0391142e-13
-6.5992554e-14
-5.0519459e-14
-4.5495268e-14
-4.1474536e-14
-3.6707094e-14
-3.1409157e-14
-2.6230221e-14
-2.1559807e-14
-1.751107e-14
-1.4056696e-14
-1.1134025e-14
-8.6818129e-15
-6.650126e-15
-4.9943593e-15
-3.6717079e-15
-2.6395718e-15
-1.8542301e-15
-1.2725886e-15
-8.5351753e-16
-5.596956e-16
-3.590309e-16
-2.2535768e-16
-1.3833515e-16
-8.2889098e-17
-4.8295588e-17
-2.7149839e-17
-1.4494158e-17
-7.0930079e-18
-2.8661541e-18
-5.2068353e-19
7.0539971e-19
1.2926536e-18
1.5227855e-18
1.5558033e-18
1.4857739e-18
1.3633378e-18
1.2170695e-18
1.0613048e-18
9.0393062e-19
7.5092594e-19
6.0405776e-19
4.62692e-19
3.276946e-19
2.0506801e-19
1.053719e-19
3.9674654e-20
-1.7267907e-19
-1.9238749e-13
-1.5411231e-13
-9.9210126e-14
-6.1094249e-14
-4.5051825e-14
-4.0116893e-14
-3.6688329e-14
-3.2573808e-14
-2.7875813e-14
-2.3218903e-14
-1.8994567e-14
-1.5337544e-14
-1.2239074e-14
-9.6424346e-15
-7.4845012e-15
-5.7108205e-15
-4.2744941e-15
-3.1331803e-15
-2.2465841e-15
-1.5746211e-15
-1.0786347e-15
-7.2228426e-16
-4.7306427e-16
-3.0318783e-16
-1.9022385e-16
-1.167876e-16
-7.0047813e-17
-4.0914624e-17
-2.3113703e-17
-1.2455067e-17
-6.209995e-18
-2.6290078e-18
-6.2422664e-19
4.3705026e-19
9.6136936e-19
1.1833174e-18
1.237168e-18
1.2001274e-18
1.1160289e-18
1.0091127e-18
8.8980745e-19
7.6685592e-19
6.4568916e-19
5.2686333e-19
4.0949959e-19
2.9471208e-19
1.880647e-19
9.9028311e-20
3.7687683e-20
-1.3270172e-19
-1.8175112e-13
-1.4693836e-13
-9.3583608e-14
-5.5254812e-14
-3.856967e-14
-3.3793566e-14
-3.1213059e-14
-2.7993843e-14
-2.4076294e-14
-2.0025095e-14
-1.625844e-14
-1.2991471e-14
-1.0262905e-14
-8.0205658e-15
-6.1887936e-15
-4.7010621e-15
-3.5054737e-15
-2.5608865e-15
-1.8307141e-15
-1.2797788e-15
-8.7478541e-16
-5.8479868e-16
-3.8252925e-16
-2.4497092e-16
-1.5367961e-16
-9.441213e-17
-5.6742414e-17
-3.3250648e-17
-1.8898679e-17
-1.0302865e-17
-5.2548594e-18
-2.3369553e-18
-6.9021819e-19
1.9901635e-19
6.5025299e-19
8.5568882e-19
9.2297483e-19
9.1625477e-19
8.6845038e-19
7.9811201e-19
7.1500653e-19
6.2524526e-19
5.3528138e-19
4.4459375e-19
3.5151759e-19
2.5727899e-19
1.6696406e-19
8.8685769e-20
3.1992669e-20
-1.0013466e-19
-1.7161144e-13
-1.3960703e-13
-8.7783152e-14
-4.813519e-14
-3.0508064e-14
-2.6176622e-14
-2.483174e-14
-2.2994725e-14
-2.0137654e-14
-1.6754467e-14
-1.3368516e-14
-1.0437656e-14
-8.0894413e-15
-6.2461412e-15
-4.7882656e-15
-3.6234379e-15
-2.6926697e-15
-1.9600128e-15
-1.3959749e-15
-9.7245795e-16
-6.626987e-16
-4.4189737e-16
-2.8843958e-16
-1.8434582e-16
-1.1546631e-16
-7.0834246e-17
-4.2495632e-17
-2.4859917e-17
-1.4097217e-17
-7.6503027e-18
-3.8599976e-18
-1.665764e-18
-4.1417035e-19
2.6039856e-19
5.92273e-19
7.4531424e-19
7.9186911e-19
7.8301484e-19
7.4142332e-19
6.8334827e-19
6.1572259e-19
5.4012941e-19
4.6413186e-19
3.8686576e-19
3.0665759e-19
2.2440506e-19
1.4453845e-19
7.4270583e-20
2.2091455e-20
-7.7020617e-20
-1.6210265e-13
-1.3192157e-13
-8.061544e-14
-3.8298141e-14
-1.9704532e-14
-1.6645879e-14
-1.7301641e-14
-1.7851389e-14
-1.6430292e-14
-1.3655734e-14
-1.0307486e-14
-7.5604775e-15
-5.6354085e-15
-4.2900112e-15
-3.2865812e-15
-2.4943133e-15
-1.8524797e-15
-1.3442759e-15
-9.5316668e-16
-6.6124995e-16
-4.4943527e-16
-2.9936406e-16
-1.9553303e-16
-1.2529444e-16
-7.8976915e-17
-4.9036169e-17
-2.9960789e-17
-1.8059938e-17
-1.0754929e-17
-6.3160405e-18
-3.638239e-18
-2.0343744e-18
-1.0544035e-18
-4.8010477e-19
-1.4605764e-19
5.5612285e-20
1.6534148e-19
2.3005082e-19
2.6756076e-19
2.868726e-19
2.8745619e-19
2.7274607e-19
2.5353308e-19
2.2581671e-19
1.881574e-19
1.4164369e-19
9.1006555e-20
4.2909548e-20
5.0325052e-21
-6.0849204e-20
-1.5146363e-13
-1.2355154e-13
-7.3264226e-14
-2.3250893e-14
-5.8794263e-15
-5.2934273e-15
-8.176269e-15
-1.3313284e-14
-1.3811664e-14
-1.1019646e-14
-6.6767767e-15
-4.0036608e-15
-2.7394097e-15
-2.1149956e-15
-1.6916818e-15
-1.3229028e-15
-9.8460223e-16
-7.1153837e-16
-4.9674084e-16
-3.3952249e-16
-2.2815856e-16
-1.5060239e-16
-9.6612474e-17
-6.0503764e-17
-3.7280444e-17
-2.2234716e-17
-1.2747363e-17
-6.8562936e-18
-3.2472926e-18
-1.0713679e-18
2.0608538e-19
9.7811992e-19
1.4110733e-18
1.6323129e-18
1.7668689e-18
1.8073104e-18
1.7709247e-18
1.7172179e-18
1.642054e-18
1.548552e-18
1.4357987e-18
1.3046417e-18
1.1735678e-18
1.0291064e-18
8.7349393e-19
7.0459701e-19
5.3058224e-19
3.5523329e-19
1.887246e-19
1.6625258e-20
-2.4118177e-14
-3.8936674e-14
-5.3187965e-14
-8.2185853e-14
-1.4011469e-13
-2.8769721e-13
-6.0242073e-14
-8.767773e-14
-1.1387529e-13
-1.6061089e-13
-2.2435053e-13
-3.372633e-13
-9.2458022e-14
-1.2035499e-13
-1.4977876e-13
-1.9585905e-13
-2.4586812e-13
-3.5811472e-13
-1.1406219e-13
-1.3916975e-13
-1.661698e-13
-2.0246592e-13
-2.3472839e-13
-2.9874296e-13
-1.2678144e-13
-1.4814845e-13
-1.7117554e-13
-1.9785442e-13
-2.2113581e-13
-2.7308345e-13
-1.3319225e-13
-1.5093107e-13
-1.6997808e-13
-1.8860033e-13
-2.0579982e-13
-2.5387228e-13
-1.3531229e-13
-1.4981386e-13
-1.6529836e-13
-1.7769149e-13
-1.9137586e-13
-2.3878208e-13
-1.3454191e-13
-1.4626177e-13
-1.5875721e-13
-1.672234e-13
-1.7831427e-13
-2.2725469e-13
-1.3182944e-13
-1.4119793e-13
-1.5120496e-13
-1.5734409e-13
-1.6682959e-13
-2.1763972e-13
-1.2786913e-13
-1.3528348e-13
-1.4316394e-13
-1.4739731e-13
-1.5607963e-13
-2.0925067e-13
-1.2316248e-13
-1.2901519e-13
-1.3522609e-13
-1.3843617e-13
-1.452775e-13
-2.0203868e-13
-1.1803094e-13
-1.2267138e-13
-1.2758608e-13
-1.3029276e-13
-1.3210371e-13
-1.9423566e-13
-1.1265063e-13
-1.1637737e-13
-1.2032075e-13
-1.2305378e-13
-1.2553568e-13
-1.9003099e-13
-1.07087e-13
-1.1013178e-13
-1.1332023e-13
-1.1629038e-13
-1.2082426e-13
-1.8418386e-13
-1.0134044e-13
-1.0388345e-13
-1.0648814e-13
-1.0987449e-13
-1.1683292e-13
-1.7801117e-13
-9.537498e-14
-9.7558072e-14
-9.9725248e-14
-1.0371004e-13
-1.1327135e-13
-1.7244272e-13
-8.9122992e-14
-9.1069799e-14
-9.3067333e-14
-9.7681351e-14
-1.0988484e-13
-1.6708829e-13
-8.2470082e-14
-8.4246397e-14
-8.6143012e-14
-9.1620932e-14
-1.0649144e-13
-1.6184832e-13
-7.5290519e-14
-7.6949507e-14
-7.8902877e-14
-8.5374659e-14
-1.0294133e-13
-1.5664478e-13
-6.7427643e-14
-6.8978974e-14
-7.1147364e-14
-7.8749613e-14
-9.9094105e-14
-1.5138884e-13
-5.870205e-14
-6.0237061e-14
-6.2641933e-14
-7.1513804e-14
-9.4817494e-14
-1.4596002e-13
-4.8827397e-14
-5.0241255e-14
-5.3003479e-14
-6.3339564e-14
-9.0113085e-14
-1.4020067e-13
-3.7546427e-14
-3.8655258e-14
-4.1711925e-14
-5.3739046e-14
-8.4002282e-14
-1.3387507e-13
-2.4692209e-14
-2.5068839e-14
-2.7878405e-14
-4.1904088e-14
-7.6950361e-14
-1.2723476e-13
-1.0095978e-14
-9.9297913e-15
-1.1523079e-14
-2.5195793e-14
-6.9428014e-14
-1.1969805e-13
)
;
    }
    Back
    {
        type            wedge;
        value           nonuniform List<scalar> 
1740
(
-1.0636537e-12
-1.9538013e-12
-2.8226545e-12
-3.4064151e-12
-3.6866121e-12
-3.9414506e-12
-4.2674263e-12
-4.5799098e-12
-4.6400194e-12
-4.7958367e-12
-5.0142347e-12
-4.9794907e-12
-4.9186901e-12
-5.037651e-12
-5.170686e-12
-5.2284753e-12
-5.3375911e-12
-5.3704243e-12
-5.4046141e-12
-5.4996072e-12
-5.5411567e-12
-5.4993917e-12
-5.5381995e-12
-5.5772954e-12
-5.5290976e-12
-5.5327374e-12
-5.5443913e-12
-5.6870147e-12
-5.5756045e-12
-5.8217663e-12
-1.7635516e-13
-3.9005999e-13
-6.4268431e-13
-8.5284188e-13
-1.0916982e-12
-1.1969407e-12
-1.5517137e-12
-1.7112998e-12
-1.8400353e-12
-2.033839e-12
-2.1577763e-12
-2.268394e-12
-2.3656156e-12
-2.5345167e-12
-2.6193561e-12
-2.7551813e-12
-2.8758285e-12
-2.9520143e-12
-3.0615636e-12
-3.1233939e-12
-3.2352102e-12
-3.2950962e-12
-3.3762244e-12
-3.4549332e-12
-3.5007936e-12
-3.5774833e-12
-3.6344328e-12
-3.7198171e-12
-3.7433552e-12
-3.8879247e-12
-8.5104856e-15
-7.7683339e-14
-1.1189095e-13
-1.3712247e-13
-2.0638839e-13
-2.4255231e-13
-2.9401865e-13
-3.4186749e-13
-3.8926063e-13
-4.4441555e-13
-4.8632902e-13
-5.3697538e-13
-5.853697e-13
-6.3201229e-13
-6.8384656e-13
-7.2013402e-13
-7.7055513e-13
-8.197389e-13
-8.6290488e-13
-9.0949897e-13
-9.5729288e-13
-9.7803656e-13
-1.0329158e-12
-1.0677717e-12
-1.1067328e-12
-1.1436195e-12
-1.1783781e-12
-1.2117489e-12
-1.2136481e-12
-1.3858994e-12
-2.910864e-12
-3.63852e-13
-3.0723505e-13
-1.1254127e-13
-2.7891417e-14
-4.486171e-15
2.6260272e-15
4.7630988e-15
4.7027928e-15
3.9097882e-15
3.0434819e-15
2.3543823e-15
1.8598682e-15
1.4861567e-15
1.1789191e-15
9.168689e-16
6.9493856e-16
5.1307952e-16
3.7079697e-16
2.6469587e-16
1.8701665e-16
1.3043505e-16
9.0502048e-17
6.2705412e-17
4.3755137e-17
3.0810845e-17
2.2320108e-17
1.7028894e-17
1.3669681e-17
1.1466925e-17
1.0058703e-17
9.2271855e-18
8.7389631e-18
8.5088032e-18
8.306842e-18
8.1827615e-18
8.110324e-18
8.0626458e-18
8.0333502e-18
8.0188952e-18
8.0197382e-18
8.0349593e-18
8.0457808e-18
8.0724522e-18
8.1011692e-18
8.1395492e-18
8.1763657e-18
8.1761471e-18
8.0368141e-18
7.2251481e-18
-2.4633464e-12
-7.6096225e-13
-4.1667146e-13
-1.7990905e-13
-5.6339208e-14
-9.4732143e-15
7.061292e-15
1.2057241e-14
1.218358e-14
1.0511504e-14
8.4908481e-15
6.7156785e-15
5.2996326e-15
4.1792112e-15
3.2686233e-15
2.5157887e-15
1.8968716e-15
1.3982759e-15
1.0088962e-15
7.1510132e-16
4.9877938e-16
3.4257697e-16
2.3237084e-16
1.5600591e-16
1.0401309e-16
6.9216066e-17
4.6390842e-17
3.1813864e-17
2.2627208e-17
1.6822364e-17
1.3164365e-17
1.0910949e-17
9.5106895e-18
8.647056e-18
8.0544243e-18
7.6709375e-18
7.399241e-18
7.1920722e-18
7.0395621e-18
6.9330904e-18
6.8595777e-18
6.8121313e-18
6.775271e-18
6.7621448e-18
6.7621462e-18
6.770632e-18
6.7517431e-18
6.6040707e-18
6.0818006e-18
4.5377651e-18
-1.3468365e-12
-1.691005e-13
-1.3875934e-13
-7.7218532e-14
-2.0510409e-14
8.0540779e-15
1.9102044e-14
2.1709661e-14
2.0262139e-14
1.7252488e-14
1.4021437e-14
1.115932e-14
8.8027443e-15
6.8985802e-15
5.3535052e-15
4.0959702e-15
3.0772977e-15
2.2657569e-15
1.6343161e-15
1.156088e-15
8.0300834e-16
5.4814215e-16
3.6818774e-16
2.4372612e-16
1.5925238e-16
1.0304238e-16
6.6325541e-17
4.288734e-17
2.8207194e-17
1.9118867e-17
1.3539964e-17
1.0197671e-17
8.2117208e-18
7.038567e-18
6.3597309e-18
5.9713807e-18
5.740088e-18
5.5972574e-18
5.5191465e-18
5.4884475e-18
5.4858025e-18
5.5017848e-18
5.526469e-18
5.5579518e-18
5.5864856e-18
5.596535e-18
5.5341208e-18
5.2777333e-18
4.599821e-18
3.0798949e-18
9.3845651e-14
6.8956868e-14
5.7398863e-14
3.4085596e-14
3.4542734e-14
3.713633e-14
3.6687409e-14
3.3665904e-14
2.9137093e-14
2.416945e-14
1.9511652e-14
1.550643e-14
1.2210124e-14
9.5363217e-15
7.3706943e-15
5.6196884e-15
4.2130839e-15
3.0991638e-15
2.2350335e-15
1.5804242e-15
1.0964122e-15
7.4669532e-16
4.9958439e-16
3.2871363e-16
2.1295363e-16
1.3606837e-16
8.5949876e-17
5.3967828e-17
3.3968985e-17
2.1674949e-17
1.4221528e-17
9.8018177e-18
7.2355372e-18
5.7859785e-18
5.0029241e-18
4.5870587e-18
4.380728e-18
4.2900806e-18
4.2725407e-18
4.3024148e-18
4.3585582e-18
4.4280233e-18
4.4994832e-18
4.5617883e-18
4.6066747e-18
4.6133109e-18
4.5239708e-18
4.2280682e-18
3.553134e-18
2.2466588e-18
8.640473e-13
2.5751272e-13
1.6361649e-13
1.0910497e-13
8.1193393e-14
6.5595965e-14
5.4826868e-14
4.5998371e-14
3.8048991e-14
3.0913991e-14
2.4753668e-14
1.9611735e-14
1.5412491e-14
1.2012222e-14
9.2643907e-15
7.0500215e-15
5.2788547e-15
3.8810508e-15
2.7985715e-15
1.9786086e-15
1.3719714e-15
9.3342297e-16
6.2337151e-16
4.0894393e-16
2.6377333e-16
1.6742442e-16
1.0471093e-16
6.4712136e-17
3.9715416e-17
2.4386443e-17
1.5148059e-17
9.700771e-18
6.5702253e-18
4.8367694e-18
3.924845e-18
3.4752057e-18
3.2777458e-18
3.2190111e-18
3.243112e-18
3.3162691e-18
3.4146019e-18
3.522565e-18
3.627501e-18
3.710244e-18
3.7662117e-18
3.7742424e-18
3.6804854e-18
3.3935741e-18
2.7881915e-18
1.7068114e-18
6.3369479e-13
3.1105813e-13
2.1944298e-13
1.5278676e-13
1.1310303e-13
8.7716955e-14
7.0133044e-14
5.6861393e-14
4.6065374e-14
3.7010226e-14
2.9496243e-14
2.3327449e-14
1.8314822e-14
1.4259961e-14
1.0986636e-14
8.3533288e-15
6.2513795e-15
4.5954025e-15
3.3140148e-15
2.3432673e-15
1.6245355e-15
1.1046326e-15
7.3702275e-16
4.8275933e-16
3.1063119e-16
1.9645223e-16
1.2219031e-16
7.4837904e-17
4.5253885e-17
2.7122402e-17
1.6226052e-17
9.8212156e-18
6.1563086e-18
4.1393627e-18
3.0873912e-18
2.5869956e-18
2.3847186e-18
2.3428504e-18
2.3925257e-18
2.4934415e-18
2.6196684e-18
2.7532408e-18
2.8788531e-18
2.9762862e-18
3.0432027e-18
3.059472e-18
2.9779803e-18
2.725691e-18
2.2110306e-18
1.3293101e-18
5.0559291e-13
3.2105547e-13
2.3574525e-13
1.7198626e-13
1.3091335e-13
1.0212821e-13
8.1230399e-14
6.5271537e-14
5.2566981e-14
4.2089991e-14
3.3519767e-14
2.6516415e-14
2.082724e-14
1.6219664e-14
1.2496514e-14
9.5010312e-15
7.110874e-15
5.228431e-15
3.7717024e-15
2.667579e-15
1.8494498e-15
1.2572443e-15
8.3839723e-16
5.486835e-16
3.5253307e-16
2.2245959e-16
1.3791467e-16
8.4018849e-17
5.0343659e-17
2.971754e-17
1.7338682e-17
1.006576e-17
5.9135722e-18
3.6314337e-18
2.4425207e-18
1.8781129e-18
1.6590556e-18
1.6231017e-18
1.6876505e-18
1.8054145e-18
1.948664e-18
2.097978e-18
2.2360682e-18
2.3454047e-18
2.4238922e-18
2.4530996e-18
2.3931248e-18
2.1859223e-18
1.7629407e-18
1.050175e-18
4.109889e-13
3.0962004e-13
2.3247197e-13
1.7580708e-13
1.3799838e-13
1.0968713e-13
8.8059693e-14
7.1021079e-14
5.7303587e-14
4.597172e-14
3.6695265e-14
2.9088586e-14
2.2887559e-14
1.7848184e-14
1.3764341e-14
1.0472645e-14
7.8429616e-15
5.7700884e-15
4.1645496e-15
2.9465247e-15
2.0432064e-15
1.388873e-15
9.2585272e-16
6.0555644e-16
3.8870812e-16
2.4493918e-16
1.5153128e-16
9.1998192e-17
5.4804165e-17
3.203533e-17
1.8377209e-17
1.035555e-17
5.7769573e-18
3.2567323e-18
1.9410536e-18
1.3142056e-18
1.0716413e-18
1.0355725e-18
1.1067595e-18
1.2331416e-18
1.385298e-18
1.5430129e-18
1.6893099e-18
1.8096223e-18
1.899363e-18
1.9432228e-18
1.9083068e-18
1.7480052e-18
1.4091632e-18
8.3656591e-19
3.3773758e-13
2.8674386e-13
2.2083135e-13
1.716144e-13
1.3835363e-13
1.1220182e-13
9.1323624e-14
7.4317807e-14
6.0324922e-14
4.8636595e-14
3.8986447e-14
3.1014564e-14
2.4472166e-14
1.9126529e-14
1.4775129e-14
1.1256741e-14
8.4392424e-15
6.2142244e-15
4.4882257e-15
3.1771052e-15
2.2036917e-15
1.4980054e-15
9.9837905e-16
6.5268573e-16
4.1868167e-16
2.6357302e-16
1.6282064e-16
9.8633978e-17
5.8538621e-17
3.3997678e-17
1.9277219e-17
1.0638346e-17
5.7036976e-18
2.9816802e-18
1.5558684e-18
8.7386778e-19
6.0622486e-19
5.6325875e-19
6.3485153e-19
7.6388782e-19
9.1909421e-19
1.079906e-18
1.2311184e-18
1.3609055e-18
1.4607296e-18
1.5188444e-18
1.5088109e-18
1.3924967e-18
1.1271103e-18
6.6969584e-19
2.8237861e-13
2.6084519e-13
2.0614612e-13
1.6418911e-13
1.3495638e-13
1.1137803e-13
9.1925467e-14
7.5598258e-14
6.1846585e-14
5.0191787e-14
4.0441362e-14
3.2317614e-14
2.5590106e-14
2.0056915e-14
1.5528177e-14
1.1851309e-14
8.8974987e-15
6.55887e-15
4.7411416e-15
3.3580688e-15
2.3299459e-15
1.5839338e-15
1.0554781e-15
6.8975091e-16
4.422097e-16
2.7816749e-16
1.7165446e-16
1.0383256e-16
6.1474808e-17
3.5546402e-17
1.9994078e-17
1.0873485e-17
5.6605658e-18
2.780305e-18
1.2658151e-18
5.3595184e-19
2.4413363e-19
1.8966261e-19
2.5785626e-19
3.8578013e-19
5.4016389e-19
7.0060284e-19
8.5371554e-19
9.8968773e-19
1.0981875e-18
1.1691606e-18
1.1816529e-18
1.1040628e-18
9.0091268e-19
5.3764713e-19
2.4180659e-13
2.3575925e-13
1.9074482e-13
1.5596088e-13
1.2961249e-13
1.0848515e-13
9.0679164e-14
7.5353825e-14
6.2159707e-14
5.0802405e-14
4.1163905e-14
3.3054748e-14
2.6275828e-14
2.0659691e-14
1.6034881e-14
1.2262865e-14
9.2212248e-15
6.8059299e-15
4.9242471e-15
3.4899249e-15
2.4222178e-15
1.6467539e-15
1.0971558e-15
7.167321e-16
4.592674e-16
2.8870327e-16
1.7799993e-16
1.0755245e-16
6.3572358e-17
3.6650495e-17
2.0503949e-17
1.1036627e-17
5.6235639e-18
2.6293244e-18
1.0497234e-18
2.8132586e-19
-3.2593771e-20
-9.9518621e-20
-3.7718028e-20
8.6557593e-20
2.3758511e-19
3.9532121e-19
5.476793e-19
6.8628358e-19
8.0189929e-19
8.838463e-19
9.1537842e-19
8.7035724e-19
7.1885948e-19
4.3225326e-19
2.1222597e-13
2.1340475e-13
1.7642994e-13
1.4603989e-13
1.2302684e-13
1.0435113e-13
8.8232042e-14
7.4033532e-14
6.1559285e-14
5.0657512e-14
4.1277434e-14
3.33057e-14
2.6580638e-14
2.0967103e-14
1.6316072e-14
1.2504337e-14
9.4185063e-15
6.9604548e-15
5.0407474e-15
3.5746432e-15
2.4817561e-15
1.6872608e-15
1.1239011e-15
7.3391171e-16
4.7002427e-16
2.9527558e-16
1.8190717e-16
1.0980741e-16
6.4826153e-17
3.7299429e-17
2.0793449e-17
1.111266e-17
5.5768182e-18
2.5105618e-18
8.8860713e-19
9.3715718e-20
-2.3774213e-19
-3.1667922e-19
-2.6355261e-19
-1.4542496e-19
2.9243628e-22
1.5359253e-19
3.0323627e-19
4.4194297e-19
5.6209109e-19
6.5302271e-19
7.0001927e-19
6.8150943e-19
5.72145e-19
3.4766901e-19
1.9068203e-13
1.9425334e-13
1.6337419e-13
1.3674236e-13
1.16322e-13
9.9699877e-14
8.5108765e-14
7.2015292e-14
6.0309972e-14
4.9940678e-14
4.0908391e-14
3.3156236e-14
2.656224e-14
2.1018383e-14
1.639786e-14
1.2592974e-14
9.5006478e-15
7.0298562e-15
5.095445e-15
3.6153658e-15
2.5105881e-15
1.706762e-15
1.1365537e-15
7.4182024e-16
4.7480324e-16
2.9807254e-16
1.8348903e-16
1.1066159e-16
6.5261551e-17
3.7497614e-17
2.0853936e-17
1.1091138e-17
5.5074126e-18
2.4114964e-18
7.6899066e-19
-4.117699e-20
-3.8500223e-19
-4.7466156e-19
-4.3079478e-19
-3.2046455e-19
-1.8133215e-19
-3.3876278e-20
1.1147711e-19
2.4830949e-19
3.7004696e-19
4.6766355e-19
5.2693215e-19
5.2955572e-19
4.5403107e-19
2.7959253e-19
1.7348166e-13
1.7415742e-13
1.5123095e-13
1.2827327e-13
1.0996444e-13
9.4969942e-14
8.1673774e-14
6.9584896e-14
5.8626823e-14
4.8810871e-14
4.017062e-14
3.268934e-14
2.627874e-14
2.0853968e-14
1.6307459e-14
1.2547462e-14
9.4804988e-15
7.0227329e-15
5.0941489e-15
3.615945e-15
2.5112567e-15
1.7069261e-15
1.1362013e-15
7.4115788e-16
4.740458e-16
2.9736642e-16
1.82904e-16
1.1021059e-16
6.4930745e-17
3.7264121e-17
2.0688623e-17
1.0967523e-17
5.4059257e-18
2.3204622e-18
6.7968711e-19
-1.3487608e-19
-4.8610089e-19
-5.8450835e-19
-5.4962553e-19
-4.4808553e-19
-3.1670919e-19
-1.7593814e-19
-3.5972493e-20
9.7387994e-20
2.1863347e-19
3.1997696e-19
3.886284e-19
4.0790861e-19
3.591677e-19
2.2458153e-19
1.6035809e-13
1.6303074e-13
1.4212318e-13
1.2102667e-13
1.0414086e-13
9.037971e-14
7.8146222e-14
6.6935745e-14
5.6669779e-14
4.7393604e-14
3.9159217e-14
3.1976148e-14
2.5782121e-14
2.051081e-14
1.6071952e-14
1.2386591e-14
9.3709653e-15
6.9480156e-15
5.0429262e-15
3.5805156e-15
2.4865381e-15
1.6895983e-15
1.1240635e-15
7.3272044e-16
4.6826333e-16
2.9347768e-16
1.8034726e-16
1.0856816e-16
6.3900561e-17
3.6632509e-17
2.0310389e-17
1.0742763e-17
5.2682204e-18
2.2291983e-18
6.1005174e-19
-1.9763166e-19
-5.5059691e-19
-6.5522443e-19
-6.2872167e-19
-5.3631947e-19
-4.1363002e-19
-2.8025698e-19
-1.4655188e-19
-1.7872384e-20
1.0115685e-19
2.0352901e-19
2.7860047e-19
3.1087747e-19
2.834839e-19
1.8086198e-19
1.5029336e-13
1.5305083e-13
1.3379928e-13
1.1443798e-13
9.8745904e-14
8.5982561e-14
7.4633917e-14
6.4184704e-14
5.4547159e-14
4.5780467e-14
3.7947543e-14
3.1073462e-14
2.5115512e-14
2.0021017e-14
1.5714713e-14
1.2127144e-14
9.183936e-15
6.8140695e-15
4.9475926e-15
3.5130947e-15
2.4391862e-15
1.6566373e-15
1.1013829e-15
7.1732773e-16
4.5798752e-16
2.8674579e-16
1.7602801e-16
1.0585929e-16
6.2242186e-17
3.5643788e-17
1.9737835e-17
1.0422105e-17
5.092686e-18
2.132597e-18
5.5305319e-19
-2.3748032e-19
-5.8688204e-19
-6.9527573e-19
-6.7610217e-19
-5.9240403e-19
-4.7861316e-19
-3.5339395e-19
-2.2673519e-19
-1.0366445e-19
1.1710765e-20
1.1320941e-19
1.9174809e-19
2.33587e-19
2.2301702e-19
1.4587929e-19
1.4159966e-13
1.4246463e-13
1.2605122e-13
1.0835779e-13
9.3708096e-14
8.1782766e-14
7.1183975e-14
6.1396431e-14
5.2325237e-14
4.4032395e-14
3.6587172e-14
3.0023325e-14
2.4311713e-14
1.9410346e-14
1.5254295e-14
1.1783116e-14
8.9295437e-15
6.6281326e-15
4.8132803e-15
3.4172782e-15
2.3717071e-15
1.6097712e-15
1.0693291e-15
6.9576125e-16
4.4373278e-16
2.7750166e-16
1.7015506e-16
1.0221067e-16
6.00298e-17
3.433912e-17
1.8992714e-17
1.0013312e-17
4.8798411e-18
2.0274503e-18
5.0414066e-19
-2.605705e-19
-6.0170927e-19
-7.1143362e-19
-6.9840565e-19
-6.2292836e-19
-5.179679e-19
-4.0130852e-19
-2.8224697e-19
-1.6548429e-19
-5.4722454e-20
4.4563956e-20
1.2427585e-19
1.7234157e-19
1.745255e-19
1.1780936e-19
1.3444205e-13
1.3362552e-13
1.1909465e-13
1.02776e-13
8.8988863e-14
7.7770485e-14
6.7810494e-14
5.8600165e-14
5.0038265e-14
4.2184555e-14
3.5110341e-14
2.8853429e-14
2.339384e-14
1.8696552e-14
1.4704769e-14
1.136504e-14
8.6157098e-15
6.3959725e-15
4.6441832e-15
3.2960659e-15
2.2862295e-15
1.5504936e-15
1.0289314e-15
6.6871967e-16
4.259646e-16
2.6605058e-16
1.6292334e-16
9.7742368e-17
5.7335191e-17
3.2759016e-17
1.8097142e-17
9.5269848e-18
4.6319874e-18
1.9125215e-18
4.5929235e-19
-2.7199378e-19
-6.0049648e-19
-7.0922256e-19
-7.0111012e-19
-6.3327774e-19
-5.3695345e-19
-4.2893475e-19
-3.1784898e-19
-2.0797034e-19
-1.0260614e-19
-6.4923923e-21
7.2774218e-20
1.2441042e-19
1.3576804e-19
9.5086696e-20
1.2819173e-13
1.2607134e-13
1.1284714e-13
9.7645733e-14
8.4632509e-14
7.393317e-14
6.4503948e-14
5.5798067e-14
4.769645e-14
4.0251535e-14
3.3532866e-14
2.7578813e-14
2.2375163e-14
1.7890848e-14
1.4075565e-14
1.088017e-14
8.2479699e-15
6.1218033e-15
4.4434314e-15
3.1517718e-15
2.1844329e-15
1.4800129e-15
9.8104168e-16
6.3679299e-16
4.0508266e-16
2.5265702e-16
1.5450495e-16
9.2562969e-17
5.4223993e-17
3.0941536e-17
1.7071479e-17
8.9736939e-18
4.3528084e-18
1.7874938e-18
4.1582845e-19
-2.754609e-19
-5.8750292e-19
-6.9307087e-19
-6.886654e-19
-6.2784637e-19
-5.39874e-19
-4.404269e-19
-3.3746927e-19
-2.3484198e-19
-1.3546815e-19
-4.3502219e-20
3.4007988e-20
8.7335842e-20
1.0497784e-19
7.6553801e-20
1.2251056e-13
1.1944947e-13
1.0716564e-13
9.2832707e-14
8.040657e-14
7.0186609e-14
6.1223433e-14
5.2968859e-14
4.5290365e-14
3.8231386e-14
3.1857184e-14
2.6204194e-14
2.1260952e-14
1.699867e-14
1.3371292e-14
1.0332613e-14
7.8297148e-15
5.8083229e-15
4.2131469e-15
2.9860262e-15
2.0675558e-15
1.399245e-15
9.2632712e-16
6.0045317e-16
3.8141361e-16
2.3754075e-16
1.4504384e-16
8.6765618e-17
5.0753886e-17
2.8920667e-17
1.5934247e-17
8.3626888e-18
4.0466674e-18
1.6526507e-18
3.7257931e-19
-2.733164e-19
-5.6584338e-19
-6.6629158e-19
-6.6450153e-19
-6.1008073e-19
-5.3013068e-19
-4.3913592e-19
-3.4432615e-19
-2.4916469e-19
-1.5620854e-19
-6.9216466e-20
5.4535542e-21
5.8926074e-20
8.0727118e-20
6.1648269e-20
1.1725993e-13
1.1352551e-13
1.0191877e-13
8.8230894e-14
7.6330211e-14
6.6476449e-14
5.7917628e-14
5.0075507e-14
4.2795739e-14
3.6109472e-14
3.0075369e-14
2.4725911e-14
2.0050331e-14
1.6020493e-14
1.2593187e-14
9.7238499e-15
7.3624562e-15
5.4569494e-15
3.9545713e-15
2.7998725e-15
1.9364394e-15
1.3088454e-15
8.6528389e-16
5.6006304e-16
3.552143e-16
2.2087866e-16
1.3465805e-16
8.0427067e-17
4.6973387e-17
2.6725708e-17
1.4702318e-17
7.7028999e-18
3.7177012e-18
1.5090926e-18
3.288843e-19
-2.670953e-19
-5.3765373e-19
-6.3137578e-19
-6.3121727e-19
-5.8262536e-19
-5.1037488e-19
-4.2765153e-19
-3.4096222e-19
-2.5341007e-19
-1.6722688e-19
-8.5773141e-20
-1.4821472e-20
3.753064e-20
6.1808249e-20
4.9769911e-20
1.1231465e-13
1.0811958e-13
9.6994937e-14
8.3800664e-14
7.2235481e-14
6.2704143e-14
5.4516023e-14
4.7066983e-14
4.017694e-14
3.3862041e-14
2.8172232e-14
2.3134579e-14
1.8737744e-14
1.4953274e-14
1.1739709e-14
9.0534376e-15
6.8463244e-15
5.0681581e-15
3.6682966e-15
2.5939125e-15
1.7916283e-15
1.2092764e-15
7.9827852e-16
5.1589796e-16
3.2668517e-16
2.0281141e-16
1.2344364e-16
7.3610242e-17
4.2922678e-17
2.4381601e-17
1.3390481e-17
7.0022106e-18
3.3696196e-18
1.3585153e-18
2.8464545e-19
-2.5764169e-19
-5.0425452e-19
-5.8999887e-19
-5.9065179e-19
-5.4739818e-19
-4.8255732e-19
-4.0792677e-19
-3.293098e-19
-2.4946582e-19
-1.7034604e-19
-9.4910948e-20
-2.8362799e-20
2.1891899e-20
4.7278854e-20
4.0402743e-20
1.0757473e-13
1.0307819e-13
9.2266898e-14
7.9394137e-14
6.8038267e-14
5.8771102e-14
5.0936546e-14
4.38815e-14
3.7390614e-14
3.1459999e-14
2.6128631e-14
2.1417677e-14
1.7314859e-14
1.3791651e-14
1.0807625e-14
8.3196057e-15
6.2805993e-15
4.6418301e-15
3.3545591e-15
2.3685159e-15
1.6335139e-15
1.10089e-15
7.2560068e-16
4.6818227e-16
2.9599087e-16
1.8345582e-16
1.1148009e-16
6.6367676e-17
3.8635828e-17
2.1909636e-17
1.201136e-17
6.2676981e-18
3.0062505e-18
1.2027149e-18
2.4046267e-19
-2.4525453e-19
-4.6622548e-19
-5.4310026e-19
-5.439706e-19
-5.056629e-19
-4.4798715e-19
-3.8133509e-19
-3.1079253e-19
-2.3875412e-19
-1.669391e-19
-9.7930968e-20
-3.6342333e-20
1.0989326e-20
3.6365826e-20
3.3177538e-20
1.0294939e-13
9.826005e-14
8.7601342e-14
7.4870263e-14
6.3605726e-14
5.4550826e-14
4.7081135e-14
4.0449122e-14
3.4390098e-14
2.8873633e-14
2.3925256e-14
1.9561787e-14
1.5772174e-14
1.2528995e-14
9.7926978e-15
7.5199757e-15
5.6642191e-15
4.1777473e-15
3.0135452e-15
2.1240486e-15
1.462486e-15
9.8403009e-16
6.4752921e-16
4.1712904e-16
2.6328522e-16
1.6291931e-16
9.8839702e-17
5.8746724e-17
3.4143094e-17
1.9328859e-17
1.0576654e-17
5.5063095e-18
2.6314972e-18
1.0436586e-18
1.9723618e-19
-2.2970653e-19
-4.2369148e-19
-4.9108926e-19
-4.9176745e-19
-4.5815886e-19
-4.0752139e-19
-3.4880353e-19
-2.863967e-19
-2.2231508e-19
-1.5803263e-19
-9.5799741e-20
-3.9706009e-20
4.0116612e-21
2.8415386e-20
2.7552165e-20
9.8343539e-14
9.3524565e-14
8.2844468e-14
7.005892e-14
5.8769639e-14
4.9927711e-14
4.2841498e-14
3.6696667e-14
3.1133601e-14
2.6079882e-14
2.1547225e-14
1.7554987e-14
1.4099748e-14
1.1157836e-14
8.6901816e-15
6.6521074e-15
4.9963853e-15
3.6760079e-15
2.6457875e-15
1.8611334e-15
1.2791112e-15
8.5915449e-16
5.6440735e-16
3.6298421e-16
2.2873856e-16
1.4131606e-16
8.5597471e-17
5.0795489e-17
2.9474504e-17
1.665785e-17
9.0979463e-18
4.7251535e-18
2.2493695e-18
8.8359841e-19
1.5625568e-19
-2.1024059e-19
-3.7639522e-19
-4.3394426e-19
-4.3419818e-19
-4.0520159e-19
-3.6162371e-19
-3.1088489e-19
-2.5672948e-19
-2.0084714e-19
-1.4438391e-19
-8.9279604e-20
-3.9199411e-20
2.8903388e-22
2.2918165e-20
2.3278894e-20
9.364939e-14
8.8713669e-14
7.7783601e-14
6.472681e-14
5.3275751e-14
4.4679078e-14
3.8081756e-14
3.2552197e-14
2.7595209e-14
2.307288e-14
1.8989186e-14
1.5387319e-14
1.22862e-14
9.6691171e-15
7.4948771e-15
5.7141051e-15
4.2772364e-15
3.1376938e-15
2.2525769e-15
1.5809498e-15
1.0843332e-15
7.269593e-16
4.7672324e-16
3.0607764e-16
1.9256817e-16
1.1878602e-16
7.1842197e-17
4.2569441e-17
2.4664185e-17
1.3917366e-17
7.5879977e-18
3.9321607e-18
1.8647997e-18
7.2571888e-19
1.1960261e-19
-1.8550102e-19
-3.2361333e-19
-3.7115793e-19
-3.7104565e-19
-3.4675273e-19
-3.1023547e-19
-2.6764443e-19
-2.2207405e-19
-1.7474884e-19
-1.264619e-19
-7.892495e-20
-3.5374019e-20
-7.1694777e-22
1.942026e-20
2.0116262e-20
8.8723048e-14
8.3623076e-14
7.2060768e-14
5.8555431e-14
4.6748429e-14
3.8436232e-14
3.2610366e-14
2.7960128e-14
2.3792998e-14
1.9883927e-14
1.6259437e-14
1.3045991e-14
1.0313221e-14
8.0495744e-15
6.2008812e-15
4.7055064e-15
3.5089096e-15
2.5656452e-15
1.8365265e-15
1.2855804e-15
8.7968775e-16
5.885189e-16
3.8519644e-16
2.46876e-16
1.5507014e-16
9.5514443e-17
5.7688366e-17
3.4137441e-17
1.9753051e-17
1.1131551e-17
6.0610237e-18
3.135891e-18
1.4835271e-18
5.7376862e-19
9.0045402e-20
-1.5319045e-19
-2.6295268e-19
-3.0062158e-19
-3.0045166e-19
-2.809948e-19
-2.5182745e-19
-2.1772131e-19
-1.8120175e-19
-1.4302017e-19
-1.0365405e-19
-6.4478509e-20
-2.8283243e-20
7.2509449e-22
1.7629028e-20
1.7891689e-20
8.3474523e-14
7.8328885e-14
6.6366816e-14
5.1216242e-14
3.863862e-14
3.0842069e-14
2.6207613e-14
2.2947792e-14
1.9854398e-14
1.6618818e-14
1.3375218e-14
1.049614e-14
8.1424277e-15
6.2773289e-15
4.8022247e-15
3.6294985e-15
2.6973462e-15
1.9656069e-15
1.4022391e-15
9.7839217e-16
6.6754646e-16
4.4543699e-16
2.9087097e-16
1.8603363e-16
1.1664245e-16
7.1737009e-17
4.3269149e-17
2.5572391e-17
1.4778045e-17
8.3162638e-18
4.5205996e-18
2.3333887e-18
1.0986732e-18
4.1980066e-19
5.9275126e-20
-1.2197395e-19
-2.033545e-19
-2.3099536e-19
-2.3052913e-19
-2.1594602e-19
-1.9421369e-19
-1.6842818e-19
-1.406809e-19
-1.1142864e-19
-8.0916483e-20
-5.0123871e-20
-2.1324242e-20
2.0127963e-21
1.5703725e-20
1.5648271e-20
7.7839907e-14
7.2516789e-14
5.9468686e-14
4.129176e-14
2.7806072e-14
2.1259381e-14
1.8620515e-14
1.7789785e-14
1.6150689e-14
1.3525722e-14
1.0317928e-14
7.6204985e-15
5.6887253e-15
4.3208032e-15
3.2995238e-15
2.4989879e-15
1.8552626e-15
1.3475068e-15
9.5671954e-16
6.6425416e-16
4.51381e-16
3.0010208e-16
1.9527434e-16
1.2449677e-16
7.7881111e-17
4.7833778e-17
2.8828584e-17
1.7033015e-17
9.8524399e-18
5.5579834e-18
3.0374838e-18
1.5850555e-18
7.6379248e-19
3.1228223e-19
7.145986e-20
-5.1063799e-20
-1.0713295e-19
-1.2760744e-19
-1.2976676e-19
-1.2278826e-19
-1.1080565e-19
-9.5784646e-20
-7.9609784e-20
-6.2126793e-20
-4.3358541e-20
-2.3953216e-20
-5.565439e-21
9.1946879e-21
1.7002852e-20
1.4556599e-20
7.1696483e-14
6.6637568e-14
5.2671167e-14
2.6438431e-14
1.4072442e-14
9.798955e-15
9.3758094e-15
1.3241126e-14
1.3537104e-14
1.0894487e-14
6.7026905e-15
4.075298e-15
2.8027784e-15
2.1552543e-15
1.7133767e-15
1.3352266e-15
9.9395801e-16
7.2032349e-16
5.0493377e-16
3.4649713e-16
2.3359967e-16
1.5470311e-16
9.9579141e-17
6.2788738e-17
3.9186671e-17
2.39408e-17
1.4372528e-17
8.4694018e-18
4.8843832e-18
2.7484917e-18
1.4974555e-18
7.7625814e-19
3.6690267e-19
1.4313143e-19
2.3747249e-20
-3.6990515e-20
-6.411026e-20
-7.3723008e-20
-7.420986e-20
-6.9911623e-20
-6.2835599e-20
-5.4102903e-20
-4.5146315e-20
-3.5693045e-20
-2.5387324e-20
-1.4367512e-20
-3.7028029e-21
5.2123695e-21
1.0390339e-20
9.6511208e-21
3.0267869e-14
3.4243572e-14
4.3795463e-14
6.4418221e-14
1.114543e-13
2.0121307e-13
7.1825525e-14
8.0192835e-14
9.8924937e-14
1.337314e-13
1.9258497e-13
2.848319e-13
1.0173721e-13
1.1153693e-13
1.3215507e-13
1.6611428e-13
2.1491818e-13
2.8570638e-13
1.2074422e-13
1.2979551e-13
1.4773597e-13
1.7492008e-13
2.122499e-13
2.6751291e-13
1.3117047e-13
1.3861029e-13
1.5291684e-13
1.7368861e-13
2.0263243e-13
2.4821224e-13
1.3565569e-13
1.4149716e-13
1.5255803e-13
1.6828104e-13
1.9071911e-13
2.2665311e-13
1.3617316e-13
1.4068062e-13
1.4912753e-13
1.6099714e-13
1.7885192e-13
2.0737085e-13
1.3410061e-13
1.3758971e-13
1.4414406e-13
1.5362584e-13
1.6777213e-13
1.9067158e-13
1.3040002e-13
1.3313217e-13
1.3832514e-13
1.4626457e-13
1.5785639e-13
1.7619067e-13
1.2574e-13
1.279032e-13
1.320383e-13
1.3851668e-13
1.4873485e-13
1.6383014e-13
1.2058724e-13
1.2235707e-13
1.2579143e-13
1.3140303e-13
1.4051375e-13
1.5343043e-13
1.1522794e-13
1.1674517e-13
1.197474e-13
1.2481891e-13
1.328718e-13
1.4264101e-13
1.0980517e-13
1.1117871e-13
1.1397078e-13
1.1887832e-13
1.2672062e-13
1.3650391e-13
1.0435293e-13
1.0565203e-13
1.0836031e-13
1.1323984e-13
1.2089907e-13
1.2989978e-13
9.8840715e-14
1.0011242e-13
1.0281995e-13
1.0776608e-13
1.1528756e-13
1.233533e-13
9.3200805e-14
9.4484213e-14
9.7255521e-14
1.023873e-13
1.0992213e-13
1.175011e-13
8.733335e-14
8.8681212e-14
9.1685893e-14
9.7017571e-14
1.0471595e-13
1.1207108e-13
8.1093153e-14
8.2523391e-14
8.5755794e-14
9.1518417e-14
9.955546e-14
1.069031e-13
7.4319939e-14
7.5861433e-14
7.9428429e-14
8.5757228e-14
9.4315819e-14
1.018626e-13
6.6827291e-14
6.8489698e-14
7.2503111e-14
7.9560985e-14
8.8855199e-14
9.6817955e-14
5.8413549e-14
6.0293969e-14
6.4742184e-14
7.2706135e-14
8.2997856e-14
9.1626916e-14
4.8776968e-14
5.0784183e-14
5.5755889e-14
6.48672e-14
7.6498676e-14
8.6117164e-14
3.7654909e-14
3.9612261e-14
4.500806e-14
5.5558066e-14
6.8966264e-14
8.0111888e-14
2.4884698e-14
2.6341442e-14
3.1580667e-14
4.3967193e-14
6.1582731e-14
7.3846856e-14
1.0296922e-14
1.1371008e-14
1.5472221e-14
2.7545662e-14
5.422519e-14
6.7683295e-14
)
;
    }
    defaultFaces
    {
        type            empty;
        value           nonuniform 0();
    }
}


// ************************************************************************* //
