/*--------------------------------*- C++ -*----------------------------------*\
| =========                 |                                                 |
| \\      /  F ield         | OpenFOAM: The Open Source CFD Toolbox           |
|  \\    /   O peration     | Version:  4.0                                   |
|   \\  /    A nd           | Web:      www.OpenFOAM.org                      |
|    \\/     M anipulation  |                                                 |
\*---------------------------------------------------------------------------*/
FoamFile
{
    version     2.0;
    format      ascii;
    class       volVectorField;
    location    "0.01";
    object      U;
}
// * * * * * * * * * * * * * * * * * * * * * * * * * * * * * * * * * * * * * //

dimensions      [0 1 -1 0 0 0 0];

internalField   nonuniform List<vector> 
1740
(
(1.5152338 -0.013129239 5.0333155e-06)
(1.6286614 -0.014587474 7.6409183e-07)
(1.6564486 -0.00353867 3.0870974e-08)
(1.6288514 -0.015452185 7.6335576e-06)
(1.652613 -0.031506525 1.6319926e-06)
(1.6670918 -0.02273675 3.1910903e-07)
(1.6241339 0.011192468 1.1486196e-05)
(1.6580643 -0.011473545 2.3874147e-06)
(1.5439403 -0.010961937 4.5408149e-07)
(1.5384765 0.018200243 1.2999981e-05)
(1.6642656 0.015933933 3.3293248e-06)
(1.6686019 0.0036750523 5.3966779e-07)
(1.5650554 0.00063457933 1.503664e-05)
(1.6693192 0.0036022378 4.173511e-06)
(1.6806102 -0.0045657859 8.2939033e-07)
(1.5595795 -0.0027759364 1.6343677e-05)
(1.6725077 0.012355928 5.1688122e-06)
(1.5645106 0.0074210535 1.0011627e-06)
(1.5537479 -0.004402269 1.7345078e-05)
(1.561677 0.016663177 5.833692e-06)
(1.6854457 0.0076376666 1.1265285e-06)
(1.5588543 -0.01303339 1.8539382e-05)
(1.579124 -0.024068911 6.5886257e-06)
(1.6966776 -0.01622261 1.3713022e-06)
(1.6644952 -0.022007034 1.9424396e-05)
(1.6583445 -0.016178312 7.3587955e-06)
(1.5716931 -0.0046570919 1.5679527e-06)
(1.6514789 -0.012081846 1.9756922e-05)
(1.6393019 0.013681849 7.997672e-06)
(1.674534 0.017309094 1.6689948e-06)
(1.6467516 -0.0028070416 1.967995e-05)
(1.5758069 -0.00067975029 8.491463e-06)
(1.6781438 -0.0044830493 1.9863195e-06)
(1.6640953 -0.0040427697 2.0145445e-05)
(1.5963737 -0.0053716719 9.0568059e-06)
(1.5661465 -0.0076466003 2.1446655e-06)
(1.6633547 -0.018796958 2.0378313e-05)
(1.5932971 -0.007864881 9.6372763e-06)
(1.6763892 0.0014791199 2.2777449e-06)
(1.8062271 -0.016408613 2.0407458e-05)
(1.5894857 -0.0059974107 9.9770596e-06)
(1.6732022 -0.0016400174 2.5434931e-06)
(1.7315181 0.01369138 2.0784115e-05)
(1.5702674 0.0092117251 1.0517521e-05)
(1.5609038 0.0017276049 2.7247383e-06)
(1.6609781 0.015136588 2.1282468e-05)
(1.5626216 0.0088728494 1.0945577e-05)
(1.6777704 0.0024369916 2.8742621e-06)
(1.7005058 0.016733523 2.1154632e-05)
(1.6553322 -0.0099800332 1.1225089e-05)
(1.6690607 -0.016786613 3.0900387e-06)
(1.6322081 0.0017192146 2.1215759e-05)
(1.6591041 0.0032410089 1.1744402e-05)
(1.5516521 0.0037684723 3.2501981e-06)
(1.6803977 -0.014405467 2.1491873e-05)
(1.5681188 0.011708411 1.2013953e-05)
(1.6823236 0.016432485 3.3769779e-06)
(1.7137136 -0.014795012 2.172733e-05)
(1.58901 -0.012974087 1.2331436e-05)
(1.6811927 -0.0066794524 3.6055888e-06)
(1.6767063 -0.0058504049 2.1643945e-05)
(1.5648098 -0.028774366 1.2611246e-05)
(1.5674971 -0.021551916 3.7211749e-06)
(1.7824652 0.028541992 2.1486439e-05)
(1.6772324 0.010057266 1.2838654e-05)
(1.588621 -0.0084326761 3.8447854e-06)
(1.6355545 0.026123622 2.1849183e-05)
(1.6668946 0.037692002 1.3090802e-05)
(1.6286164 0.012172193 4.0011748e-06)
(1.5864713 -0.00058998421 2.1959304e-05)
(1.6306162 0.0097242656 1.3237352e-05)
(1.6947589 0.0085096647 4.1125336e-06)
(1.5837132 -0.022898964 2.2082515e-05)
(1.6283887 -0.027638759 1.3325065e-05)
(1.6096259 -0.013998459 4.2043908e-06)
(1.6379279 0.0010330758 2.1968311e-05)
(1.6730477 -0.022545725 1.3375598e-05)
(1.5616386 -0.014341902 4.2670937e-06)
(1.6435086 0.0025212066 2.2289202e-05)
(1.6932509 -0.0010042694 1.3387049e-05)
(1.5809709 0.00033620177 4.3315954e-06)
(1.524759 0.0022513414 2.2377854e-05)
(1.660484 -0.016561787 1.3447246e-05)
(1.5429583 -0.0070137528 4.3557419e-06)
(1.4988127 -0.0062121392 2.1501928e-05)
(1.6671671 -0.002963887 1.3247548e-05)
(1.5052357 0.0034676855 4.2927237e-06)
(1.3854676 0.028724014 2.2557097e-05)
(1.4042198 0.1160306 1.3492028e-05)
(1.4190276 0.067283639 4.7032157e-06)
(0.91331143 0.38086515 1.1382036e-05)
(0.87604893 0.96783789 8.2349638e-06)
(0.79323448 1.2792781 4.3992202e-06)
(0.25259365 0.13036312 1.806977e-06)
(0.21829317 0.40943222 2.2387151e-06)
(0.10000198 0.55755279 -1.0253702e-07)
(-0.029374155 -0.012570463 6.6671809e-07)
(-0.026720057 -0.027272306 4.0599985e-07)
(-0.01916872 -0.029610364 -2.6092427e-07)
(-0.0087037288 -0.0026463801 1.3514287e-07)
(-0.0078194963 -0.0067088956 1.0129448e-07)
(-0.00666987 -0.0088879409 -2.2178842e-08)
(-0.0027443103 -0.00047876217 5.494693e-09)
(-0.0024214582 -0.00092416931 9.1428153e-09)
(-0.0022986193 -0.0013417137 -4.071096e-09)
(-0.0013688637 -0.00025549684 -5.9927722e-09)
(-0.0012648312 -0.00048688495 -3.9137397e-09)
(-0.0012164189 -0.00072253123 -3.1941158e-09)
(-0.00069124678 -0.00018645992 1.2000756e-10)
(-0.00065776537 -0.00042886 -6.8562873e-10)
(-0.00063495784 -0.00065942651 -5.5480134e-10)
(-0.00024064078 -0.00010136565 3.2118448e-09)
(-0.00023203705 -0.00023659681 1.4559942e-09)
(-0.00022528986 -0.00036230828 9.1071505e-10)
(-1.5133951e-05 -2.3360261e-05 2.9553099e-09)
(-1.6088001e-05 -5.5899367e-05 1.6229374e-09)
(-2.1246689e-05 -8.6649436e-05 1.0554351e-09)
(3.1807836e-05 1.1160402e-05 2.1907945e-09)
(2.6989561e-05 2.5634914e-05 1.3137447e-09)
(1.7171813e-05 3.4673213e-05 8.1659222e-10)
(6.2761258e-06 2.0495511e-05 1.1202609e-09)
(1.0587117e-06 4.9014297e-05 7.3179395e-10)
(-7.3993976e-06 7.9295947e-05 4.0229372e-10)
(-3.4525231e-05 1.8559139e-05 2.5657812e-10)
(-3.8846756e-05 4.5560084e-05 1.7263309e-10)
(-4.6011032e-05 7.2853622e-05 6.4769818e-11)
(-7.299966e-05 1.1087702e-05 -2.3901929e-10)
(-7.6277532e-05 2.8722945e-05 -1.8606329e-10)
(-8.158027e-05 4.2986109e-05 -1.2281943e-10)
(-9.6821492e-05 2.3990795e-06 -3.3708519e-10)
(-9.9295888e-05 7.6733438e-06 -2.8115427e-10)
(-0.00010309986 1.1244874e-05 -1.7571038e-10)
(-0.00010398433 -2.5621653e-06 -3.7053787e-10)
(-0.00010597678 -4.8888424e-06 -2.5625003e-10)
(-0.0001088812 -9.1633603e-06 -1.603335e-10)
(-9.8737054e-05 -5.6120992e-06 -3.5788765e-10)
(-0.00010030461 -1.2977211e-05 -2.1546553e-10)
(-0.00010249545 -2.1753459e-05 -1.4087805e-10)
(-8.6659736e-05 -6.7907116e-06 -2.5207347e-10)
(-8.7877593e-05 -1.5629191e-05 -1.5512755e-10)
(-8.9536056e-05 -2.6540319e-05 -8.7368356e-11)
(-7.2681014e-05 -6.0923634e-06 -1.2496841e-10)
(-7.3652067e-05 -1.4553159e-05 -6.6193491e-11)
(-7.4962217e-05 -2.4153686e-05 -2.5497215e-11)
(-5.945503e-05 -4.9938314e-06 -3.2794106e-11)
(-6.025355e-05 -1.1980722e-05 -8.8324275e-12)
(-6.1346719e-05 -1.9321339e-05 5.774997e-12)
(-4.8038146e-05 -3.5981976e-06 1.5481383e-12)
(-4.8703123e-05 -8.8617808e-06 -5.8252943e-13)
(-4.963705e-05 -1.4264034e-05 1.1492687e-11)
(-3.9022277e-05 -2.4001797e-06 2.2135812e-11)
(-3.9575379e-05 -5.9579104e-06 6.4430495e-12)
(-4.0367311e-05 -9.712709e-06 1.5818436e-11)
(-3.2553535e-05 -1.3908453e-06 3.3201483e-11)
(-3.3015826e-05 -3.4780279e-06 1.4805977e-11)
(-3.3683561e-05 -5.7094215e-06 1.9294916e-11)
(-2.8288355e-05 -7.3158359e-07 2.8133275e-11)
(-2.8677654e-05 -1.8402212e-06 8.1246808e-12)
(-2.9235359e-05 -3.0537202e-06 1.3450564e-11)
(-2.5611973e-05 -3.5323332e-07 1.1222857e-11)
(-2.5941167e-05 -8.6206554e-07 -8.6714095e-12)
(-2.6400113e-05 -1.432439e-06 7.0343192e-13)
(-2.3902308e-05 -1.7976739e-07 1.094115e-12)
(-2.4182879e-05 -3.9376209e-07 -1.4903833e-11)
(-2.4556618e-05 -7.0370322e-07 -4.0250087e-12)
(-2.264684e-05 -1.5985636e-07 -3.2618552e-12)
(-2.288769e-05 -3.1844189e-07 -1.398877e-11)
(-2.3190115e-05 -5.7676517e-07 -4.2117238e-12)
(-2.1504565e-05 -2.199357e-07 -7.3503438e-12)
(-2.1712716e-05 -4.4319531e-07 -1.3358359e-11)
(-2.1957686e-05 -7.6685171e-07 -4.3474282e-12)
(-2.0305388e-05 -3.390036e-07 -1.0875036e-11)
(-2.0486381e-05 -7.0792036e-07 -1.4297735e-11)
(-2.0686032e-05 -1.1846573e-06 -5.5832667e-12)
(-1.8985696e-05 -4.1820223e-07 -1.7600706e-11)
(-1.9143684e-05 -8.8879588e-07 -1.9343435e-11)
(-1.9306835e-05 -1.4965833e-06 -9.1406728e-12)
(-1.7528816e-05 -5.3368704e-07 -1.5836147e-11)
(-1.7667014e-05 -1.1829002e-06 -1.5785106e-11)
(-1.7800857e-05 -1.9346729e-06 -7.3160079e-12)
(-1.5952098e-05 -5.7398932e-07 -1.8185885e-11)
(-1.6072977e-05 -1.2841937e-06 -1.5754533e-11)
(-1.6183907e-05 -2.1419535e-06 -6.6494821e-12)
(-1.4291234e-05 -6.0500347e-07 -1.7870203e-11)
(-1.4396823e-05 -1.3674789e-06 -1.3406624e-11)
(-1.4489876e-05 -2.2444021e-06 -5.1567574e-12)
(-1.2581877e-05 -6.4104351e-07 -1.6319967e-11)
(-1.2674098e-05 -1.4743022e-06 -1.0947665e-11)
(-1.2753702e-05 -2.4247293e-06 -3.4536462e-12)
(-1.0870288e-05 -6.36115e-07 -1.5899118e-11)
(-1.0950711e-05 -1.4689821e-06 -1.1502606e-11)
(-1.1020226e-05 -2.4011984e-06 -4.1005982e-12)
(-9.2105832e-06 -5.9483324e-07 -1.5859087e-11)
(-9.2806363e-06 -1.3773495e-06 -1.2045305e-11)
(-9.3423932e-06 -2.2559076e-06 -4.6468986e-12)
(-7.6450336e-06 -5.4034567e-07 -1.485082e-11)
(-7.7059044e-06 -1.255013e-06 -1.1211645e-11)
(-7.7616337e-06 -2.055276e-06 -4.2951447e-12)
(-6.1981316e-06 -4.9801639e-07 -1.2571254e-11)
(-6.2511019e-06 -1.1612303e-06 -9.6351525e-12)
(-6.302483e-06 -1.8913626e-06 -3.5351039e-12)
(-4.8815959e-06 -4.5190592e-07 -1.1142057e-11)
(-4.9278327e-06 -1.0575443e-06 -8.8057602e-12)
(-4.9761888e-06 -1.7211187e-06 -3.158393e-12)
(-3.6994189e-06 -3.975605e-07 -1.1179527e-11)
(-3.7398148e-06 -9.3145775e-07 -9.2916175e-12)
(-3.7858751e-06 -1.5218651e-06 -3.5303811e-12)
(-2.6494651e-06 -3.4000458e-07 -1.2002064e-11)
(-2.6847897e-06 -7.9468598e-07 -1.0559472e-11)
(-2.7290338e-06 -1.3000166e-06 -4.4699988e-12)
(-1.7256471e-06 -2.8584483e-07 -1.2660044e-11)
(-1.7565472e-06 -6.6431429e-07 -1.1411477e-11)
(-1.7993613e-06 -1.0901867e-06 -5.1310712e-12)
(-9.2022552e-07 -2.6157622e-07 -1.0242153e-11)
(-9.4736535e-07 -6.1382475e-07 -8.8541845e-12)
(-9.8912184e-07 -1.002617e-06 -3.5777829e-12)
(-2.2621619e-07 -2.176698e-07 -1.0027788e-11)
(-2.5025347e-07 -5.1024847e-07 -8.3242271e-12)
(-2.9131179e-07 -8.3179659e-07 -3.3137529e-12)
(3.6238445e-07 -1.6989901e-07 -1.1055189e-11)
(3.4096054e-07 -3.9235412e-07 -9.1934735e-12)
(3.0039237e-07 -6.389133e-07 -3.9574989e-12)
(8.5281444e-07 -1.3624696e-07 -1.1282071e-11)
(8.3358277e-07 -3.1188219e-07 -9.3776204e-12)
(7.9340373e-07 -5.0637212e-07 -4.1672454e-12)
(1.2523642e-06 -1.1621387e-07 -1.0551383e-11)
(1.2348934e-06 -2.6908709e-07 -8.6822553e-12)
(1.194996e-06 -4.3696783e-07 -3.7862901e-12)
(1.5671786e-06 -9.1343602e-08 -1.0481364e-11)
(1.5510536e-06 -2.1489461e-07 -8.6630894e-12)
(1.5113307e-06 -3.5715982e-07 -3.6516437e-12)
(1.7965991e-06 -6.602971e-08 -1.0240463e-11)
(1.781449e-06 -1.5391409e-07 -8.5495731e-12)
(1.7418602e-06 -2.5221585e-07 -3.6726562e-12)
(1.9510365e-06 -3.7210129e-08 -1.0225194e-11)
(1.936516e-06 -8.4010319e-08 -8.5346246e-12)
(1.896959e-06 -1.3394974e-07 -3.8021922e-12)
(1.9958327e-06 -4.3848235e-09 -9.7312966e-12)
(1.9814939e-06 -6.6193956e-09 -7.5247315e-12)
(1.9422151e-06 -9.9731384e-09 -3.4424487e-12)
(-0.049975536 2.0155497 -1.1633353e-06)
(-0.036956521 1.7654036 -4.2289608e-06)
(-0.066163675 0.38489157 -1.0138714e-06)
(-0.047138542 0.17053236 -1.7870288e-06)
(-0.014731593 -0.039508187 -4.8819038e-07)
(-0.010372026 -0.043654373 -5.4688523e-07)
(-0.0053272643 -0.010810979 -7.0251386e-08)
(-0.0044825801 -0.011534737 -7.4383983e-08)
(-0.0021427895 -0.0018899486 -9.9085813e-09)
(-0.001992289 -0.0022863322 -9.3312333e-09)
(-0.0011483425 -0.0010398667 -2.8357167e-09)
(-0.0010636419 -0.0013234106 -2.0541576e-09)
(-0.00059715389 -0.0009081705 -3.4326433e-10)
(-0.00053337051 -0.0011146427 -5.9807533e-11)
(-0.00020838374 -0.00047421491 6.7550742e-10)
(-0.00017526857 -0.00056932687 6.9605727e-10)
(-1.9286866e-05 -0.00012579486 7.5723862e-10)
(-1.3327566e-05 -0.00016082884 6.9465414e-10)
(1.0965933e-05 3.8054587e-05 5.5477546e-10)
(1.203845e-05 4.5971945e-05 4.6939802e-10)
(-1.5511937e-05 0.00010160087 2.9934291e-10)
(-1.5690124e-05 0.00012326155 2.2312983e-10)
(-5.2656711e-05 9.6046102e-05 5.4228294e-11)
(-5.6175577e-05 0.00011864828 2.8115579e-11)
(-8.683653e-05 5.8766238e-05 -9.0081944e-11)
(-9.0092118e-05 7.1662044e-05 -7.0931027e-11)
(-0.00010711624 1.6497473e-05 -1.1197671e-10)
(-0.00010997361 2.1644588e-05 -9.0760174e-11)
(-0.00011199283 -1.23433e-05 -1.0356039e-10)
(-0.00011421898 -1.7088954e-05 -7.6370408e-11)
(-0.00010483983 -3.0523511e-05 -9.3715661e-11)
(-0.00010657036 -4.0288738e-05 -6.1179698e-11)
(-9.1362398e-05 -3.6598188e-05 -6.5656298e-11)
(-9.2837802e-05 -4.7087726e-05 -4.3939283e-11)
(-7.6464787e-05 -3.3757968e-05 -2.0990287e-11)
(-7.7781533e-05 -4.2959545e-05 -1.65768e-11)
(-6.263847e-05 -2.7293603e-05 8.7937528e-12)
(-6.3843387e-05 -3.5001637e-05 2.8941144e-12)
(-5.0770552e-05 -2.0374078e-05 1.4431793e-11)
(-5.1888399e-05 -2.67652e-05 1.214726e-11)
(-4.1351725e-05 -1.374303e-05 1.6706151e-11)
(-4.2372865e-05 -1.8032526e-05 1.5390997e-11)
(-3.4529505e-05 -8.070115e-06 1.7627299e-11)
(-3.5434554e-05 -1.0532028e-05 1.5471455e-11)
(-2.9950192e-05 -4.364418e-06 1.3481979e-11)
(-3.073084e-05 -5.8748257e-06 1.2731402e-11)
(-2.6991848e-05 -2.1275486e-06 4.1185254e-12)
(-2.7648151e-05 -2.9546257e-06 5.3372926e-12)
(-2.5038089e-05 -1.0780419e-06 3.5520341e-13)
(-2.5576231e-05 -1.5766759e-06 1.8303262e-12)
(-2.3577746e-05 -8.7553788e-07 -3.0144113e-13)
(-2.4012321e-05 -1.2488337e-06 8.1653478e-13)
(-2.2269321e-05 -1.1176874e-06 -7.3182701e-13)
(-2.261904e-05 -1.5347825e-06 2.5005964e-13)
(-2.0937794e-05 -1.6847994e-06 -1.8999393e-12)
(-2.1220462e-05 -2.2384101e-06 -8.1511067e-13)
(-1.9510559e-05 -2.150261e-06 -4.2520344e-12)
(-1.9739431e-05 -2.8650139e-06 -2.2780376e-12)
(-1.7965782e-05 -2.7141191e-06 -3.2814157e-12)
(-1.8151246e-05 -3.5428454e-06 -1.7482736e-12)
(-1.6318546e-05 -2.9819632e-06 -2.8744315e-12)
(-1.6469512e-05 -3.846867e-06 -1.6562929e-12)
(-1.4601272e-05 -3.1384707e-06 -1.9036575e-12)
(-1.4725565e-05 -4.0380142e-06 -1.0547488e-12)
(-1.2848351e-05 -3.4012375e-06 -5.9909503e-13)
(-1.2954222e-05 -4.3481685e-06 6.7073386e-14)
(-1.1103048e-05 -3.3590665e-06 -1.0734382e-12)
(-1.1196596e-05 -4.3343014e-06 -8.4536373e-14)
(-9.4162087e-06 -3.1546812e-06 -1.5440436e-12)
(-9.5006888e-06 -4.0726914e-06 -4.5390637e-13)
(-7.828764e-06 -2.875462e-06 -1.3995656e-12)
(-7.9066896e-06 -3.7055669e-06 -3.9673611e-13)
(-6.3651176e-06 -2.6250928e-06 -1.0203144e-12)
(-6.4387795e-06 -3.3600547e-06 -1.8054201e-13)
(-5.035994e-06 -2.3891634e-06 -8.3001946e-13)
(-5.1072142e-06 -3.0572305e-06 -7.8220681e-14)
(-3.8437605e-06 -2.1207358e-06 -1.0760259e-12)
(-3.9136377e-06 -2.7146783e-06 -2.7188589e-13)
(-2.7855515e-06 -1.8126277e-06 -1.7606306e-12)
(-2.8546567e-06 -2.3267101e-06 -7.7143449e-13)
(-1.8549204e-06 -1.5284862e-06 -2.2551967e-12)
(-1.9236093e-06 -1.9661181e-06 -1.1578231e-12)
(-1.0441116e-06 -1.3992038e-06 -1.2847083e-12)
(-1.1127704e-06 -1.8052968e-06 -4.6771858e-13)
(-3.4609805e-07 -1.1563871e-06 -1.1896589e-12)
(-4.1509806e-07 -1.4828907e-06 -4.7018342e-13)
(2.4562738e-07 -8.8950787e-07 -1.6839541e-12)
(1.7617597e-07 -1.1398711e-06 -8.7000562e-13)
(7.3861762e-07 -7.0422615e-07 -1.8750412e-12)
(6.6876052e-07 -9.0674501e-07 -1.0225934e-12)
(1.1401508e-06 -6.0495056e-07 -1.6391819e-12)
(1.069921e-06 -7.6878472e-07 -8.5120946e-13)
(1.4563768e-06 -5.002385e-07 -1.4587389e-12)
(1.3857708e-06 -6.4147827e-07 -6.7340538e-13)
(1.6868343e-06 -3.525249e-07 -1.5043809e-12)
(1.6159495e-06 -4.5491492e-07 -7.1385317e-13)
(1.8418111e-06 -1.8509562e-07 -1.6743216e-12)
(1.7706522e-06 -2.3625437e-07 -8.836081e-13)
(1.8874291e-06 -1.3456582e-08 -1.6313712e-12)
(1.8167106e-06 -1.6607317e-08 -9.3813006e-13)
(0.00093154916 -0.00021042519 3.8380628e-10)
(0.00091201347 -0.0006824645 5.4518478e-10)
(0.00086210763 -0.0010004186 5.1371498e-10)
(0.00078491972 -0.0013105885 4.9756526e-10)
(0.00068883055 -0.0015875993 4.8017701e-10)
(0.00058392921 -0.0018388039 4.5795581e-10)
(0.00047944843 -0.0020749486 4.3419255e-10)
(0.00038212086 -0.0022990121 4.0988377e-10)
(0.0002954668 -0.002512537 3.861241e-10)
(0.00022275724 -0.0027196167 3.6422785e-10)
(0.00016175903 -0.0029217838 3.4471853e-10)
(0.00011144029 -0.0031165439 3.2706481e-10)
(7.0893951e-05 -0.0033013491 3.1075227e-10)
(3.9219989e-05 -0.0034725577 2.9530601e-10)
(1.5381615e-05 -0.0036279246 2.8057085e-10)
(-1.7814981e-06 -0.0037623936 2.6621959e-10)
(-1.3577127e-05 -0.0038741694 2.524979e-10)
(-2.0920175e-05 -0.0039638501 2.3952854e-10)
(-2.4564049e-05 -0.004028151 2.2694934e-10)
(-2.5182885e-05 -0.0040660946 2.1445763e-10)
(-2.3387423e-05 -0.0040765034 2.0205598e-10)
(-1.9733954e-05 -0.0040595437 1.8958821e-10)
(-1.4754403e-05 -0.0040176218 1.7833228e-10)
(-9.0500355e-06 -0.0039405497 1.7161103e-10)
(-3.3344697e-06 -0.0037774856 1.5245814e-10)
(0.00083817646 -0.00017529445 2.3233915e-10)
(0.00083365434 -0.00065554044 8.1235269e-11)
(0.00081346916 -0.00096529515 1.1603153e-10)
(0.00078521961 -0.0012614228 1.5408649e-10)
(0.00075510061 -0.0015262239 1.8918135e-10)
(0.00072639876 -0.0017746715 2.1529618e-10)
(0.00070351611 -0.0020304856 2.3749248e-10)
(0.00068937626 -0.0023154628 2.5653608e-10)
(0.00067647697 -0.0026540086 2.7169502e-10)
(0.00066024644 -0.0030698908 2.8127319e-10)
(0.00064116004 -0.0035298704 2.8389616e-10)
(0.00061870233 -0.003984549 2.7925373e-10)
(0.00059229704 -0.0044180291 2.6881101e-10)
(0.000561643 -0.0048237241 2.5425606e-10)
(0.00052656417 -0.0051952448 2.3705845e-10)
(0.00048693979 -0.0055261192 2.1803555e-10)
(0.00044332858 -0.0058093649 1.9786739e-10)
(0.00039645452 -0.0060408804 1.7727565e-10)
(0.00034690909 -0.0062199032 1.5697991e-10)
(0.0002952409 -0.0063446865 1.3728844e-10)
(0.00024200796 -0.0064137669 1.1852624e-10)
(0.00018778332 -0.0064270917 1.0109581e-10)
(0.00013314505 -0.0063881476 8.665995e-11)
(7.8590722e-05 -0.006285889 8.198294e-11)
(2.4864049e-05 -0.0060455284 9.0407825e-11)
(0.001485335 -0.00018325764 -1.7110903e-09)
(0.0014733103 -0.00085618214 -2.7007541e-09)
(0.0014439642 -0.0011603805 -2.1761485e-09)
(0.0014159482 -0.0016169363 -1.396076e-09)
(0.0014122097 -0.00199219 -8.6447429e-10)
(0.0014127443 -0.0024546442 -4.9102247e-10)
(0.0014122571 -0.0030891521 -2.6277102e-10)
(0.001398112 -0.0039200384 -1.3851801e-10)
(0.0013720371 -0.004728962 -9.2866059e-11)
(0.0013318408 -0.0054195619 -8.8160935e-11)
(0.0012801973 -0.0059875409 -1.0532526e-10)
(0.0012192053 -0.0064629278 -1.3295496e-10)
(0.0011502048 -0.0068520141 -1.6490662e-10)
(0.0010730189 -0.0071599771 -1.9751168e-10)
(0.00098860877 -0.0073889372 -2.2657062e-10)
(0.00089986443 -0.0075434434 -2.5238517e-10)
(0.00080811011 -0.0076360596 -2.743096e-10)
(0.00071414312 -0.0076729341 -2.9215258e-10)
(0.00061850512 -0.0076619753 -3.0546792e-10)
(0.00052177791 -0.0076088988 -3.1423021e-10)
(0.0004245881 -0.0075179367 -3.1858113e-10)
(0.00032757912 -0.007394576 -3.1844772e-10)
(0.00023142701 -0.0072451235 -3.1232363e-10)
(0.00013641101 -0.0070585788 -2.8696508e-10)
(4.4155966e-05 -0.0067700069 -1.7949899e-10)
(0.003362479 -0.00088764393 -1.9816819e-08)
(0.0031896472 -0.0037825108 -2.7131078e-08)
(0.0030262567 -0.0043932865 -2.1861088e-08)
(0.0028284912 -0.006037007 -1.3999432e-08)
(0.0026407634 -0.0074322603 -8.3256801e-09)
(0.0024504314 -0.0093392491 -4.3236181e-09)
(0.0022647912 -0.010477755 -2.2279554e-09)
(0.0020789084 -0.010972434 -1.2344783e-09)
(0.0018978464 -0.010986873 -9.1414707e-10)
(0.0017260288 -0.01066398 -9.2671719e-10)
(0.0015630011 -0.010085742 -1.0681105e-09)
(0.001407649 -0.0093157678 -1.2181785e-09)
(0.0012493476 -0.0083941706 -1.3333351e-09)
(0.0010960617 -0.0073578885 -1.4083795e-09)
(0.00095168756 -0.006263448 -1.4501061e-09)
(0.00081721698 -0.0051781357 -1.4638051e-09)
(0.0006931572 -0.0041583161 -1.4551254e-09)
(0.00057956942 -0.0032169191 -1.4289742e-09)
(0.00047633891 -0.0023681287 -1.3890916e-09)
(0.00038299661 -0.001628977 -1.3385091e-09)
(0.00029874805 -0.0010063178 -1.2798564e-09)
(0.00022251693 -0.00050746831 -1.2150776e-09)
(0.00015315171 -0.00013821391 -1.1448177e-09)
(8.9364384e-05 0.00012716361 -1.0549713e-09)
(3.0663413e-05 0.00020451255 -8.9351678e-10)
(0.010868654 -0.0081149449 -1.6353032e-07)
(0.0080356037 -0.0245816 -2.2453764e-07)
(0.0068447182 -0.026113633 -1.9090845e-07)
(0.0051042088 -0.031695931 -1.4287246e-07)
(0.0038278115 -0.029136285 -1.0239954e-07)
(0.002700634 -0.02586955 -6.7148262e-08)
(0.0017477141 -0.021410293 -4.1219013e-08)
(0.00098871342 -0.016551301 -2.2871862e-08)
(0.00039597841 -0.011649117 -1.1706606e-08)
(-5.9540832e-05 -0.0070516994 -6.5068796e-09)
(-0.00039701208 -0.0028787289 -4.783355e-09)
(-0.00063800422 0.0010089977 -4.4390319e-09)
(-0.00079666965 0.0049666572 -4.4171622e-09)
(-0.00089009616 0.0088986011 -4.3437212e-09)
(-0.00093350676 0.012466069 -4.1875854e-09)
(-0.00093498249 0.015618104 -3.9725105e-09)
(-0.00090309531 0.018337907 -3.7224313e-09)
(-0.00084454991 0.020609034 -3.4571261e-09)
(-0.00076463858 0.022430831 -3.189905e-09)
(-0.00066796628 0.023814697 -2.9292243e-09)
(-0.00055856305 0.024777942 -2.6800388e-09)
(-0.00044005111 0.025345982 -2.4447546e-09)
(-0.00031490264 0.025526785 -2.2260705e-09)
(-0.00018721803 0.025438302 -2.0063605e-09)
(-5.7671689e-05 0.024505286 -1.5673154e-09)
(0.015272403 0.022934936 -8.9627749e-07)
(0.0034410366 -0.0089749257 -1.1750875e-06)
(0.00075957145 0.044525232 -1.0893434e-06)
(-0.0010159271 0.039963153 -9.2481379e-07)
(-0.0027249855 0.055441843 -7.8697847e-07)
(-0.0041484588 0.065374241 -6.128707e-07)
(-0.0050723069 0.072242463 -4.5932076e-07)
(-0.0054765508 0.078821428 -3.0371641e-07)
(-0.0055281265 0.084102795 -1.652736e-07)
(-0.005408951 0.087924613 -7.3879404e-08)
(-0.0051922071 0.090746639 -3.009826e-08)
(-0.0048973531 0.092566257 -1.446679e-08)
(-0.0045096584 0.092988448 -1.0186724e-08)
(-0.0041102427 0.092212089 -8.8222927e-09)
(-0.00371091 0.090598928 -7.7790615e-09)
(-0.0032872104 0.088622963 -6.9014252e-09)
(-0.0028700594 0.086301624 -6.0693427e-09)
(-0.0024664289 0.083766464 -5.3040585e-09)
(-0.0020804638 0.081116927 -4.6196663e-09)
(-0.0017139236 0.078430494 -4.0171963e-09)
(-0.0013667346 0.075761644 -3.4914846e-09)
(-0.001037694 0.073177253 -3.0343269e-09)
(-0.00072417562 0.070607981 -2.6407325e-09)
(-0.00042510176 0.068499461 -2.3281498e-09)
(-0.00013373567 0.064956214 -1.484319e-09)
(-0.0023322713 1.2258447 -3.163996e-06)
(-0.0011543096 1.0060082 -2.6159367e-06)
(-0.0013411566 0.90880757 -2.1786613e-06)
(-0.00084494345 0.81565506 -1.8918188e-06)
(-0.00068907752 0.71839165 -1.6307283e-06)
(-0.00055670929 0.62475149 -1.3718507e-06)
(-0.00044385854 0.54069381 -1.2866916e-06)
(-0.00035543257 0.47212918 -1.203232e-06)
(-0.00029671105 0.41658748 -8.9260535e-07)
(-0.000249888 0.36778277 -4.7778346e-07)
(-0.00021339183 0.32438562 -1.7862165e-07)
(-0.00017065391 0.2869168 -4.2433229e-08)
(-0.00014515227 0.25471206 -2.7514705e-09)
(-0.00012546078 0.22690349 2.5624824e-09)
(-0.00010747003 0.20292309 6.98433e-10)
(-9.3135954e-05 0.18232081 -1.1910803e-09)
(-8.078673e-05 0.16468015 -2.2155986e-09)
(-6.9504833e-05 0.14962394 -2.6332244e-09)
(-5.8945357e-05 0.13682021 -2.7124623e-09)
(-4.8918879e-05 0.12598262 -2.6150256e-09)
(-3.9311236e-05 0.11685031 -2.4312895e-09)
(-3.0061329e-05 0.10925963 -2.2085138e-09)
(-2.1082894e-05 0.10283683 -1.9752904e-09)
(-1.2429892e-05 0.098159166 -1.81138e-09)
(-3.8466484e-06 0.092190004 -8.7920932e-10)
(-0.01423586 0.097794482 -1.7858779e-06)
(-0.00277334 0.098166014 -1.6134183e-06)
(-0.00036567478 0.10200011 -1.362622e-06)
(0.0012714334 0.10085183 -1.1307714e-06)
(0.0029112353 0.10151856 -8.9046782e-07)
(0.0042902623 0.10258101 -6.8784602e-07)
(0.0051881677 0.10428497 -5.087895e-07)
(0.0055716801 0.106529 -3.3268096e-07)
(0.0056184815 0.10841903 -1.7889011e-07)
(0.0054964019 0.10953552 -7.628869e-08)
(0.0052421553 0.10970633 -3.1389266e-08)
(0.0049232056 0.10877609 -1.4706528e-08)
(0.0045755519 0.10663354 -8.1049092e-09)
(0.0041683925 0.10416377 -6.5185101e-09)
(0.0037411986 0.10129266 -5.779399e-09)
(0.0033111592 0.098154464 -5.1475134e-09)
(0.0028887452 0.094861363 -4.5570679e-09)
(0.002480869 0.091501892 -4.023179e-09)
(0.0020914769 0.088150204 -3.5531627e-09)
(0.0017221709 0.084868125 -3.1446469e-09)
(0.0013727545 0.0816964 -2.7915768e-09)
(0.0010419236 0.078696368 -2.485651e-09)
(0.00072699121 0.075771471 -2.2229415e-09)
(0.00042675473 0.073422605 -2.0287791e-09)
(0.00013437987 0.069564894 -1.2098037e-09)
(-0.0078016148 -0.039610737 -4.1397341e-07)
(-0.006369181 -0.03692685 -3.4281441e-07)
(-0.0051582085 -0.036654573 -2.5364711e-07)
(-0.0039949135 -0.033700479 -1.832315e-07)
(-0.0029211545 -0.029291035 -1.2733565e-07)
(-0.0019599583 -0.024105495 -8.5486276e-08)
(-0.0011431814 -0.018627797 -5.4172232e-08)
(-0.00048409064 -0.013216305 -3.1452177e-08)
(4.4126658e-05 -0.0081751826 -1.7534296e-08)
(0.00044900912 -0.0036226812 -1.0709032e-08)
(0.0007468406 0.00089791288 -8.1507502e-09)
(0.00094015121 0.0055252284 -6.9701796e-09)
(0.0010659929 0.0099518212 -6.3098019e-09)
(0.0011298232 0.013983704 -5.7855909e-09)
(0.0011484444 0.017580929 -5.2695615e-09)
(0.0011285889 0.020714795 -4.7633964e-09)
(0.0010763769 0.023365937 -4.2831789e-09)
(0.0009974775 0.025534951 -3.8390334e-09)
(0.00089703253 0.027234229 -3.4353088e-09)
(0.0007796621 0.028484134 -3.0724688e-09)
(0.0006494697 0.02930793 -2.7489834e-09)
(0.00051019302 0.029733506 -2.460443e-09)
(0.00036449841 0.029773542 -2.2200619e-09)
(0.00021660612 0.029564232 -1.9698662e-09)
(6.6929936e-05 0.028422993 -1.4111747e-09)
(-0.0039012342 -0.011671868 -4.5682562e-08)
(-0.0035182736 -0.012198454 -3.2633494e-08)
(-0.0032070521 -0.013456037 -2.0649491e-08)
(-0.0029565431 -0.014879078 -1.2850054e-08)
(-0.002733995 -0.015925067 -7.9574417e-09)
(-0.0025211674 -0.016377824 -5.0031814e-09)
(-0.0023137534 -0.01625992 -3.2592306e-09)
(-0.0021053173 -0.015772119 -2.423195e-09)
(-0.0019133924 -0.015006993 -2.101563e-09)
(-0.0017330537 -0.01401879 -2.1260732e-09)
(-0.0015601354 -0.012849443 -2.2427788e-09)
(-0.0013745656 -0.011533468 -2.3251274e-09)
(-0.0012009309 -0.010105309 -2.3520575e-09)
(-0.0010423672 -0.0086411455 -2.3283982e-09)
(-0.00089356619 -0.0072212586 -2.2650307e-09)
(-0.00075671806 -0.0058818724 -2.1731279e-09)
(-0.00063259013 -0.0046376649 -2.0627181e-09)
(-0.0005212728 -0.003500924 -1.9413274e-09)
(-0.00042236415 -0.0024865735 -1.8143424e-09)
(-0.00033504803 -0.0016071769 -1.6857131e-09)
(-0.00025817653 -0.00087186603 -1.5582776e-09)
(-0.00019032868 -0.00028649866 -1.4337593e-09)
(-0.0001300488 0.0001427976 -1.311626e-09)
(-7.5717326e-05 0.00045080248 -1.1640718e-09)
(-2.6616547e-05 0.00052868253 -8.975367e-10)
(-0.0018140318 -0.0026685908 -4.0847712e-09)
(-0.001672626 -0.0030244111 -2.2102022e-09)
(-0.0015876278 -0.0033793148 -1.1556942e-09)
(-0.0015506283 -0.0037756282 -5.7613267e-10)
(-0.0015409818 -0.0042838895 -2.3503235e-10)
(-0.0015345936 -0.0050812555 -6.30168e-11)
(-0.0015217822 -0.0060619739 -3.0267811e-11)
(-0.0014978383 -0.0069805477 -8.6786053e-11)
(-0.0014628839 -0.0077648084 -1.8949469e-10)
(-0.0014134398 -0.0083806279 -2.9706289e-10)
(-0.0013532061 -0.0088550446 -3.8969932e-10)
(-0.0012827799 -0.0092302634 -4.6234063e-10)
(-0.0012034989 -0.0095134738 -5.1618072e-10)
(-0.0011153194 -0.0097052075 -5.5106624e-10)
(-0.0010251434 -0.0098196682 -5.7019638e-10)
(-0.00093212065 -0.0098673933 -5.7726003e-10)
(-0.00083654654 -0.0098570842 -5.7425608e-10)
(-0.00073889671 -0.0097947267 -5.6320441e-10)
(-0.00063969573 -0.0096882092 -5.4555029e-10)
(-0.00053951188 -0.0095436637 -5.2273712e-10)
(-0.00043895095 -0.0093670838 -4.9591406e-10)
(-0.00033864058 -0.0091643 -4.657661e-10)
(-0.00023922976 -0.0089426336 -4.3014197e-10)
(-0.00014119313 -0.0086869264 -3.679474e-10)
(-4.5878431e-05 -0.0083232045 -2.1237658e-10)
(-0.0009716853 -0.0015661941 -6.1266413e-10)
(-0.00087125251 -0.0017726812 -1.5640162e-10)
(-0.00078744487 -0.0019623619 -4.4858169e-11)
(-0.00072875325 -0.002159964 -7.3115105e-13)
(-0.0006946785 -0.0023838679 3.6246418e-11)
(-0.00068463458 -0.0026609438 6.7859562e-11)
(-0.00068565725 -0.0029879153 9.2516927e-11)
(-0.00069031966 -0.0033639304 1.1158448e-10)
(-0.00069409633 -0.0038059361 1.2139919e-10)
(-0.00069164967 -0.0043274184 1.2381815e-10)
(-0.00068343645 -0.0048808823 1.1997196e-10)
(-0.00066900461 -0.0054132279 1.1078004e-10)
(-0.00064763572 -0.0059130936 9.9403669e-11)
(-0.00061877511 -0.0063717934 8.7609478e-11)
(-0.00058385235 -0.0067734437 7.4937493e-11)
(-0.00054326657 -0.0071184466 6.3172713e-11)
(-0.00049748534 -0.0074069683 5.2934298e-11)
(-0.00044708995 -0.0076349437 4.3935274e-11)
(-0.00039275665 -0.0078022869 3.6218776e-11)
(-0.00033524299 -0.0079084065 2.9710965e-11)
(-0.00027536291 -0.0079531602 2.4348778e-11)
(-0.00021395068 -0.0079374929 2.0348884e-11)
(-0.00015180301 -0.0078655134 1.9654836e-11)
(-8.9609892e-05 -0.0077249425 3.1844597e-11)
(-2.8293687e-05 -0.0074266571 5.072136e-11)
(-0.00045645103 -0.0012882928 2.8984425e-10)
(-0.00037666722 -0.0014433538 3.5899157e-10)
(-0.00030453199 -0.0015780098 3.4930083e-10)
(-0.00024509256 -0.0017077078 3.1015645e-10)
(-0.00020190734 -0.0018434723 2.8934824e-10)
(-0.00017091941 -0.0019878829 2.8066646e-10)
(-0.00015017021 -0.0021318054 2.729463e-10)
(-0.00013807429 -0.00228439 2.6996766e-10)
(-0.00013223429 -0.0024451375 2.6839279e-10)
(-0.00013180403 -0.0026126881 2.6589413e-10)
(-0.00013247112 -0.0027890524 2.6293317e-10)
(-0.00013275782 -0.0029692928 2.5820665e-10)
(-0.00013193092 -0.0031469227 2.51446e-10)
(-0.00012953885 -0.0033242467 2.4437108e-10)
(-0.00012524531 -0.0034951699 2.361925e-10)
(-0.00011896223 -0.0036551954 2.269789e-10)
(-0.00011076316 -0.0038001723 2.170405e-10)
(-0.00010087186 -0.0039248166 2.064245e-10)
(-8.9540318e-05 -0.0040240678 1.9515532e-10)
(-7.7034129e-05 -0.0040942553 1.8337573e-10)
(-6.3639309e-05 -0.0041325374 1.7138134e-10)
(-4.963558e-05 -0.004137686 1.5939373e-10)
(-3.5270224e-05 -0.0041111067 1.4855626e-10)
(-2.0685975e-05 -0.0040455774 1.4089394e-10)
(-6.0383115e-06 -0.0038837456 1.0683381e-10)
(-0.00013172398 -0.00066807991 6.7931993e-10)
(-8.4104426e-05 -0.00077070739 5.748823e-10)
(-3.6515076e-05 -0.00085740363 5.1669558e-10)
(5.3084468e-06 -0.00091833552 4.5197706e-10)
(3.7670867e-05 -0.00097212708 4.0707206e-10)
(6.2565133e-05 -0.0010202962 3.742166e-10)
(8.0834303e-05 -0.0010669455 3.4795839e-10)
(9.4011375e-05 -0.001113646 3.2627455e-10)
(0.00010288671 -0.0011567891 3.0691581e-10)
(0.0001086402 -0.0012016618 2.9199698e-10)
(0.00011158234 -0.0012443616 2.7844595e-10)
(0.00011204844 -0.001280003 2.6441031e-10)
(0.00011033845 -0.0013109328 2.5131589e-10)
(0.00010675452 -0.001340027 2.3976916e-10)
(0.00010170885 -0.0013623377 2.2819536e-10)
(9.5366471e-05 -0.0013773238 2.164545e-10)
(8.7892922e-05 -0.0013879562 2.0503491e-10)
(7.9323651e-05 -0.0013942445 1.9375784e-10)
(6.9864364e-05 -0.0013952145 1.8240708e-10)
(5.9718446e-05 -0.0013907719 1.7101194e-10)
(4.909929e-05 -0.0013805661 1.5960507e-10)
(3.8199071e-05 -0.0013643692 1.4825577e-10)
(2.7147964e-05 -0.0013435851 1.3748403e-10)
(1.6174532e-05 -0.0013147437 1.2620563e-10)
(5.4997105e-06 -0.0012537251 8.6317297e-11)
(1.162861e-06 -0.00020000196 6.5407124e-10)
(2.408008e-05 -0.00022381323 5.2247261e-10)
(5.0515518e-05 -0.00023030931 4.4313853e-10)
(7.7150001e-05 -0.00023307402 3.9464344e-10)
(0.00010267018 -0.00022573882 3.5106731e-10)
(0.00012298876 -0.0002171649 3.1796177e-10)
(0.00013756561 -0.000205838 2.9186762e-10)
(0.0001469461 -0.00019169915 2.6894056e-10)
(0.00015174311 -0.00017692015 2.4910031e-10)
(0.00015257577 -0.00016173277 2.3192301e-10)
(0.00015035924 -0.00014480532 2.1592484e-10)
(0.00014580674 -0.00012484796 2.0077363e-10)
(0.0001395928 -0.00010571655 1.8782187e-10)
(0.00013217312 -8.5750937e-05 1.7615888e-10)
(0.00012358974 -6.4208784e-05 1.6520546e-10)
(0.00011404651 -4.1660809e-05 1.5482627e-10)
(0.00010370294 -1.9492859e-05 1.4506673e-10)
(9.2680018e-05 2.0543582e-06 1.3573655e-10)
(8.1078462e-05 2.2341598e-05 1.2672912e-10)
(6.9002617e-05 4.0638639e-05 1.1799668e-10)
(5.656989e-05 5.6365549e-05 1.0948979e-10)
(4.3897507e-05 6.8506821e-05 1.012497e-10)
(3.1135808e-05 7.6315143e-05 9.3407361e-11)
(1.8443895e-05 8.0436617e-05 8.4200829e-11)
(6.026579e-06 8.3487206e-05 5.4824903e-11)
(2.0629485e-05 6.2066454e-05 4.3089444e-10)
(3.624785e-05 8.3980126e-05 3.5779859e-10)
(5.5443763e-05 0.00011598802 2.9249202e-10)
(7.551296e-05 0.00015456126 2.4939613e-10)
(9.4227741e-05 0.00019203324 2.2884822e-10)
(0.00010966836 0.00023614274 2.0670928e-10)
(0.00012116759 0.00028182094 1.8485129e-10)
(0.00012861485 0.00032354077 1.696932e-10)
(0.00013237745 0.00036415145 1.5605801e-10)
(0.00013276277 0.00040182981 1.433284e-10)
(0.00013034473 0.00043601612 1.3250333e-10)
(0.00012575323 0.0004686213 1.2218656e-10)
(0.00011951373 0.00049726051 1.1324841e-10)
(0.00011203164 0.00052269677 1.0534984e-10)
(0.00010358887 0.00054536811 9.8037371e-11)
(9.446252e-05 0.0005651647 9.1234021e-11)
(8.4831278e-05 0.00058175711 8.49308e-11)
(7.4949865e-05 0.00059555937 7.8918674e-11)
(6.4892368e-05 0.00060619336 7.3186017e-11)
(5.472961e-05 0.0006133668 6.7759528e-11)
(4.4518036e-05 0.00061671149 6.2584105e-11)
(3.4321983e-05 0.00061560884 5.7663399e-11)
(2.4217544e-05 0.00060972218 5.2975628e-11)
(1.4253203e-05 0.00059914175 4.7173695e-11)
(4.5790688e-06 0.00057560509 3.323049e-11)
(-9.6996056e-06 0.00015471674 1.911166e-10)
(1.262386e-06 0.00019352576 1.732458e-10)
(1.5309035e-05 0.00023652837 1.4544288e-10)
(3.1067779e-05 0.00028014614 1.2353829e-10)
(4.5782867e-05 0.00032748741 1.0934372e-10)
(5.8245037e-05 0.00037440232 1.0112393e-10)
(6.8350386e-05 0.00042282734 9.2026497e-11)
(7.6056449e-05 0.00047027191 8.2577196e-11)
(8.1117932e-05 0.00051318023 7.4833063e-11)
(8.3570426e-05 0.00055211596 6.8736174e-11)
(8.3725679e-05 0.00058463101 6.430694e-11)
(8.1987933e-05 0.00061434215 5.9186195e-11)
(7.8738279e-05 0.00063974003 5.4354789e-11)
(7.4282561e-05 0.00066013118 5.0391086e-11)
(6.887023e-05 0.00067670675 4.6752007e-11)
(6.2774478e-05 0.00068937153 4.3381797e-11)
(5.6231794e-05 0.00069800748 4.025808e-11)
(4.9451006e-05 0.0007027227 3.731381e-11)
(4.2562735e-05 0.00070376312 3.453269e-11)
(3.566471e-05 0.0007010212 3.1925157e-11)
(2.8829666e-05 0.00069476427 2.9451628e-11)
(2.2103253e-05 0.00068531132 2.7113066e-11)
(1.5517116e-05 0.00067254896 2.4860188e-11)
(9.0986464e-06 0.00065741672 2.1818324e-11)
(2.8750659e-06 0.00062830394 1.5906106e-11)
(-5.3793364e-05 0.00014677406 2.3008998e-11)
(-4.6762334e-05 0.00017764088 3.6377703e-11)
(-3.6965039e-05 0.00021346976 3.7110022e-11)
(-2.6498806e-05 0.00024868431 3.7078355e-11)
(-1.4922476e-05 0.00028559277 3.3283742e-11)
(-2.7305473e-06 0.00032451595 2.8525759e-11)
(8.6269131e-06 0.00036227714 2.652257e-11)
(1.8188726e-05 0.000398142 2.4461308e-11)
(2.5602339e-05 0.00043189298 2.2017044e-11)
(3.0724201e-05 0.00046248394 2.0376379e-11)
(3.4022826e-05 0.00048985267 1.8890857e-11)
(3.5737908e-05 0.00051439967 1.725951e-11)
(3.611963e-05 0.00053395644 1.6144872e-11)
(3.5361291e-05 0.00054900969 1.5244431e-11)
(3.3617748e-05 0.00055988723 1.4329139e-11)
(3.1169889e-05 0.00056667496 1.344322e-11)
(2.8249969e-05 0.00056959978 1.2638107e-11)
(2.5019138e-05 0.00056931602 1.185734e-11)
(2.1598878e-05 0.00056620757 1.1086485e-11)
(1.8098881e-05 0.0005601658 1.036599e-11)
(1.4603377e-05 0.00055174565 9.6629885e-12)
(1.1163752e-05 0.00054158966 8.9525435e-12)
(7.8093771e-06 0.00052956407 8.2272675e-12)
(4.5562822e-06 0.00051618328 7.0004093e-12)
(1.4052644e-06 0.00049218707 5.257071e-12)
(-8.9908218e-05 8.9183167e-05 -6.115924e-11)
(-8.6204616e-05 0.00010960195 -4.166012e-11)
(-7.9738491e-05 0.00013253953 -2.5861034e-11)
(-7.2221095e-05 0.00015815148 -1.672277e-11)
(-6.2877281e-05 0.00018218575 -1.2492334e-11)
(-5.2349579e-05 0.00020569826 -1.2031771e-11)
(-4.2122048e-05 0.00022748348 -1.0849159e-11)
(-3.3106113e-05 0.00024868023 -9.5749448e-12)
(-2.51806e-05 0.00026940983 -8.3085933e-12)
(-1.8033491e-05 0.00028865233 -6.7104517e-12)
(-1.1967657e-05 0.00030622874 -5.4599393e-12)
(-7.0620034e-06 0.00032163796 -4.5669938e-12)
(-3.2686965e-06 0.00033434514 -3.7836588e-12)
(-4.2487297e-07 0.00034465636 -3.174895e-12)
(1.6948217e-06 0.0003522825 -2.603396e-12)
(3.139738e-06 0.00035745804 -2.0654791e-12)
(3.9537979e-06 0.00036031883 -1.5931241e-12)
(4.2567595e-06 0.00036096791 -1.201106e-12)
(4.154275e-06 0.000359621 -8.8698926e-13)
(3.7750384e-06 0.00035647196 -6.3788517e-13)
(3.2176107e-06 0.00035176449 -4.5665815e-13)
(2.5497043e-06 0.00034602399 -3.5825892e-13)
(1.8196092e-06 0.00033872447 -2.8231085e-13)
(1.0600261e-06 0.00033019064 -4.9007976e-13)
(2.9378523e-07 0.00031440958 -3.2376723e-13)
(-0.0001104505 2.6912019e-05 -7.5445663e-11)
(-0.00010803138 3.3051769e-05 -6.3276743e-11)
(-0.00010301876 4.033017e-05 -5.0352918e-11)
(-9.550462e-05 4.9888218e-05 -3.7431708e-11)
(-8.7252097e-05 6.036217e-05 -2.911785e-11)
(-7.9151445e-05 7.1722064e-05 -2.5036172e-11)
(-7.1229663e-05 8.3338033e-05 -2.2617312e-11)
(-6.3377414e-05 9.5443181e-05 -2.0382848e-11)
(-5.5614621e-05 0.00010744149 -1.8152799e-11)
(-4.7879681e-05 0.00011852786 -1.609858e-11)
(-4.0757637e-05 0.00012926237 -1.4452411e-11)
(-3.439263e-05 0.00013924388 -1.2939675e-11)
(-2.8820147e-05 0.0001482009 -1.1559225e-11)
(-2.3956368e-05 0.0001561692 -1.0389677e-11)
(-1.9678399e-05 0.00016272631 -9.3173721e-12)
(-1.6017597e-05 0.00016780274 -8.3325247e-12)
(-1.2972274e-05 0.00017156306 -7.4469606e-12)
(-1.0440385e-05 0.00017407124 -6.6478205e-12)
(-8.2924742e-06 0.00017537998 -5.9260789e-12)
(-6.4732898e-06 0.00017561299 -5.2818136e-12)
(-4.9319918e-06 0.00017471207 -4.7096763e-12)
(-3.6109916e-06 0.00017295687 -4.2272121e-12)
(-2.458177e-06 0.00017017173 -3.8147069e-12)
(-1.4308782e-06 0.00016662058 -3.5846967e-12)
(-4.9108773e-07 0.0001583855 -2.7510657e-12)
(-0.00011471492 -2.1577477e-05 -6.1266399e-11)
(-0.00011305184 -2.5401014e-05 -5.1516512e-11)
(-0.00010924316 -2.7408544e-05 -4.7018085e-11)
(-0.0001034765 -2.7682788e-05 -3.8699338e-11)
(-9.6611583e-05 -2.6987155e-05 -2.9665546e-11)
(-8.9173584e-05 -2.3920844e-05 -2.4754951e-11)
(-8.1378241e-05 -1.9830121e-05 -2.1972134e-11)
(-7.3315329e-05 -1.4852519e-05 -2.0027528e-11)
(-6.5386035e-05 -9.3465016e-06 -1.8226574e-11)
(-5.8047485e-05 -2.97417e-06 -1.6744816e-11)
(-5.1169388e-05 3.7355846e-06 -1.5363656e-11)
(-4.4778487e-05 9.9627439e-06 -1.390647e-11)
(-3.8900769e-05 1.5928147e-05 -1.2571383e-11)
(-3.3574121e-05 2.1530424e-05 -1.1332306e-11)
(-2.8855603e-05 2.634352e-05 -1.0112248e-11)
(-2.4672276e-05 3.0512889e-05 -8.996635e-12)
(-2.091994e-05 3.4158006e-05 -8.019251e-12)
(-1.7539943e-05 3.7262161e-05 -7.1620555e-12)
(-1.4459997e-05 3.9769875e-05 -6.4029311e-12)
(-1.1664816e-05 4.1601231e-05 -5.7267296e-12)
(-9.1331966e-06 4.2833932e-05 -5.1391356e-12)
(-6.8290218e-06 4.3740851e-05 -4.6511689e-12)
(-4.711891e-06 4.3859775e-05 -4.2109586e-12)
(-2.7530535e-06 4.3651076e-05 -3.8718497e-12)
(-9.0993304e-07 4.0910052e-05 -2.9870671e-12)
(-0.00010708679 -4.8614863e-05 -4.5079103e-11)
(-0.0001060432 -5.6986974e-05 -3.4319102e-11)
(-0.00010335744 -6.4265807e-05 -3.0045254e-11)
(-9.917562e-05 -6.9414519e-05 -2.7117788e-11)
(-9.3914897e-05 -7.3173337e-05 -2.2760432e-11)
(-8.7903771e-05 -7.4992753e-05 -1.8978541e-11)
(-8.1324773e-05 -7.5728083e-05 -1.6390282e-11)
(-7.4458276e-05 -7.5789841e-05 -1.4474222e-11)
(-6.7576781e-05 -7.4679757e-05 -1.3066179e-11)
(-6.0913964e-05 -7.2754863e-05 -1.1938606e-11)
(-5.4459224e-05 -7.0310145e-05 -1.0831164e-11)
(-4.8277734e-05 -6.7348181e-05 -9.8055505e-12)
(-4.2441858e-05 -6.4057966e-05 -8.8846967e-12)
(-3.7029072e-05 -6.0570671e-05 -8.0291712e-12)
(-3.2077293e-05 -5.7133497e-05 -7.2053466e-12)
(-2.7569408e-05 -5.372482e-05 -6.4750218e-12)
(-2.3460831e-05 -5.0430066e-05 -5.8384064e-12)
(-1.9724391e-05 -4.7381178e-05 -5.2542202e-12)
(-1.6350341e-05 -4.4586675e-05 -4.7265672e-12)
(-1.3281558e-05 -4.2066335e-05 -4.2541215e-12)
(-1.0468056e-05 -3.9830938e-05 -3.8356377e-12)
(-7.8711203e-06 -3.7819042e-05 -3.4710232e-12)
(-5.4540944e-06 -3.6364475e-05 -3.1590204e-12)
(-3.1863075e-06 -3.3881916e-05 -2.9355002e-12)
(-1.0376642e-06 -3.3531774e-05 -2.1665448e-12)
(-9.3486413e-05 -5.7338218e-05 -2.5900559e-11)
(-9.2997541e-05 -6.6763187e-05 -1.7286472e-11)
(-9.1283011e-05 -7.5326472e-05 -1.3990717e-11)
(-8.8416706e-05 -8.2268165e-05 -1.3000941e-11)
(-8.4597415e-05 -8.8319798e-05 -1.1949014e-11)
(-7.9998669e-05 -9.3225738e-05 -1.0532208e-11)
(-7.4776421e-05 -9.6668052e-05 -8.9940934e-12)
(-6.9190008e-05 -9.8786041e-05 -7.641855e-12)
(-6.3446291e-05 -9.9831336e-05 -6.6574402e-12)
(-5.7698395e-05 -0.00010044451 -5.9098208e-12)
(-5.2058483e-05 -0.00010064844 -5.3242693e-12)
(-4.6588762e-05 -0.00010012469 -4.864244e-12)
(-4.1356969e-05 -9.8926085e-05 -4.4624772e-12)
(-3.6418313e-05 -9.7019255e-05 -4.0981126e-12)
(-3.1809968e-05 -9.4738134e-05 -3.7479677e-12)
(-2.7526703e-05 -9.2239008e-05 -3.4277703e-12)
(-2.3568235e-05 -8.9709281e-05 -3.1229859e-12)
(-1.9926018e-05 -8.7148126e-05 -2.8300221e-12)
(-1.6585185e-05 -8.4557266e-05 -2.5588458e-12)
(-1.3516246e-05 -8.203408e-05 -2.3160278e-12)
(-1.0683558e-05 -7.9520753e-05 -2.1041426e-12)
(-8.0520679e-06 -7.7097295e-05 -1.9072393e-12)
(-5.5895059e-06 -7.5261943e-05 -1.7434256e-12)
(-3.2603018e-06 -7.2112732e-05 -1.6653103e-12)
(-1.047916e-06 -6.9650326e-05 -1.098393e-12)
(-7.8554656e-05 -5.2324083e-05 -6.8185395e-12)
(-7.8517609e-05 -6.1721186e-05 -2.9722397e-12)
(-7.7555281e-05 -7.0256523e-05 -2.6109723e-12)
(-7.5674206e-05 -7.7477337e-05 -2.8319754e-12)
(-7.2966153e-05 -8.3720538e-05 -3.1222286e-12)
(-6.9558438e-05 -8.9312111e-05 -3.1418334e-12)
(-6.5594664e-05 -9.3885058e-05 -2.9383161e-12)
(-6.1218506e-05 -9.7337653e-05 -2.4990381e-12)
(-5.6591442e-05 -9.9898204e-05 -2.0293418e-12)
(-5.1839911e-05 -0.00010168929 -1.6447612e-12)
(-4.7091443e-05 -0.00010277868 -1.3731755e-12)
(-4.2436316e-05 -0.00010320472 -1.1826548e-12)
(-3.7931755e-05 -0.00010297493 -1.0601347e-12)
(-3.3613991e-05 -0.00010224538 -9.8615564e-13)
(-2.9515329e-05 -0.00010118207 -8.9824856e-13)
(-2.5657662e-05 -9.9756028e-05 -8.0863517e-13)
(-2.2052648e-05 -9.7965722e-05 -7.1403366e-13)
(-1.870718e-05 -9.5903667e-05 -6.2266126e-13)
(-1.561283e-05 -9.3776498e-05 -5.4108476e-13)
(-1.2750203e-05 -9.1602753e-05 -4.7061931e-13)
(-1.0094081e-05 -8.9280526e-05 -4.1380439e-13)
(-7.6169719e-06 -8.6877863e-05 -3.6640053e-13)
(-5.2921455e-06 -8.5059399e-05 -3.5326213e-13)
(-3.0936596e-06 -8.1430069e-05 -4.4022291e-13)
(-9.9790016e-07 -7.8632852e-05 -1.293874e-13)
(-6.4672918e-05 -4.2639471e-05 3.3298028e-12)
(-6.4927793e-05 -5.0010653e-05 5.130455e-12)
(-6.4492657e-05 -5.7225083e-05 4.0559287e-12)
(-6.3328234e-05 -6.4384598e-05 3.2099632e-12)
(-6.1470002e-05 -7.0500549e-05 2.5568065e-12)
(-5.900372e-05 -7.5679801e-05 2.1047119e-12)
(-5.604092e-05 -8.0030357e-05 1.7989727e-12)
(-5.2691599e-05 -8.3707457e-05 1.5306854e-12)
(-4.9066874e-05 -8.6555054e-05 1.3838149e-12)
(-4.5265748e-05 -8.856984e-05 1.3920456e-12)
(-4.138417e-05 -8.9811841e-05 1.3955244e-12)
(-3.7510877e-05 -9.0549128e-05 1.3781891e-12)
(-3.3704471e-05 -9.0881362e-05 1.336553e-12)
(-3.001393e-05 -9.0665627e-05 1.256204e-12)
(-2.6478356e-05 -8.9899469e-05 1.1726494e-12)
(-2.311832e-05 -8.8722052e-05 1.0802815e-12)
(-1.9950251e-05 -8.7335189e-05 9.8850071e-13)
(-1.6982077e-05 -8.5825881e-05 9.0401623e-13)
(-1.4211954e-05 -8.4179326e-05 8.2516877e-13)
(-1.16297e-05 -8.2332333e-05 7.5375513e-13)
(-9.2200254e-06 -8.0326097e-05 6.8791117e-13)
(-6.9652469e-06 -7.8267114e-05 6.2922566e-13)
(-4.8458668e-06 -7.6519357e-05 5.6096701e-13)
(-2.8418473e-06 -7.3114563e-05 4.2770216e-13)
(-9.2528388e-07 -7.0963943e-05 4.7784508e-13)
(-5.2753124e-05 -3.2459049e-05 8.7468686e-12)
(-5.3191324e-05 -3.7947484e-05 8.4588531e-12)
(-5.3096454e-05 -4.332655e-05 7.9403496e-12)
(-5.2440805e-05 -4.8665125e-05 6.772466e-12)
(-5.1226576e-05 -5.3684585e-05 6.0227019e-12)
(-4.9504808e-05 -5.7941004e-05 5.3606299e-12)
(-4.7348245e-05 -6.1453738e-05 4.7265919e-12)
(-4.4823375e-05 -6.4198624e-05 4.0470349e-12)
(-4.2018623e-05 -6.6397552e-05 3.5031619e-12)
(-3.9012042e-05 -6.8124152e-05 3.1117834e-12)
(-3.5881656e-05 -6.9358552e-05 2.8417709e-12)
(-3.2700806e-05 -7.0152935e-05 2.6805149e-12)
(-2.9537177e-05 -7.0495241e-05 2.5206083e-12)
(-2.6445233e-05 -7.0335336e-05 2.3350436e-12)
(-2.344881e-05 -6.9849625e-05 2.1576169e-12)
(-2.0577042e-05 -6.9093602e-05 1.9782265e-12)
(-1.784533e-05 -6.8077235e-05 1.8015716e-12)
(-1.5257351e-05 -6.6916412e-05 1.641178e-12)
(-1.2815882e-05 -6.5579205e-05 1.491915e-12)
(-1.0519361e-05 -6.4101813e-05 1.3581588e-12)
(-8.3608381e-06 -6.2532169e-05 1.2394352e-12)
(-6.3304604e-06 -6.0900262e-05 1.1304362e-12)
(-4.4141598e-06 -5.9505647e-05 1.0201741e-12)
(-2.5951816e-06 -5.6784803e-05 8.5776143e-13)
(-8.4246556e-07 -5.5270902e-05 7.3406204e-13)
(-4.3254225e-05 -2.2438677e-05 1.21809e-11)
(-4.3827345e-05 -2.6581571e-05 9.6327819e-12)
(-4.3982452e-05 -3.0183845e-05 8.9661856e-12)
(-4.3682597e-05 -3.3440479e-05 8.3459485e-12)
(-4.293599e-05 -3.6575664e-05 7.4757284e-12)
(-4.1767027e-05 -3.9397951e-05 6.607965e-12)
(-4.0214048e-05 -4.199491e-05 5.813915e-12)
(-3.8326744e-05 -4.4342014e-05 5.097166e-12)
(-3.6163069e-05 -4.6270522e-05 4.4774247e-12)
(-3.3798188e-05 -4.777198e-05 3.9595643e-12)
(-3.1295906e-05 -4.8773979e-05 3.5136113e-12)
(-2.871428e-05 -4.9296507e-05 3.1235873e-12)
(-2.6108345e-05 -4.9384354e-05 2.7905101e-12)
(-2.35181e-05 -4.9289307e-05 2.527598e-12)
(-2.0973606e-05 -4.9020215e-05 2.3129013e-12)
(-1.8503554e-05 -4.8480726e-05 2.1190974e-12)
(-1.6128206e-05 -4.77503e-05 1.9439081e-12)
(-1.3855223e-05 -4.6842819e-05 1.789077e-12)
(-1.1690233e-05 -4.5817894e-05 1.6462565e-12)
(-9.6337968e-06 -4.4716279e-05 1.5114361e-12)
(-7.682967e-06 -4.3565069e-05 1.3864292e-12)
(-5.8329911e-06 -4.2389135e-05 1.2699342e-12)
(-4.0725534e-06 -4.1442501e-05 1.154531e-12)
(-2.3908892e-06 -3.9468961e-05 9.9692167e-13)
(-7.6898389e-07 -3.8623942e-05 8.0146009e-13)
(-3.6264405e-05 -1.3207162e-05 1.252353e-11)
(-3.6896597e-05 -1.612077e-05 9.8534739e-12)
(-3.7230274e-05 -1.895898e-05 8.4882743e-12)
(-3.7193069e-05 -2.1391874e-05 7.8885869e-12)
(-3.6772198e-05 -2.3432958e-05 7.1831303e-12)
(-3.5979251e-05 -2.5261405e-05 6.2504823e-12)
(-3.4840816e-05 -2.6929329e-05 5.4979224e-12)
(-3.3408328e-05 -2.8508474e-05 4.887906e-12)
(-3.1733115e-05 -2.9926825e-05 4.3634104e-12)
(-2.9874006e-05 -3.0970811e-05 3.8798792e-12)
(-2.7878177e-05 -3.1661864e-05 3.4306767e-12)
(-2.5784436e-05 -3.2000128e-05 3.0260469e-12)
(-2.3624484e-05 -3.2078875e-05 2.6855334e-12)
(-2.1428642e-05 -3.2006326e-05 2.4091528e-12)
(-1.9236652e-05 -3.1860098e-05 2.1722441e-12)
(-1.7068525e-05 -3.1590215e-05 1.9715387e-12)
(-1.4950796e-05 -3.1071024e-05 1.8052857e-12)
(-1.290054e-05 -3.033652e-05 1.6595825e-12)
(-1.092935e-05 -2.9490632e-05 1.5256418e-12)
(-9.0404932e-06 -2.8652105e-05 1.3993145e-12)
(-7.2333689e-06 -2.7781186e-05 1.2846511e-12)
(-5.5055063e-06 -2.683464e-05 1.1790242e-12)
(-3.8439578e-06 -2.6268477e-05 1.0736354e-12)
(-2.2533727e-06 -2.502103e-05 9.2154695e-13)
(-7.2542124e-07 -2.433804e-05 7.2896753e-13)
(-3.1470203e-05 -7.4493051e-06 1.0962806e-11)
(-3.2072274e-05 -9.0982335e-06 8.9170585e-12)
(-3.2460104e-05 -1.0919255e-05 7.4930916e-12)
(-3.2572344e-05 -1.2736436e-05 6.3407977e-12)
(-3.2366432e-05 -1.4451743e-05 5.6369111e-12)
(-3.1837739e-05 -1.570574e-05 5.0180414e-12)
(-3.100422e-05 -1.6720924e-05 4.4408842e-12)
(-2.9902406e-05 -1.769119e-05 3.9814903e-12)
(-2.8587434e-05 -1.8415393e-05 3.5535616e-12)
(-2.7093898e-05 -1.8982535e-05 3.1687414e-12)
(-2.5459418e-05 -1.9432142e-05 2.8215971e-12)
(-2.3714946e-05 -1.9755481e-05 2.5219967e-12)
(-2.1882854e-05 -1.9926373e-05 2.2754013e-12)
(-1.9993206e-05 -1.9935174e-05 2.0622113e-12)
(-1.8070289e-05 -1.9824228e-05 1.8694711e-12)
(-1.6137578e-05 -1.959131e-05 1.6967779e-12)
(-1.4214585e-05 -1.9290004e-05 1.549139e-12)
(-1.2323507e-05 -1.8910109e-05 1.4217346e-12)
(-1.0481707e-05 -1.8426432e-05 1.307411e-12)
(-8.6993594e-06 -1.7842296e-05 1.2036337e-12)
(-6.9800481e-06 -1.7209113e-05 1.110903e-12)
(-5.3229652e-06 -1.6533409e-05 1.0257361e-12)
(-3.7242636e-06 -1.6385163e-05 9.4101071e-13)
(-2.1861305e-06 -1.5095301e-05 7.9502086e-13)
(-7.0782303e-07 -1.5182437e-05 6.6028618e-13)
(-2.8283691e-05 -3.86372e-06 5.5820602e-12)
(-2.8817166e-05 -4.8657307e-06 5.3093939e-12)
(-2.9182063e-05 -5.9269206e-06 4.994946e-12)
(-2.9331528e-05 -7.1619338e-06 4.5467296e-12)
(-2.9235506e-05 -8.3793789e-06 3.8353254e-12)
(-2.8877455e-05 -9.6201889e-06 3.3713568e-12)
(-2.8260823e-05 -1.0626495e-05 3.1966937e-12)
(-2.7409116e-05 -1.1234155e-05 2.9881801e-12)
(-2.6350367e-05 -1.1715406e-05 2.7229754e-12)
(-2.5112306e-05 -1.2020866e-05 2.4222301e-12)
(-2.3724738e-05 -1.2224601e-05 2.1477274e-12)
(-2.2216163e-05 -1.2407638e-05 1.9152682e-12)
(-2.0615576e-05 -1.2578883e-05 1.7250432e-12)
(-1.8945937e-05 -1.2643224e-05 1.5674881e-12)
(-1.7227827e-05 -1.260187e-05 1.4382501e-12)
(-1.5479939e-05 -1.2499756e-05 1.3305675e-12)
(-1.3718635e-05 -1.234401e-05 1.2351739e-12)
(-1.1961117e-05 -1.2098345e-05 1.1444027e-12)
(-1.0223043e-05 -1.1747755e-05 1.0563048e-12)
(-8.5176047e-06 -1.1359637e-05 9.7278679e-13)
(-6.8544784e-06 -1.0952639e-05 8.9460499e-13)
(-5.2375459e-06 -1.0496951e-05 8.2158661e-13)
(-3.6742211e-06 -1.0531724e-05 7.502022e-13)
(-2.1603084e-06 -9.0636267e-06 6.0977402e-13)
(-7.0014755e-07 -9.6699796e-06 5.1755461e-13)
(-2.6103225e-05 -2.1465643e-06 2.320087e-12)
(-2.6552456e-05 -2.7860576e-06 2.3594147e-12)
(-2.6867612e-05 -3.510918e-06 2.4012098e-12)
(-2.7007446e-05 -4.3203552e-06 2.4103689e-12)
(-2.6946638e-05 -5.1684685e-06 2.2134825e-12)
(-2.6675265e-05 -6.1744589e-06 2.001731e-12)
(-2.6193613e-05 -7.1614971e-06 1.8847336e-12)
(-2.5506325e-05 -7.7811219e-06 1.8153008e-12)
(-2.4625987e-05 -8.2082171e-06 1.7256261e-12)
(-2.3571818e-05 -8.6027897e-06 1.6126444e-12)
(-2.2365524e-05 -8.8552658e-06 1.5056304e-12)
(-2.1035205e-05 -8.986966e-06 1.3868383e-12)
(-1.9602901e-05 -9.1014416e-06 1.270389e-12)
(-1.8093843e-05 -9.1849937e-06 1.1613523e-12)
(-1.6527108e-05 -9.2141159e-06 1.0643099e-12)
(-1.4921317e-05 -9.1683934e-06 9.7945551e-13)
(-1.3291386e-05 -9.0545437e-06 9.0254026e-13)
(-1.1650077e-05 -8.8764948e-06 8.3079927e-13)
(-1.0008051e-05 -8.6373085e-06 7.633143e-13)
(-8.37645e-06 -8.3677862e-06 7.0009056e-13)
(-6.7665474e-06 -8.0843624e-06 6.4165185e-13)
(-5.1866657e-06 -7.7136253e-06 5.8693885e-13)
(-3.6438583e-06 -7.8574029e-06 5.365826e-13)
(-2.1464506e-06 -6.3792644e-06 4.105582e-13)
(-6.9780253e-07 -7.1898297e-06 3.622637e-13)
(-2.4439864e-05 -1.6865758e-06 1.0987261e-12)
(-2.4806527e-05 -2.2145407e-06 1.1486529e-12)
(-2.5065292e-05 -2.7858075e-06 1.1885863e-12)
(-2.5180223e-05 -3.3875267e-06 1.1623096e-12)
(-2.5128075e-05 -4.0291994e-06 1.0229226e-12)
(-2.489787e-05 -4.6961997e-06 8.720967e-13)
(-2.4488375e-05 -5.4595556e-06 7.8878392e-13)
(-2.3901285e-05 -6.2589498e-06 7.4458543e-13)
(-2.3140573e-05 -6.8222969e-06 7.4058389e-13)
(-2.2218891e-05 -7.2396953e-06 7.8788325e-13)
(-2.1154159e-05 -7.6632773e-06 8.1996654e-13)
(-1.9965884e-05 -7.9333795e-06 8.1374695e-13)
(-1.8672351e-05 -8.1002959e-06 7.8950736e-13)
(-1.7294279e-05 -8.2580079e-06 7.5297776e-13)
(-1.5851159e-05 -8.3721967e-06 7.1115558e-13)
(-1.4360323e-05 -8.4040595e-06 6.6106135e-13)
(-1.2836116e-05 -8.3534114e-06 6.0616544e-13)
(-1.1291048e-05 -8.2513071e-06 5.5229146e-13)
(-9.7351766e-06 -8.1220356e-06 5.0263742e-13)
(-8.1778503e-06 -7.9654142e-06 4.5780633e-13)
(-6.6282209e-06 -7.7696152e-06 4.1673811e-13)
(-5.0955712e-06 -7.4947976e-06 3.7993269e-13)
(-3.582457e-06 -7.7447107e-06 3.4893343e-13)
(-2.1123622e-06 -6.3069045e-06 2.4171046e-13)
(-6.906196e-07 -7.1485612e-06 2.2510209e-13)
(-2.296379e-05 -2.0145573e-06 4.5121415e-13)
(-2.3259781e-05 -2.5355213e-06 4.2113901e-13)
(-2.3467857e-05 -3.0891166e-06 3.480451e-13)
(-2.3556545e-05 -3.7013376e-06 3.2423497e-13)
(-2.350384e-05 -4.3308191e-06 3.3341065e-13)
(-2.3297423e-05 -4.9830861e-06 3.638921e-13)
(-2.2933358e-05 -5.700619e-06 3.977307e-13)
(-2.2412774e-05 -6.4151764e-06 3.8914669e-13)
(-2.1736953e-05 -7.0895776e-06 3.7102274e-13)
(-2.0915644e-05 -7.6371456e-06 3.5774259e-13)
(-1.9961549e-05 -8.1027407e-06 3.4671509e-13)
(-1.8887535e-05 -8.5890632e-06 3.6446266e-13)
(-1.7713361e-05 -8.9243093e-06 3.8427381e-13)
(-1.6451552e-05 -9.1119981e-06 3.8711747e-13)
(-1.5119781e-05 -9.2639378e-06 3.8559041e-13)
(-1.3733561e-05 -9.3537841e-06 3.7479799e-13)
(-1.2306426e-05 -9.3862256e-06 3.5320591e-13)
(-1.0850182e-05 -9.370645e-06 3.2651895e-13)
(-9.3756547e-06 -9.3150363e-06 2.9917427e-13)
(-7.8925328e-06 -9.2223214e-06 2.7345582e-13)
(-6.4102383e-06 -9.0777772e-06 2.4891138e-13)
(-4.9411418e-06 -8.7913855e-06 2.2654963e-13)
(-3.4637128e-06 -9.1312671e-06 2.1142777e-13)
(-2.0421626e-06 -7.7576092e-06 1.1515101e-13)
(-6.8797166e-07 -8.4238783e-06 1.2305455e-13)
(-2.1499554e-05 -2.8450285e-06 -4.3139184e-13)
(-2.1739109e-05 -3.4799264e-06 -2.4826206e-13)
(-2.1905727e-05 -4.1315018e-06 -1.0561357e-13)
(-2.197171e-05 -4.8103215e-06 5.589871e-14)
(-2.1916566e-05 -5.5012941e-06 1.9082739e-13)
(-2.1727369e-05 -6.2037984e-06 2.7240172e-13)
(-2.1398616e-05 -6.9179929e-06 3.0598264e-13)
(-2.0929428e-05 -7.6421195e-06 2.9778836e-13)
(-2.0323432e-05 -8.329872e-06 2.6068e-13)
(-1.9583557e-05 -8.9672898e-06 2.2070665e-13)
(-1.8719819e-05 -9.520761e-06 1.9134516e-13)
(-1.7745437e-05 -9.993495e-06 1.6758529e-13)
(-1.6674026e-05 -1.04421e-05 1.5601203e-13)
(-1.5517628e-05 -1.0822498e-05 1.5954518e-13)
(-1.4290952e-05 -1.1107557e-05 1.7126453e-13)
(-1.3006806e-05 -1.1294869e-05 1.7831865e-13)
(-1.1676989e-05 -1.1403183e-05 1.7503219e-13)
(-1.0312642e-05 -1.1445272e-05 1.6694283e-13)
(-8.9244989e-06 -1.1431586e-05 1.5735902e-13)
(-7.5228808e-06 -1.1372647e-05 1.4699377e-13)
(-6.1175484e-06 -1.1247476e-05 1.3467194e-13)
(-4.7178896e-06 -1.0951784e-05 1.2478385e-13)
(-3.334201e-06 -1.1316715e-05 1.2334526e-13)
(-1.9740831e-06 -9.9555498e-06 3.5254102e-14)
(-6.4224158e-07 -1.0521455e-05 6.7445445e-14)
(-1.9965616e-05 -3.6337401e-06 -1.2182435e-12)
(-2.0159322e-05 -4.4525146e-06 -5.6412862e-13)
(-2.0292292e-05 -5.3126282e-06 -1.3483771e-13)
(-2.034025e-05 -6.1769628e-06 1.3423762e-13)
(-2.0284313e-05 -7.0189745e-06 2.6016376e-13)
(-2.0111202e-05 -7.8179333e-06 2.8091708e-13)
(-1.981346e-05 -8.5813241e-06 2.5487784e-13)
(-1.9389213e-05 -9.3108294e-06 2.2413404e-13)
(-1.8842711e-05 -1.0089826e-05 2.0534826e-13)
(-1.8177766e-05 -1.084642e-05 1.9521849e-13)
(-1.7398826e-05 -1.1450363e-05 1.7951509e-13)
(-1.6515089e-05 -1.194879e-05 1.5204798e-13)
(-1.5538801e-05 -1.2387665e-05 1.2587365e-13)
(-1.4482718e-05 -1.2736539e-05 1.048984e-13)
(-1.3357408e-05 -1.2993412e-05 8.2147442e-14)
(-1.2173539e-05 -1.3216521e-05 6.5873401e-14)
(-1.094241e-05 -1.3406881e-05 6.0046236e-14)
(-9.6756384e-06 -1.3543695e-05 6.0428666e-14)
(-8.382766e-06 -1.359775e-05 6.2646329e-14)
(-7.07351e-06 -1.356446e-05 6.2920311e-14)
(-5.7574787e-06 -1.3450505e-05 6.118956e-14)
(-4.4407991e-06 -1.3188298e-05 5.9658377e-14)
(-3.1645813e-06 -1.3462497e-05 5.8362556e-14)
(-1.8779827e-06 -1.1977805e-05 -3.0055165e-14)
(-5.8553968e-07 -1.2542303e-05 1.7248558e-14)
(-1.8334559e-05 -4.3843287e-06 -9.8413657e-13)
(-1.8490967e-05 -5.2437597e-06 -5.3865088e-13)
(-1.8596755e-05 -6.1322487e-06 -3.023595e-13)
(-1.863086e-05 -7.0215175e-06 -1.8995122e-13)
(-1.8575882e-05 -7.9220852e-06 -1.2998299e-13)
(-1.8418977e-05 -8.8282836e-06 -7.7494201e-14)
(-1.8151901e-05 -9.7120364e-06 -3.1822561e-14)
(-1.7771599e-05 -1.0535448e-05 -3.3796967e-15)
(-1.7279245e-05 -1.132369e-05 1.5622372e-14)
(-1.6684075e-05 -1.2145831e-05 4.1211813e-14)
(-1.598739e-05 -1.2920785e-05 7.242047e-14)
(-1.5193669e-05 -1.3566717e-05 9.502475e-14)
(-1.4312715e-05 -1.4085477e-05 1.0148306e-13)
(-1.335547e-05 -1.4507149e-05 9.431346e-14)
(-1.2330639e-05 -1.4861686e-05 7.681926e-14)
(-1.1248885e-05 -1.5129898e-05 5.914928e-14)
(-1.0120763e-05 -1.5286923e-05 4.6863181e-14)
(-8.9563713e-06 -1.5361022e-05 3.8294759e-14)
(-7.7653358e-06 -1.5385355e-05 3.1940167e-14)
(-6.5570865e-06 -1.5348073e-05 2.6749077e-14)
(-5.3408408e-06 -1.5233741e-05 2.2773626e-14)
(-4.1255061e-06 -1.4943932e-05 1.9991299e-14)
(-2.9260207e-06 -1.5215869e-05 2.6356464e-14)
(-1.7319654e-06 -1.3813165e-05 -4.8696579e-14)
(-5.5433099e-07 -1.4148132e-05 -7.757683e-15)
(-1.6618694e-05 -4.7650271e-06 -1.0849081e-12)
(-1.6745569e-05 -5.707484e-06 -7.4633848e-13)
(-1.6829918e-05 -6.6794526e-06 -5.3893278e-13)
(-1.6853462e-05 -7.6522743e-06 -4.0827397e-13)
(-1.6800857e-05 -8.6251842e-06 -3.1536565e-13)
(-1.6660569e-05 -9.5960757e-06 -2.3357333e-13)
(-1.6424988e-05 -1.0541473e-05 -1.687649e-13)
(-1.6089945e-05 -1.1431944e-05 -1.2474895e-13)
(-1.5654292e-05 -1.2190426e-05 -9.7940199e-14)
(-1.5122716e-05 -1.2913292e-05 -7.8607777e-14)
(-1.4502903e-05 -1.3693569e-05 -5.8919049e-14)
(-1.379764e-05 -1.4395663e-05 -3.8448873e-14)
(-1.3012087e-05 -1.4977952e-05 -1.7622916e-14)
(-1.2153706e-05 -1.5473949e-05 2.1569749e-15)
(-1.123155e-05 -1.587592e-05 1.6757771e-14)
(-1.0255568e-05 -1.6187933e-05 2.4946608e-14)
(-9.2347013e-06 -1.6424778e-05 2.8758259e-14)
(-8.1775577e-06 -1.6579076e-05 2.9188747e-14)
(-7.0939077e-06 -1.663841e-05 2.6850727e-14)
(-5.9928494e-06 -1.6604494e-05 2.3325684e-14)
(-4.8831096e-06 -1.6488976e-05 2.0254336e-14)
(-3.7732768e-06 -1.6169125e-05 1.8088567e-14)
(-2.6725584e-06 -1.6378413e-05 2.32264e-14)
(-1.5819761e-06 -1.5067449e-05 -4.5063132e-14)
(-5.0894133e-07 -1.5229037e-05 -6.8155602e-15)
(-1.4848256e-05 -4.9626653e-06 -8.1721896e-13)
(-1.4952464e-05 -5.9226696e-06 -6.760421e-13)
(-1.5021182e-05 -6.8993811e-06 -5.806561e-13)
(-1.5038774e-05 -7.8898677e-06 -4.8633203e-13)
(-1.499206e-05 -8.8708471e-06 -4.0840732e-13)
(-1.4870646e-05 -9.8317162e-06 -3.5049362e-13)
(-1.4667269e-05 -1.0765987e-05 -2.9876862e-13)
(-1.4377619e-05 -1.1660613e-05 -2.4526663e-13)
(-1.4000008e-05 -1.2498507e-05 -1.9179861e-13)
(-1.3533737e-05 -1.323495e-05 -1.4524213e-13)
(-1.2985939e-05 -1.3937307e-05 -1.084241e-13)
(-1.2363597e-05 -1.4663644e-05 -7.871298e-14)
(-1.1670348e-05 -1.5316389e-05 -5.38439e-14)
(-1.0910802e-05 -1.5849348e-05 -3.3074038e-14)
(-1.0092233e-05 -1.6282222e-05 -1.646595e-14)
(-9.2227234e-06 -1.6617758e-05 -4.5760213e-15)
(-8.3103945e-06 -1.6859884e-05 3.3601255e-15)
(-7.3639089e-06 -1.7008834e-05 8.3207812e-15)
(-6.3916876e-06 -1.7070672e-05 1.10729e-14)
(-5.4018515e-06 -1.7045873e-05 1.2268923e-14)
(-4.4026236e-06 -1.6948253e-05 1.2779562e-14)
(-3.4021963e-06 -1.6590164e-05 1.1589388e-14)
(-2.4089782e-06 -1.6802953e-05 1.7683475e-14)
(-1.4247265e-06 -1.5647874e-05 -4.2223867e-14)
(-4.576423e-07 -1.5681123e-05 -6.7942642e-15)
(-1.3058836e-05 -5.2873455e-06 9.8443613e-14)
(-1.3148391e-05 -6.2517528e-06 5.3441968e-14)
(-1.3208687e-05 -7.1979756e-06 -2.0433057e-14)
(-1.3226371e-05 -8.1322427e-06 -9.275512e-14)
(-1.3189785e-05 -9.0591248e-06 -1.3913674e-13)
(-1.3089599e-05 -9.9708799e-06 -1.5757712e-13)
(-1.2919016e-05 -1.0864863e-05 -1.4788679e-13)
(-1.267387e-05 -1.1734261e-05 -1.1989106e-13)
(-1.2352219e-05 -1.2560324e-05 -9.131018e-14)
(-1.1953433e-05 -1.3316491e-05 -6.9247429e-14)
(-1.1479256e-05 -1.3957908e-05 -5.4374869e-14)
(-1.0936267e-05 -1.4519201e-05 -4.3196628e-14)
(-1.0330155e-05 -1.5099662e-05 -3.2298134e-14)
(-9.6657819e-06 -1.5662527e-05 -2.2614369e-14)
(-8.9488676e-06 -1.6116456e-05 -1.4788262e-14)
(-8.1847801e-06 -1.6456215e-05 -8.7485915e-15)
(-7.3808757e-06 -1.6697897e-05 -4.4933021e-15)
(-6.5448061e-06 -1.6844347e-05 -1.6717013e-15)
(-5.6838571e-06 -1.6901171e-05 1.4932343e-16)
(-4.8055902e-06 -1.6872128e-05 1.2911908e-15)
(-3.9174784e-06 -1.6763534e-05 1.8789539e-15)
(-3.0269852e-06 -1.6411791e-05 6.6216584e-16)
(-2.1413151e-06 -1.6589749e-05 8.3326174e-15)
(-1.2647341e-06 -1.547785e-05 -4.546614e-14)
(-4.0561545e-07 -1.5450386e-05 -1.2166998e-14)
(-1.1290183e-05 -5.2947703e-06 1.9177478e-13)
(-1.1371917e-05 -6.2473006e-06 2.3167889e-13)
(-1.1429808e-05 -7.205042e-06 2.2519847e-13)
(-1.1452411e-05 -8.1641471e-06 2.2525371e-13)
(-1.1429579e-05 -9.1050177e-06 2.1926144e-13)
(-1.1353001e-05 -1.0016256e-05 2.0879899e-13)
(-1.1216468e-05 -1.0890439e-05 1.9702402e-13)
(-1.101583e-05 -1.1711846e-05 1.7500542e-13)
(-1.0748889e-05 -1.2469469e-05 1.4283202e-13)
(-1.0415154e-05 -1.3162696e-05 1.1105686e-13)
(-1.0015368e-05 -1.3784914e-05 8.5500669e-14)
(-9.5519186e-06 -1.433129e-05 6.553666e-14)
(-9.0300266e-06 -1.4792512e-05 4.9554313e-14)
(-8.4560169e-06 -1.5180697e-05 3.667033e-14)
(-7.8348883e-06 -1.5558521e-05 2.7621922e-14)
(-7.1718679e-06 -1.590305e-05 2.2001329e-14)
(-6.4728854e-06 -1.6145498e-05 1.8059814e-14)
(-5.7438869e-06 -1.6288472e-05 1.4760435e-14)
(-4.9912626e-06 -1.6346079e-05 1.1982031e-14)
(-4.2219083e-06 -1.6319293e-05 9.9095136e-15)
(-3.4425313e-06 -1.6211586e-05 8.4588309e-15)
(-2.6597114e-06 -1.5894953e-05 6.4328216e-15)
(-1.879778e-06 -1.60409e-05 1.1911503e-14)
(-1.1098054e-06 -1.4935616e-05 -4.1173497e-14)
(-3.5660049e-07 -1.4910168e-05 -5.3522849e-15)
(-9.5871657e-06 -4.9951739e-06 -2.8561812e-14)
(-9.6651928e-06 -5.9063881e-06 1.2235853e-13)
(-9.7242979e-06 -6.7990901e-06 1.5809766e-13)
(-9.7546868e-06 -7.6888089e-06 1.7880309e-13)
(-9.7475732e-06 -8.5601274e-06 1.9160964e-13)
(-9.6955463e-06 -9.4085733e-06 1.9093364e-13)
(-9.5928315e-06 -1.0236186e-05 1.8843641e-13)
(-9.4353186e-06 -1.1031207e-05 1.8696827e-13)
(-9.2205662e-06 -1.1782584e-05 1.8158709e-13)
(-8.9477951e-06 -1.2482168e-05 1.7351551e-13)
(-8.6175174e-06 -1.3121741e-05 1.6142136e-13)
(-8.231197e-06 -1.3688005e-05 1.4485894e-13)
(-7.7923039e-06 -1.4179508e-05 1.2855414e-13)
(-7.3051836e-06 -1.4592771e-05 1.1135157e-13)
(-6.7746865e-06 -1.4914608e-05 9.3121527e-14)
(-6.2067593e-06 -1.5157601e-05 7.7192203e-14)
(-5.6062818e-06 -1.5347283e-05 6.4657505e-14)
(-4.9782685e-06 -1.5482679e-05 5.4373352e-14)
(-4.3286501e-06 -1.5545982e-05 4.5868279e-14)
(-3.6632239e-06 -1.5523977e-05 3.9197035e-14)
(-2.9879326e-06 -1.542073e-05 3.4067184e-14)
(-2.308517e-06 -1.5125132e-05 2.9090011e-14)
(-1.6311976e-06 -1.5258524e-05 3.3774354e-14)
(-9.6307629e-07 -1.4219127e-05 -1.6616791e-14)
(-3.1080834e-07 -1.4178177e-05 1.3833064e-14)
(-7.9883307e-06 -4.5443316e-06 -2.3727096e-14)
(-8.0650095e-06 -5.4033456e-06 1.4318504e-13)
(-8.1276353e-06 -6.2509242e-06 2.0426716e-13)
(-8.1674207e-06 -7.0561691e-06 1.7703954e-13)
(-8.1764412e-06 -7.8407285e-06 1.4552156e-13)
(-8.148009e-06 -8.6104919e-06 1.3233501e-13)
(-8.0768068e-06 -9.3561739e-06 1.2035321e-13)
(-7.9589784e-06 -1.0081626e-05 1.1613723e-13)
(-7.7920658e-06 -1.0775861e-05 1.185659e-13)
(-7.5750571e-06 -1.1443151e-05 1.2963848e-13)
(-7.3082014e-06 -1.2054237e-05 1.309441e-13)
(-6.9927815e-06 -1.2589099e-05 1.1862365e-13)
(-6.6310359e-06 -1.3071016e-05 1.1056223e-13)
(-6.2260221e-06 -1.3483953e-05 1.0395319e-13)
(-5.7818432e-06 -1.3809707e-05 9.3590615e-14)
(-5.3029646e-06 -1.40638e-05 8.4386547e-14)
(-4.7940961e-06 -1.4258479e-05 7.846765e-14)
(-4.2602691e-06 -1.4378013e-05 7.4118929e-14)
(-3.7067235e-06 -1.4424409e-05 7.0300528e-14)
(-3.1384481e-06 -1.4406118e-05 6.621493e-14)
(-2.5606646e-06 -1.4319163e-05 6.1476927e-14)
(-1.9785285e-06 -1.4077769e-05 5.6163775e-14)
(-1.3976181e-06 -1.4205558e-05 5.9186596e-14)
(-8.2506742e-07 -1.3260057e-05 1.0884954e-14)
(-2.6775545e-07 -1.3221054e-05 3.3690941e-14)
(-6.5174687e-06 -4.0952331e-06 8.5041135e-14)
(-6.5940413e-06 -4.8442877e-06 1.7333527e-13)
(-6.6608459e-06 -5.6150499e-06 2.2294818e-13)
(-6.7101353e-06 -6.3895489e-06 2.3271836e-13)
(-6.7348108e-06 -7.1412038e-06 2.1772241e-13)
(-6.7286493e-06 -7.8497707e-06 1.9216424e-13)
(-6.6866301e-06 -8.5151266e-06 1.5655217e-13)
(-6.6050756e-06 -9.15006e-06 1.2086267e-13)
(-6.4816196e-06 -9.7541529e-06 9.2766767e-14)
(-6.3151008e-06 -1.0319707e-05 7.371516e-14)
(-6.1054392e-06 -1.0838501e-05 6.0859521e-14)
(-5.8535351e-06 -1.1312842e-05 5.2616889e-14)
(-5.5611259e-06 -1.1747668e-05 5.3217141e-14)
(-5.2306383e-06 -1.2131696e-05 6.1289019e-14)
(-4.8652182e-06 -1.245838e-05 7.0770343e-14)
(-4.4684089e-06 -1.2725384e-05 7.7436434e-14)
(-4.044403e-06 -1.2921783e-05 7.9611331e-14)
(-3.5977258e-06 -1.3044707e-05 7.9416379e-14)
(-3.1327202e-06 -1.310094e-05 7.8066491e-14)
(-2.654025e-06 -1.3090318e-05 7.5211345e-14)
(-2.1662442e-06 -1.3011906e-05 7.1425807e-14)
(-1.6741357e-06 -1.280001e-05 6.7501614e-14)
(-1.1824595e-06 -1.29092e-05 6.8680087e-14)
(-6.9759704e-07 -1.2014519e-05 1.7472298e-14)
(-2.2631925e-07 -1.2009548e-05 4.1852896e-14)
(-5.1847136e-06 -3.7196752e-06 1.4255423e-13)
(-5.2623221e-06 -4.3691063e-06 1.8796753e-13)
(-5.3334702e-06 -5.02259e-06 2.0601302e-13)
(-5.3916252e-06 -5.6859565e-06 2.1326196e-13)
(-5.4305693e-06 -6.3525398e-06 2.0615203e-13)
(-5.4446937e-06 -7.0094958e-06 1.8827923e-13)
(-5.4292699e-06 -7.6319072e-06 1.6265001e-13)
(-5.3806655e-06 -8.2173737e-06 1.2952657e-13)
(-5.2965012e-06 -8.7635537e-06 9.084438e-14)
(-5.175423e-06 -9.2578171e-06 6.0046613e-14)
(-5.0170178e-06 -9.7139556e-06 4.9905267e-14)
(-4.8218423e-06 -1.0132374e-05 5.4367916e-14)
(-4.5912769e-06 -1.0505979e-05 6.1040957e-14)
(-4.3273136e-06 -1.0835354e-05 6.5862352e-14)
(-4.0324979e-06 -1.1112571e-05 6.9399016e-14)
(-3.7098579e-06 -1.1335079e-05 7.1369476e-14)
(-3.3628734e-06 -1.1501066e-05 7.1134858e-14)
(-2.9952942e-06 -1.1610609e-05 6.9449324e-14)
(-2.6109544e-06 -1.1662311e-05 6.7692681e-14)
(-2.2139265e-06 -1.1654542e-05 6.6121518e-14)
(-1.8083351e-06 -1.1584544e-05 6.3968659e-14)
(-1.398371e-06 -1.1395402e-05 6.1257728e-14)
(-9.8831902e-07 -1.150767e-05 6.2988756e-14)
(-5.8248597e-07 -1.0699038e-05 1.4889212e-14)
(-1.8608251e-07 -1.0705533e-05 3.9109653e-14)
(-3.9910611e-06 -3.302238e-06 -2.3554156e-14)
(-4.0705962e-06 -3.877771e-06 3.5681251e-14)
(-4.146468e-06 -4.4463147e-06 5.9738004e-14)
(-4.212989e-06 -5.0056365e-06 8.2293246e-14)
(-4.2647101e-06 -5.5611596e-06 9.6256176e-14)
(-4.2967056e-06 -6.1237839e-06 9.7339938e-14)
(-4.3047506e-06 -6.6936011e-06 9.6697839e-14)
(-4.2853929e-06 -7.2480122e-06 1.0602995e-13)
(-4.2361835e-06 -7.765571e-06 1.1856967e-13)
(-4.1555376e-06 -8.2412554e-06 1.2088787e-13)
(-4.0428604e-06 -8.6664139e-06 1.1405048e-13)
(-3.8983749e-06 -9.0365722e-06 1.0522223e-13)
(-3.7230076e-06 -9.353802e-06 9.5614657e-14)
(-3.5183641e-06 -9.6262998e-06 8.6442517e-14)
(-3.2865488e-06 -9.8544204e-06 7.8865881e-14)
(-3.0301005e-06 -1.0034666e-05 7.2485102e-14)
(-2.7519101e-06 -1.0168356e-05 6.7036766e-14)
(-2.4551406e-06 -1.0255123e-05 6.234414e-14)
(-2.1431649e-06 -1.0291175e-05 5.8636846e-14)
(-1.8194998e-06 -1.0275697e-05 5.5855397e-14)
(-1.4877517e-06 -1.0205029e-05 5.308442e-14)
(-1.1515478e-06 -1.0030186e-05 5.0191092e-14)
(-8.1462909e-07 -1.0137099e-05 5.1932281e-14)
(-4.7944989e-07 -9.3864485e-06 6.9344855e-15)
(-1.498122e-07 -9.4016871e-06 3.0369813e-14)
(-2.9324815e-06 -2.8398798e-06 -3.8337291e-13)
(-3.0142618e-06 -3.3473726e-06 -2.2487139e-13)
(-3.0948931e-06 -3.8445254e-06 -1.4546999e-13)
(-3.1692886e-06 -4.3400699e-06 -7.8833541e-14)
(-3.2326138e-06 -4.8372241e-06 -7.523814e-15)
(-3.2804633e-06 -5.3306837e-06 5.8836613e-14)
(-3.3090461e-06 -5.8253033e-06 1.0781337e-13)
(-3.3152993e-06 -6.3006781e-06 1.3095428e-13)
(-3.2967841e-06 -6.7546954e-06 1.393977e-13)
(-3.2518457e-06 -7.1900457e-06 1.4120555e-13)
(-3.1796362e-06 -7.5835638e-06 1.3571371e-13)
(-3.0800413e-06 -7.9286651e-06 1.2579995e-13)
(-2.9536103e-06 -8.2257651e-06 1.1329765e-13)
(-2.801538e-06 -8.4744989e-06 9.985093e-14)
(-2.6255276e-06 -8.6753138e-06 8.7168642e-14)
(-2.427667e-06 -8.8314038e-06 7.6591254e-14)
(-2.210379e-06 -8.9453817e-06 6.856299e-14)
(-1.9763571e-06 -9.0151707e-06 6.2101466e-14)
(-1.7285024e-06 -9.0388647e-06 5.6352731e-14)
(-1.4698395e-06 -9.0176176e-06 5.1320857e-14)
(-1.2034661e-06 -8.9495703e-06 4.6951262e-14)
(-9.324857e-07 -8.7919284e-06 4.3395522e-14)
(-6.6000305e-07 -8.8921003e-06 4.4893474e-14)
(-3.8760126e-07 -8.2041511e-06 3.6693515e-15)
(-1.1900713e-07 -8.2468584e-06 2.6594681e-14)
(-2.0020855e-06 -2.4219053e-06 -6.2246644e-13)
(-2.0861736e-06 -2.9030425e-06 -2.7755477e-13)
(-2.171392e-06 -3.3804417e-06 -6.2630164e-14)
(-2.253178e-06 -3.8347365e-06 3.8242727e-14)
(-2.3271505e-06 -4.269233e-06 8.2776608e-14)
(-2.3893124e-06 -4.6864969e-06 1.1056798e-13)
(-2.4361657e-06 -5.0701621e-06 1.2203159e-13)
(-2.4648582e-06 -5.43228e-06 1.2235943e-13)
(-2.4730681e-06 -5.7913418e-06 1.2100497e-13)
(-2.4592631e-06 -6.1448329e-06 1.1820722e-13)
(-2.4223853e-06 -6.4799605e-06 1.1212331e-13)
(-2.3620202e-06 -6.7886364e-06 1.0438579e-13)
(-2.278421e-06 -7.0684397e-06 9.5975689e-14)
(-2.1724352e-06 -7.3045626e-06 8.6504365e-14)
(-2.0453511e-06 -7.4928913e-06 7.6846555e-14)
(-1.8988653e-06 -7.6399384e-06 6.8291691e-14)
(-1.734995e-06 -7.7449713e-06 6.0852318e-14)
(-1.5560166e-06 -7.8073939e-06 5.4357233e-14)
(-1.3643886e-06 -7.8279806e-06 4.8530632e-14)
(-1.1626882e-06 -7.8099242e-06 4.3448515e-14)
(-9.5355248e-07 -7.751573e-06 3.9036664e-14)
(-7.3961432e-07 -7.6142635e-06 3.5327946e-14)
(-5.2348179e-07 -7.7079979e-06 3.7018657e-14)
(-3.0654117e-07 -7.0963109e-06 1.1739981e-15)
(-9.2650422e-08 -7.1391289e-06 2.1197197e-14)
(-1.1921733e-06 -2.205311e-06 -1.4000515e-13)
(-1.2786893e-06 -2.5902735e-06 1.0728418e-14)
(-1.3683567e-06 -2.9734347e-06 9.5524231e-14)
(-1.4570715e-06 -3.3428885e-06 1.2358788e-13)
(-1.5408294e-06 -3.6920307e-06 1.1676155e-13)
(-1.615934e-06 -4.0257679e-06 1.038275e-13)
(-1.6790932e-06 -4.3380976e-06 9.0662661e-14)
(-1.7274799e-06 -4.6324271e-06 7.9241567e-14)
(-1.7589046e-06 -4.9052475e-06 6.9666317e-14)
(-1.7718132e-06 -5.1649328e-06 6.1927837e-14)
(-1.7652078e-06 -5.4311133e-06 5.7683883e-14)
(-1.7385937e-06 -5.6930507e-06 5.5446744e-14)
(-1.6919567e-06 -5.9212158e-06 5.2065394e-14)
(-1.6257893e-06 -6.1189026e-06 4.8818957e-14)
(-1.5410398e-06 -6.2984262e-06 4.7015302e-14)
(-1.4390664e-06 -6.4502324e-06 4.5322231e-14)
(-1.3215283e-06 -6.5616656e-06 4.27107e-14)
(-1.1903076e-06 -6.6304577e-06 3.9529025e-14)
(-1.0474727e-06 -6.6631573e-06 3.6480744e-14)
(-8.9520557e-07 -6.6609851e-06 3.3663162e-14)
(-7.3574891e-07 -6.6198668e-06 3.084209e-14)
(-5.7133277e-07 -6.5076808e-06 2.8089845e-14)
(-4.0418844e-07 -6.5996513e-06 3.0197352e-14)
(-2.3587891e-07 -6.0534664e-06 -1.517475e-15)
(-7.0301295e-08 -6.1032262e-06 1.7040472e-14)
(-4.9570701e-07 -1.8036447e-06 -2.0874785e-13)
(-5.847054e-07 -2.1116025e-06 -1.0486593e-13)
(-6.785095e-07 -2.4130294e-06 -5.44867e-14)
(-7.7341639e-07 -2.7133807e-06 -2.9854304e-14)
(-8.657712e-07 -3.0107886e-06 -1.6748092e-14)
(-9.5213981e-07 -3.2993295e-06 -7.5360346e-15)
(-1.029407e-06 -3.5772462e-06 5.9269684e-16)
(-1.0948679e-06 -3.8424881e-06 6.4493851e-15)
(-1.1463585e-06 -4.0904401e-06 1.0141576e-14)
(-1.1822156e-06 -4.3170071e-06 1.1924106e-14)
(-1.2014208e-06 -4.5242431e-06 1.2620177e-14)
(-1.2034658e-06 -4.7252854e-06 1.4545641e-14)
(-1.1882473e-06 -4.9240658e-06 1.7980122e-14)
(-1.156016e-06 -5.1050714e-06 2.127082e-14)
(-1.107429e-06 -5.2555907e-06 2.3351239e-14)
(-1.043536e-06 -5.3732433e-06 2.410796e-14)
(-9.6566724e-07 -5.4660293e-06 2.4461636e-14)
(-8.753732e-07 -5.5353773e-06 2.4699366e-14)
(-7.7438935e-07 -5.5781769e-06 2.4733304e-14)
(-6.6457472e-07 -5.5918097e-06 2.4513632e-14)
(-5.4783436e-07 -5.5692186e-06 2.3743582e-14)
(-4.2606863e-07 -5.4809999e-06 2.246791e-14)
(-3.012184e-07 -5.5735294e-06 2.5332621e-14)
(-1.7497964e-07 -5.0923679e-06 -2.632937e-15)
(-5.1183316e-08 -5.1591943e-06 1.457529e-14)
(9.4375073e-08 -1.3872553e-06 -5.3358949e-13)
(3.190566e-09 -1.6358913e-06 -3.6114159e-13)
(-9.4117752e-08 -1.8883309e-06 -2.5745378e-13)
(-1.9419314e-07 -2.1452934e-06 -1.8865584e-13)
(-2.9371734e-07 -2.4041186e-06 -1.3868737e-13)
(-3.8950145e-07 -2.6560337e-06 -1.0070574e-13)
(-4.786105e-07 -2.9006397e-06 -7.1076849e-14)
(-5.58483e-07 -3.1380808e-06 -4.7910175e-14)
(-6.2697939e-07 -3.361296e-06 -3.1130678e-14)
(-6.8242318e-07 -3.5670913e-06 -1.9375243e-14)
(-7.2365319e-07 -3.7538528e-06 -1.1253966e-14)
(-7.4999945e-07 -3.9182954e-06 -5.7706219e-15)
(-7.6127397e-07 -4.0656189e-06 -1.2514901e-15)
(-7.5763523e-07 -4.2079725e-06 3.715568e-15)
(-7.3956537e-07 -4.3376304e-06 8.2104008e-15)
(-7.078309e-07 -4.4420329e-06 1.1390221e-14)
(-6.6347321e-07 -4.5230041e-06 1.3767808e-14)
(-6.0778657e-07 -4.5817575e-06 1.5607566e-14)
(-5.4222816e-07 -4.6145505e-06 1.677173e-14)
(-4.6838469e-07 -4.6213245e-06 1.7428753e-14)
(-3.8789196e-07 -4.6040062e-06 1.7842442e-14)
(-3.0241284e-07 -4.5369417e-06 1.8019055e-14)
(-2.1369538e-07 -4.6250995e-06 2.1744645e-14)
(-1.2330937e-07 -4.2104127e-06 -1.5307888e-15)
(-3.4846961e-08 -4.2817638e-06 1.3338299e-14)
(5.8599803e-07 -1.1091894e-06 -6.4681462e-13)
(4.9303249e-07 -1.3124739e-06 -4.441064e-13)
(3.9283457e-07 -1.5199948e-06 -3.2010058e-13)
(2.8848894e-07 -1.7225845e-06 -2.3915345e-13)
(1.83074e-07 -1.9204203e-06 -1.8042175e-13)
(7.9557891e-08 -2.1217746e-06 -1.3398356e-13)
(-1.9310604e-08 -2.3243985e-06 -9.7951717e-14)
(-1.1109842e-07 -2.5268814e-06 -6.8638172e-14)
(-1.9372686e-07 -2.7221403e-06 -4.587191e-14)
(-2.6551247e-07 -2.9010297e-06 -3.0101739e-14)
(-3.2519544e-07 -3.0630278e-06 -1.9251842e-14)
(-3.7196704e-07 -3.2060529e-06 -1.1868017e-14)
(-4.0544445e-07 -3.3300466e-06 -6.5333416e-15)
(-4.2565204e-07 -3.4360284e-06 -2.2886364e-15)
(-4.3295888e-07 -3.5286282e-06 1.5334246e-15)
(-4.2795094e-07 -3.6127406e-06 5.2712663e-15)
(-4.1147957e-07 -3.6801351e-06 8.3467111e-15)
(-3.8459695e-07 -3.7250527e-06 1.054038e-14)
(-3.4853691e-07 -3.7488129e-06 1.206923e-14)
(-3.046484e-07 -3.7522981e-06 1.3098656e-14)
(-2.543644e-07 -3.7355779e-06 1.3747647e-14)
(-1.9917942e-07 -3.6766583e-06 1.4037001e-14)
(-1.406946e-07 -3.7485521e-06 1.7523466e-14)
(-8.0283363e-08 -3.408982e-06 -4.8378283e-16)
(-2.1299037e-08 -3.4635005e-06 1.0424926e-14)
(9.8631545e-07 -9.3269473e-07 -5.1150559e-13)
(8.9181463e-07 -1.0986647e-06 -3.3548804e-13)
(7.8916956e-07 -1.2618979e-06 -2.3348801e-13)
(6.8126036e-07 -1.4199845e-06 -1.6906584e-13)
(5.7098452e-07 -1.5758422e-06 -1.2175561e-13)
(4.6113505e-07 -1.7344425e-06 -8.474116e-14)
(3.543069e-07 -1.891971e-06 -5.8865455e-14)
(2.528351e-07 -2.0377001e-06 -4.2773261e-14)
(1.5873749e-07 -2.1801639e-06 -3.025116e-14)
(7.3692806e-08 -2.3227928e-06 -1.9292266e-14)
(-9.9954216e-10 -2.4536782e-06 -1.1408682e-14)
(-6.4429662e-08 -2.5698314e-06 -6.0936515e-15)
(-1.1607839e-07 -2.6697692e-06 -2.2663501e-15)
(-1.5580856e-07 -2.7535192e-06 8.9747157e-16)
(-1.8380547e-07 -2.8236054e-06 3.7931395e-15)
(-2.0054616e-07 -2.8803283e-06 6.3059245e-15)
(-2.0673841e-07 -2.9264547e-06 8.4878293e-15)
(-2.0326648e-07 -2.9604531e-06 1.0271247e-14)
(-1.9117812e-07 -2.9777825e-06 1.15174e-14)
(-1.7164136e-07 -2.9787143e-06 1.230906e-14)
(-1.459197e-07 -2.9621539e-06 1.2640998e-14)
(-1.1535973e-07 -2.9075491e-06 1.2416881e-14)
(-8.14243e-08 -2.9635415e-06 1.4989299e-14)
(-4.5387497e-08 -2.6846489e-06 -2.4798707e-16)
(-1.0483196e-08 -2.7272971e-06 8.2025568e-15)
(1.301379e-06 -7.8169163e-07 -3.4848046e-13)
(1.2055381e-06 -9.2122356e-07 -1.8614711e-13)
(1.1008307e-06 -1.0592852e-06 -9.216434e-14)
(9.8997965e-07 -1.1938203e-06 -3.6122031e-14)
(8.7573269e-07 -1.3209451e-06 -7.0358471e-15)
(7.6075494e-07 -1.4377587e-06 5.2526805e-15)
(6.4755027e-07 -1.5437054e-06 9.4048006e-15)
(5.3839416e-07 -1.6420196e-06 8.6842745e-15)
(4.3526583e-07 -1.7312555e-06 5.427944e-15)
(3.3982422e-07 -1.8203452e-06 4.6217651e-15)
(2.5337776e-07 -1.9137453e-06 6.9065814e-15)
(1.7688285e-07 -2.0016786e-06 9.0917112e-15)
(1.1095221e-07 -2.0769648e-06 1.0506748e-14)
(5.5853518e-08 -2.1385364e-06 1.1709446e-14)
(1.1539224e-08 -2.1905785e-06 1.2933947e-14)
(-2.2331729e-08 -2.2326969e-06 1.3928382e-14)
(-4.6330178e-08 -2.2637732e-06 1.4490992e-14)
(-6.1231939e-08 -2.28387e-06 1.479183e-14)
(-6.7948713e-08 -2.2937783e-06 1.4974348e-14)
(-6.7518162e-08 -2.2916611e-06 1.4914862e-14)
(-6.1071108e-08 -2.2761642e-06 1.457067e-14)
(-4.9819634e-08 -2.2296867e-06 1.3859511e-14)
(-3.5091974e-08 -2.2735518e-06 1.5570936e-14)
(-1.8133221e-08 -2.0603587e-06 3.409391e-15)
(-2.0626926e-09 -2.0926265e-06 9.2443475e-15)
(1.5309825e-06 -5.5730172e-07 -3.809134e-13)
(1.4341547e-06 -6.5692161e-07 -2.1485214e-13)
(1.3279313e-06 -7.5373968e-07 -1.2131773e-13)
(1.2149176e-06 -8.4837001e-07 -6.6141118e-14)
(1.0977558e-06 -9.3984584e-07 -3.5050631e-14)
(9.7902936e-07 -1.0244638e-06 -1.857293e-14)
(8.6117228e-07 -1.1036149e-06 -8.4318698e-15)
(7.46421e-07 -1.1838022e-06 2.604988e-16)
(6.3673822e-07 -1.2615679e-06 7.6768662e-15)
(5.3376223e-07 -1.3314314e-06 1.2522589e-14)
(4.3880249e-07 -1.3974413e-06 1.6377648e-14)
(3.5284252e-07 -1.458671e-06 1.9919298e-14)
(2.7654938e-07 -1.5118435e-06 2.1589343e-14)
(2.1027529e-07 -1.557222e-06 2.1682156e-14)
(1.5406755e-07 -1.594205e-06 2.1203073e-14)
(1.0769132e-07 -1.6235319e-06 2.0433495e-14)
(7.0677928e-08 -1.6442718e-06 1.9499578e-14)
(4.2359957e-08 -1.6550378e-06 1.8561854e-14)
(2.1915957e-08 -1.6562861e-06 1.7677845e-14)
(8.4004358e-09 -1.650621e-06 1.6881504e-14)
(7.7375708e-10 -1.6384733e-06 1.6172416e-14)
(-2.0802228e-09 -1.6052035e-06 1.5394689e-14)
(-1.4165328e-09 -1.6359693e-06 1.6376719e-14)
(1.6626395e-09 -1.4879642e-06 7.7310254e-15)
(4.2747519e-09 -1.509323e-06 1.0835826e-14)
(1.6851984e-06 -2.9082479e-07 -5.3356398e-13)
(1.5875979e-06 -3.4752231e-07 -3.4697649e-13)
(1.48024e-06 -4.0269907e-07 -2.37589e-13)
(1.3656542e-06 -4.5730304e-07 -1.6836027e-13)
(1.2464144e-06 -5.1222145e-07 -1.2191365e-13)
(1.1250529e-06 -5.6896433e-07 -8.8976089e-14)
(1.0039715e-06 -6.2129523e-07 -6.4950016e-14)
(8.8534835e-07 -6.712797e-07 -4.612945e-14)
(7.7115933e-07 -7.2241036e-07 -3.0771535e-14)
(6.6303563e-07 -7.6748475e-07 -1.9643931e-14)
(5.6230403e-07 -8.0227968e-07 -1.2677376e-14)
(4.6997434e-07 -8.3293005e-07 -7.4710301e-15)
(3.8674349e-07 -8.6454533e-07 -3.0949281e-15)
(3.130043e-07 -8.9424771e-07 1.5273917e-16)
(2.4885568e-07 -9.1974844e-07 2.5394499e-15)
(1.9413085e-07 -9.3876786e-07 4.3119766e-15)
(1.4843151e-07 -9.4983871e-07 5.4288032e-15)
(1.111657e-07 -9.5756623e-07 6.320936e-15)
(8.1578137e-08 -9.629241e-07 7.124565e-15)
(5.8783064e-08 -9.6406505e-07 7.7974784e-15)
(4.1797674e-08 -9.6021708e-07 8.3341028e-15)
(2.9559788e-08 -9.4326117e-07 8.668694e-15)
(2.0853206e-08 -9.6293117e-07 9.8001315e-15)
(1.4761696e-08 -8.784302e-07 5.280297e-15)
(8.5823408e-09 -8.933293e-07 7.1317525e-15)
(1.7317387e-06 -1.9111764e-08 -6.2163634e-13)
(1.6346046e-06 -2.3851941e-08 -4.4486958e-13)
(1.5276506e-06 -3.2637173e-08 -3.33163e-13)
(1.4133577e-06 -4.2173383e-08 -2.5766269e-13)
(1.29425e-06 -5.2257852e-08 -2.0397953e-13)
(1.1728044e-06 -6.3124876e-08 -1.6414625e-13)
(1.0513807e-06 -7.9227015e-08 -1.3277815e-13)
(9.321693e-07 -9.2425325e-08 -1.0897027e-13)
(8.1706815e-07 -1.0038085e-07 -9.0568353e-14)
(7.0774224e-07 -1.0821505e-07 -7.5941079e-14)
(6.055416e-07 -1.138765e-07 -6.4575088e-14)
(5.1148519e-07 -1.1836461e-07 -5.5399026e-14)
(4.2626132e-07 -1.2477667e-07 -4.7264532e-14)
(3.5025175e-07 -1.3598824e-07 -3.9430784e-14)
(2.8356329e-07 -1.4144307e-07 -3.411203e-14)
(2.2605658e-07 -1.4639092e-07 -2.9539026e-14)
(1.7736922e-07 -1.5215541e-07 -2.5251367e-14)
(1.3694365e-07 -1.5743263e-07 -2.1461488e-14)
(1.0405477e-07 -1.6103471e-07 -1.8282975e-14)
(7.7849161e-08 -1.623958e-07 -1.5539471e-14)
(5.7373459e-08 -1.6214191e-07 -1.3159305e-14)
(4.1608626e-08 -1.569887e-07 -1.1137541e-14)
(2.9397057e-08 -1.6761926e-07 -8.9897767e-15)
(1.9809163e-08 -1.4258333e-07 -8.8877648e-15)
(1.0015386e-08 -1.4755661e-07 -6.1060228e-15)
)
;

boundaryField
{
    Walls
    {
        type            noSlip;
    }
    Inlet
    {
        type            pressureInletVelocity;
        value           nonuniform List<vector> 3((1.521418 -0 -0) (1.629217 -0 -0) (1.6536931 -0 -0));
    }
    Outlet
    {
        type            pressureInletOutletVelocity;
        value           nonuniform List<vector> 
86
(
(1.9958327e-06 -4.3848235e-09 -9.7312966e-12)
(1.9814939e-06 -6.6193956e-09 -7.5247315e-12)
(1.9422151e-06 -9.9731384e-09 -3.4424487e-12)
(1.8874291e-06 -1.3456582e-08 -1.6313712e-12)
(1.8167106e-06 -1.6607317e-08 -9.3813006e-13)
(1.7317387e-06 -1.9111764e-08 -6.2163634e-13)
(1.6346046e-06 -2.3851941e-08 -4.4486958e-13)
(1.5276506e-06 -3.2637173e-08 -3.33163e-13)
(1.4133577e-06 -4.2173383e-08 -2.5766269e-13)
(1.29425e-06 -5.2257852e-08 -2.0397953e-13)
(1.1728044e-06 -6.3124876e-08 -1.6414625e-13)
(1.0513807e-06 -7.9227015e-08 -1.3277815e-13)
(9.321693e-07 -9.2425325e-08 -1.0897027e-13)
(8.1706815e-07 -1.0038085e-07 -9.0568353e-14)
(7.0774224e-07 -1.0821505e-07 -7.5941079e-14)
(6.055416e-07 -1.138765e-07 -6.4575088e-14)
(5.1148519e-07 -1.1836461e-07 -5.5399026e-14)
(4.2626132e-07 -1.2477667e-07 -4.7264532e-14)
(3.5025175e-07 -1.3598824e-07 -3.9430784e-14)
(2.8356329e-07 -1.4144307e-07 -3.411203e-14)
(2.2605658e-07 -1.4639092e-07 -2.9539026e-14)
(1.7736922e-07 -1.5215541e-07 -2.5251367e-14)
(1.3694365e-07 -1.5743263e-07 -2.1461488e-14)
(1.0405477e-07 -1.6103471e-07 -1.8282975e-14)
(7.7849161e-08 -1.623958e-07 -1.5539471e-14)
(5.7373459e-08 -1.6214191e-07 -1.3159305e-14)
(4.1608626e-08 -1.569887e-07 -1.1137541e-14)
(2.9397057e-08 -1.6761926e-07 -8.9897767e-15)
(1.9809163e-08 -1.4258333e-07 -8.8877648e-15)
(1.0015386e-08 -1.4755661e-07 -6.1060228e-15)
(-3.8466484e-06 0.092190004 -8.7920932e-10)
(0.00013437987 0.069564894 -1.2098037e-09)
(6.6929936e-05 0.028422993 -1.4111747e-09)
(-2.6616547e-05 0.00052868253 -8.975367e-10)
(0 -0.0083232045 0)
(0 -0.0074266571 0)
(0 -0.0038837456 0)
(0 -0.0012537251 0)
(6.026579e-06 8.3487206e-05 5.4824903e-11)
(4.5790688e-06 0.00057560509 3.323049e-11)
(2.8750659e-06 0.00062830394 1.5906106e-11)
(1.4052644e-06 0.00049218707 5.257071e-12)
(2.9378523e-07 0.00031440958 -3.2376723e-13)
(-4.9108773e-07 0.0001583855 -2.7510657e-12)
(-9.0993304e-07 4.0910052e-05 -2.9870671e-12)
(0 -3.3531774e-05 0)
(0 -6.9650326e-05 0)
(0 -7.8632852e-05 0)
(0 -7.0963943e-05 0)
(0 -5.5270902e-05 0)
(0 -3.8623942e-05 0)
(0 -2.433804e-05 0)
(0 -1.5182437e-05 0)
(0 -9.6699796e-06 0)
(0 -7.1898297e-06 0)
(0 -7.1485612e-06 0)
(0 -8.4238783e-06 0)
(0 -1.0521455e-05 0)
(0 -1.2542303e-05 0)
(0 -1.4148132e-05 0)
(0 -1.5229037e-05 0)
(0 -1.5681123e-05 0)
(0 -1.5450386e-05 0)
(0 -1.4910168e-05 0)
(0 -1.4178177e-05 0)
(0 -1.3221054e-05 0)
(0 -1.2009548e-05 0)
(0 -1.0705533e-05 0)
(0 -9.4016871e-06 0)
(0 -8.2468584e-06 0)
(0 -7.1391289e-06 0)
(0 -6.1032262e-06 0)
(0 -5.1591943e-06 0)
(0 -4.2817638e-06 0)
(0 -3.4635005e-06 0)
(0 -2.7272971e-06 0)
(0 -2.0926265e-06 0)
(0 -1.509323e-06 0)
(0 -8.933293e-07 0)
(0 -1.4755661e-07 0)
(0 -0.0037774856 0)
(0 -0.0060455284 0)
(0 -0.0067700069 0)
(3.0663413e-05 0.00020451255 -8.9351678e-10)
(-5.7671689e-05 0.024505286 -1.5673154e-09)
(-0.00013373567 0.064956214 -1.484319e-09)
)
;
    }
    Front
    {
        type            wedge;
    }
    Back
    {
        type            wedge;
    }
    defaultFaces
    {
        type            empty;
    }
}


// ************************************************************************* //
