/*--------------------------------*- C++ -*----------------------------------*\
| =========                 |                                                 |
| \\      /  F ield         | OpenFOAM: The Open Source CFD Toolbox           |
|  \\    /   O peration     | Version:  4.0                                   |
|   \\  /    A nd           | Web:      www.OpenFOAM.org                      |
|    \\/     M anipulation  |                                                 |
\*---------------------------------------------------------------------------*/
FoamFile
{
    version     2.0;
    format      ascii;
    class       volVectorField;
    location    "0.23";
    object      U;
}
// * * * * * * * * * * * * * * * * * * * * * * * * * * * * * * * * * * * * * //

dimensions      [0 1 -1 0 0 0 0];

internalField   nonuniform List<vector> 
1740
(
(1.5272251 -0.010346712 4.4605541e-06)
(1.5473062 -0.012135102 6.9408329e-07)
(1.5767411 -0.0039032425 3.8362741e-08)
(1.6225864 -0.0068181023 7.805602e-06)
(1.549248 -0.019600221 1.7827102e-06)
(1.5730069 -0.012227984 3.0852889e-07)
(1.5797489 0.01185231 1.1781373e-05)
(1.6071712 0.0078126063 2.6750833e-06)
(1.5056386 -0.0027265576 4.6634499e-07)
(1.4588098 -0.004645762 1.3770901e-05)
(1.5968928 0.013971891 3.6290969e-06)
(1.5926384 0.0086635753 5.6502179e-07)
(1.5868591 -0.011068379 1.5027467e-05)
(1.5117276 -0.011576591 4.4221103e-06)
(1.6000432 -0.010030383 8.2142527e-07)
(1.5967723 0.013971331 1.6187805e-05)
(1.5993918 -0.0099830242 4.9828864e-06)
(1.5138783 -0.01439745 9.7325432e-07)
(1.4980223 0.0089646765 1.7117739e-05)
(1.6106718 0.019065175 5.8205534e-06)
(1.5444997 0.0037387511 1.1055263e-06)
(1.5055554 0.0079056392 1.7599086e-05)
(1.5290993 0.0086960997 6.4722961e-06)
(1.5784072 -0.0023569212 1.3517283e-06)
(1.4918964 0.017422974 1.7943498e-05)
(1.6209254 -0.0067547558 6.8608507e-06)
(1.54245 -0.010025611 1.533238e-06)
(1.484503 -0.00013224201 1.8602079e-05)
(1.6116552 -0.0048573527 7.9003333e-06)
(1.5821317 -0.0071434055 1.6583441e-06)
(1.4695559 -0.013157461 1.9305842e-05)
(1.5940027 -0.023350297 8.2905304e-06)
(1.5745267 -0.015314574 1.9707207e-06)
(1.5362174 -0.012386688 1.9823484e-05)
(1.6928143 -0.016812325 8.9470384e-06)
(1.4767676 -0.012313274 2.1597454e-06)
(1.5297596 0.0028251625 2.0457382e-05)
(1.6870786 0.026937481 9.5085464e-06)
(1.4826604 0.017184001 2.3124302e-06)
(1.4540176 0.0077608766 2.0701591e-05)
(1.5855856 0.029115322 9.9717107e-06)
(1.5722247 0.020134684 2.5127121e-06)
(1.4835636 -0.0026686118 2.0677362e-05)
(1.6024141 -0.0032091416 1.0377467e-05)
(1.5910048 -0.0048179559 2.7151735e-06)
(1.5002127 -0.019067607 2.1076421e-05)
(1.6102881 -0.0070596853 1.0919908e-05)
(1.5130736 -0.0028389355 2.853467e-06)
(1.5893915 -0.024626762 2.144167e-05)
(1.491402 -2.9074036e-05 1.1351498e-05)
(1.5941508 0.0067514803 3.0401339e-06)
(1.6842775 -0.00332822 2.1708764e-05)
(1.4710962 -0.0016949601 1.1743129e-05)
(1.5936467 0.0018476969 3.2593619e-06)
(1.6304939 0.0047082531 2.1451243e-05)
(1.46574 0.018862196 1.2067356e-05)
(1.5745646 0.011922593 3.3979636e-06)
(1.6182079 0.0084406748 2.1260401e-05)
(1.4513327 0.022638272 1.2365172e-05)
(1.645642 0.012016426 3.5739841e-06)
(1.6018149 0.020764394 2.1473091e-05)
(1.4418753 -0.003263876 1.2732501e-05)
(1.6587569 -0.010836263 3.7591943e-06)
(1.4932964 0.0041983983 2.2101507e-05)
(1.5511787 -0.0082410997 1.3192137e-05)
(1.5775147 -0.011620896 3.9124841e-06)
(1.5247657 -0.0067519235 2.2163698e-05)
(1.5247058 -0.00061569952 1.3537833e-05)
(1.5525929 0.0063450134 4.0483448e-06)
(1.5418864 0.015127079 2.1772939e-05)
(1.5162759 -0.0039718249 1.3763329e-05)
(1.6384942 -0.0057443142 4.2112562e-06)
(1.4805388 0.0011625976 2.209024e-05)
(1.5540333 -0.014795172 1.4117061e-05)
(1.5579192 -0.010416296 4.3980074e-06)
(1.5111999 -0.015980619 2.2608655e-05)
(1.5132546 -0.0094607828 1.4334462e-05)
(1.5381539 -0.0019935507 4.556967e-06)
(1.5918509 0.00018519787 2.262159e-05)
(1.5180989 0.0010238092 1.4597396e-05)
(1.5518692 0.0055225766 4.7152297e-06)
(1.5389175 0.012098267 2.2846229e-05)
(1.4712139 0.0099650978 1.4874085e-05)
(1.5633147 -0.0025410896 4.875949e-06)
(1.3781938 0.01039772 2.2420077e-05)
(1.4536585 -0.011483028 1.4982548e-05)
(1.5557821 -0.0061528204 4.8653904e-06)
(1.2531201 0.027711619 2.3460504e-05)
(1.3139993 0.083410358 1.5647899e-05)
(1.3773947 0.051327917 5.5361228e-06)
(0.81896683 0.35754198 1.1855359e-05)
(0.7991711 0.92964388 9.853709e-06)
(0.7457112 1.2544409 5.3726976e-06)
(0.21463856 0.10811033 1.4766063e-06)
(0.18798065 0.36285053 2.9987288e-06)
(0.092758796 0.49780775 6.7409297e-07)
(-0.029226111 -0.01426375 1.238228e-06)
(-0.025575647 -0.028601838 1.6976247e-06)
(-0.016182037 -0.03237743 6.1599773e-07)
(-0.0057313454 -0.0030447336 4.6571688e-07)
(-0.0049560592 -0.0076652906 7.6659812e-07)
(-0.0038642995 -0.0099763829 3.8239379e-07)
(-0.0006237227 -0.00017781968 1.3070086e-07)
(-0.00030717066 -0.0006365669 2.7398464e-07)
(2.0962331e-05 -0.00096701273 1.5564093e-07)
(4.2659511e-05 -2.7446922e-05 3.4491569e-08)
(0.00017836642 -4.0311081e-05 8.2674827e-08)
(0.00039188851 -6.294923e-06 3.8405593e-08)
(0.00012635658 2.0821558e-06 4.5377604e-09)
(0.00023529569 2.9762963e-05 1.324209e-08)
(0.00039987913 0.00011870995 -9.7372082e-09)
(0.00010882569 1.8847648e-05 -5.0976009e-09)
(0.00018016674 7.4777098e-05 -9.8346912e-09)
(0.00029416474 0.0001629734 -2.4622882e-08)
(7.4404175e-05 1.3110939e-05 -6.1737609e-09)
(0.00011924134 5.003312e-05 -1.3528147e-08)
(0.00019399981 0.00010651507 -2.3781777e-08)
(4.52205e-05 8.7508175e-07 -4.2210276e-09)
(7.3482747e-05 1.1221443e-05 -1.0188831e-08)
(0.00012278264 3.2362901e-05 -1.7250029e-08)
(3.6473546e-05 -7.9994768e-06 -2.0750623e-09)
(5.4747576e-05 -1.370701e-05 -5.8930195e-09)
(8.7805936e-05 -1.4698941e-05 -1.0492593e-08)
(4.0418242e-05 -7.8897386e-06 -8.7734029e-10)
(5.2637739e-05 -1.5339199e-05 -2.9510329e-09)
(7.5209991e-05 -1.9338433e-05 -5.678234e-09)
(4.5733382e-05 -3.4649674e-06 -4.6077361e-10)
(5.4186886e-05 -5.6637896e-06 -1.458322e-09)
(7.0069227e-05 -5.2792458e-06 -2.9000359e-09)
(4.7753082e-05 1.8124558e-07 -3.5118438e-10)
(5.3781966e-05 2.2793621e-06 -8.1479078e-10)
(6.5244223e-05 4.7979321e-06 -1.4867477e-09)
(4.6075118e-05 1.2234501e-06 -2.9236136e-10)
(5.0476298e-05 4.0745384e-06 -5.1565968e-10)
(5.890328e-05 8.030463e-06 -7.9536276e-10)
(4.2032025e-05 1.1950359e-06 -2.2823228e-10)
(4.5313294e-05 4.4070895e-06 -3.4078146e-10)
(5.1627289e-05 8.4761895e-06 -4.3885129e-10)
(3.7080348e-05 1.3155544e-06 -1.6518417e-10)
(3.957131e-05 4.3339023e-06 -2.1888193e-10)
(4.4364937e-05 7.8990443e-06 -2.4029869e-10)
(3.2003535e-05 1.3895826e-06 -1.1177844e-10)
(3.3909002e-05 4.1526022e-06 -1.3328454e-10)
(3.7571129e-05 7.4286528e-06 -1.268539e-10)
(2.6991264e-05 1.4444575e-06 -7.9540001e-11)
(2.8457097e-05 4.0755187e-06 -8.4118217e-11)
(3.1272001e-05 7.0186467e-06 -6.5973215e-11)
(2.203455e-05 1.4715949e-06 -6.1590286e-11)
(2.3172885e-05 3.9995966e-06 -6.0162456e-11)
(2.5359206e-05 6.7036594e-06 -3.8084845e-11)
(1.714841e-05 1.4859263e-06 -5.2842066e-11)
(1.8041294e-05 3.9209892e-06 -5.0894101e-11)
(1.9760489e-05 6.5525304e-06 -2.8262089e-11)
(1.2387357e-05 1.467218e-06 -4.8329787e-11)
(1.3092932e-05 3.8282416e-06 -4.8653826e-11)
(1.4461027e-05 6.3065901e-06 -2.6664328e-11)
(7.8141277e-06 1.4308451e-06 -4.4763852e-11)
(8.374857e-06 3.6985086e-06 -4.7892725e-11)
(9.4769215e-06 6.1697249e-06 -2.7335061e-11)
(3.4875473e-06 1.3262787e-06 -3.9651207e-11)
(3.9355414e-06 3.5129163e-06 -4.5994161e-11)
(4.8346132e-06 5.688415e-06 -2.7504029e-11)
(-5.3943052e-07 1.2563351e-06 -3.5788754e-11)
(-1.8121478e-07 3.1143729e-06 -4.3379645e-11)
(5.6153816e-07 5.0310788e-06 -2.6908148e-11)
(-4.2265021e-06 1.0598945e-06 -3.3212703e-11)
(-3.9404945e-06 2.754645e-06 -4.2257462e-11)
(-3.3192574e-06 4.5369704e-06 -2.694835e-11)
(-7.5442845e-06 9.57454e-07 -3.087865e-11)
(-7.3160113e-06 2.488709e-06 -3.9856997e-11)
(-6.7902988e-06 4.0877991e-06 -2.626693e-11)
(-1.0472822e-05 8.5789066e-07 -2.9056538e-11)
(-1.029157e-05 2.2155908e-06 -3.7701594e-11)
(-9.8414732e-06 3.6071283e-06 -2.5418842e-11)
(-1.3014218e-05 7.4442703e-07 -2.7853938e-11)
(-1.287063e-05 1.9201628e-06 -3.6103926e-11)
(-1.2479302e-05 3.1048391e-06 -2.4905401e-11)
(-1.5192789e-05 5.9625014e-07 -2.7137862e-11)
(-1.5078379e-05 1.5744595e-06 -3.4939777e-11)
(-1.4731049e-05 2.5678108e-06 -2.4588728e-11)
(-1.7032065e-05 5.0230046e-07 -2.6770641e-11)
(-1.6940745e-05 1.3346844e-06 -3.3821764e-11)
(-1.6627379e-05 2.1735404e-06 -2.4220323e-11)
(-1.8541167e-05 4.0596972e-07 -2.6483847e-11)
(-1.8469362e-05 1.0876457e-06 -3.2742895e-11)
(-1.8184683e-05 1.7577739e-06 -2.3722843e-11)
(-1.9730075e-05 3.0939528e-07 -2.6299192e-11)
(-1.9674649e-05 8.4245573e-07 -3.1836926e-11)
(-1.9414359e-05 1.3558569e-06 -2.3370445e-11)
(-2.0623329e-05 2.1680032e-07 -2.6115848e-11)
(-2.0580878e-05 6.236098e-07 -3.0941053e-11)
(-2.0340307e-05 1.0026046e-06 -2.3023158e-11)
(-2.1254797e-05 1.3947261e-07 -2.6056034e-11)
(-2.1222564e-05 4.277532e-07 -2.9897919e-11)
(-2.0998122e-05 6.8560935e-07 -2.2480294e-11)
(-2.1659735e-05 6.9925685e-08 -2.5803453e-11)
(-2.1635801e-05 2.5998902e-07 -2.8902186e-11)
(-2.1425189e-05 4.1608722e-07 -2.1904532e-11)
(-2.1872569e-05 1.3449064e-08 -2.5816242e-11)
(-2.1855395e-05 1.1990691e-07 -2.819932e-11)
(-2.1656878e-05 1.8660327e-07 -2.1520546e-11)
(-2.1926476e-05 -3.2797565e-08 -2.5820162e-11)
(-2.1914792e-05 3.0268022e-09 -2.7593175e-11)
(-2.1726965e-05 -3.5729482e-09 -2.1247571e-11)
(-2.1853094e-05 -6.8646184e-08 -2.5809376e-11)
(-2.1845882e-05 -8.9120593e-08 -2.7041379e-11)
(-2.1667631e-05 -1.5264906e-07 -2.1024268e-11)
(-2.1682169e-05 -9.4753936e-08 -2.5790051e-11)
(-2.1678608e-05 -1.5810935e-07 -2.6523802e-11)
(-2.150901e-05 -2.6420372e-07 -2.0809459e-11)
(-2.1441131e-05 -1.1187642e-07 -2.5794375e-11)
(-2.1440548e-05 -2.0564208e-07 -2.6090499e-11)
(-2.1278783e-05 -3.409632e-07 -2.0647698e-11)
(-2.1154787e-05 -1.2058906e-07 -2.5869616e-11)
(-2.1156627e-05 -2.3285086e-07 -2.581489e-11)
(-2.1001923e-05 -3.845135e-07 -2.0606683e-11)
(-2.0845029e-05 -1.2228967e-07 -2.5963549e-11)
(-2.0848831e-05 -2.4335595e-07 -2.5643965e-11)
(-2.0700438e-05 -4.0090211e-07 -2.0656599e-11)
(-2.0530845e-05 -1.1762482e-07 -2.6098216e-11)
(-2.0536225e-05 -2.3862391e-07 -2.5601194e-11)
(-2.0393411e-05 -3.9238325e-07 -2.0813318e-11)
(-2.0229142e-05 -1.0718477e-07 -2.6305085e-11)
(-2.0235776e-05 -2.1976887e-07 -2.571841e-11)
(-2.0097808e-05 -3.6060259e-07 -2.1083021e-11)
(-1.9956543e-05 -9.1705944e-08 -2.6576057e-11)
(-1.9964162e-05 -1.88367e-07 -2.5945202e-11)
(-1.9830284e-05 -3.0806054e-07 -2.1375619e-11)
(-1.9730263e-05 -7.1771086e-08 -2.6847905e-11)
(-1.9738651e-05 -1.4602167e-07 -2.6080105e-11)
(-1.960805e-05 -2.3792472e-07 -2.1422256e-11)
(-1.9573653e-05 -4.7446433e-08 -2.696242e-11)
(-1.9582616e-05 -9.3960006e-08 -2.5665099e-11)
(-1.9454334e-05 -1.5401159e-07 -2.0675676e-11)
(-1.9511303e-05 -2.0244795e-08 -2.6366653e-11)
(-1.9520618e-05 -3.7687382e-08 -2.357894e-11)
(-1.939355e-05 -6.5848444e-08 -1.8097246e-11)
(-1.9552131e-05 4.9407462e-10 -2.3142841e-11)
(-1.9561721e-05 4.6105004e-09 -1.7308076e-11)
(-1.9434785e-05 5.2985892e-09 -1.202826e-11)
(-0.044925555 1.9558072 -3.8848717e-07)
(-0.032380543 1.6970421 -3.4634068e-06)
(-0.05936209 0.34296816 -2.5557943e-07)
(-0.041909917 0.15334043 -1.0031391e-06)
(-0.013311304 -0.03934429 -1.5964214e-07)
(-0.01043163 -0.041726827 -5.7958245e-07)
(-0.0035152039 -0.012088649 -4.4689914e-08)
(-0.0036752954 -0.01350791 -3.3274309e-07)
(6.0889155e-05 -0.0015437298 -4.3580177e-08)
(-0.00020245756 -0.0023600859 -2.1397978e-07)
(0.00053124194 -5.0653341e-06 -5.574479e-08)
(0.00052546783 -0.00010773992 -1.5130128e-07)
(0.0005282016 0.00026608742 -5.7776328e-08)
(0.00057537296 0.00038565348 -1.1137819e-07)
(0.00039211267 0.000292327 -5.0873526e-08)
(0.00044900218 0.00043110348 -8.1382665e-08)
(0.0002646959 0.00018243041 -3.8987231e-08)
(0.00031372373 0.0002590326 -5.6603995e-08)
(0.00017383969 7.1506914e-05 -2.6406867e-08)
(0.0002140747 0.00010991183 -3.6686577e-08)
(0.00012444516 -1.1970095e-06 -1.6013437e-08)
(0.00015649715 2.0176279e-05 -2.1994329e-08)
(0.00010143113 -1.2872001e-05 -8.8576922e-09)
(0.00012630339 1.4997984e-07 -1.22294e-08)
(8.9275977e-05 -8.2441397e-07 -4.5960132e-09)
(0.0001084772 8.1446452e-06 -6.3884098e-09)
(7.9591958e-05 1.0110291e-05 -2.3100724e-09)
(9.452961e-05 1.8681428e-05 -3.1936791e-09)
(6.9757003e-05 1.4502368e-05 -1.1535897e-09)
(8.1478933e-05 2.2699111e-05 -1.5523741e-09)
(5.9942916e-05 1.4402046e-05 -5.7499036e-10)
(6.9188671e-05 2.1855609e-05 -7.375269e-10)
(5.0783935e-05 1.2874652e-05 -2.8056612e-10)
(5.8088519e-05 1.9121595e-05 -3.3697998e-10)
(4.2543624e-05 1.1596585e-05 -1.2948891e-10)
(4.8318117e-05 1.669994e-05 -1.4190649e-10)
(3.5142207e-05 1.0744834e-05 -5.5163611e-11)
(3.9718313e-05 1.5276282e-05 -5.1038459e-11)
(2.8395984e-05 1.0072436e-05 -2.2501122e-11)
(3.204273e-05 1.4287701e-05 -1.2727023e-11)
(2.2167587e-05 9.8174994e-06 -1.1410931e-11)
(2.5095605e-05 1.3351685e-05 1.4713637e-13)
(1.6389769e-05 9.2973703e-06 -9.7612409e-12)
(1.8760154e-05 1.2443378e-05 2.2994538e-12)
(1.1039298e-05 8.6430364e-06 -1.0896931e-11)
(1.2976552e-05 1.1348449e-05 1.0196525e-12)
(6.1152306e-06 7.9404925e-06 -1.2142842e-11)
(7.7151354e-06 1.0460349e-05 -8.2072219e-13)
(1.6246867e-06 7.2152111e-06 -1.2930083e-11)
(2.9615842e-06 9.555059e-06 -2.4085117e-12)
(-2.4252594e-06 6.4921078e-06 -1.3800383e-11)
(-1.2933661e-06 8.5903114e-06 -3.9054244e-12)
(-6.0288896e-06 5.8259094e-06 -1.4506897e-11)
(-5.0582799e-06 7.6603379e-06 -5.3600949e-12)
(-9.1851129e-06 5.1071176e-06 -1.4627114e-11)
(-8.3428092e-06 6.6954685e-06 -6.1537971e-12)
(-1.1904853e-05 4.3802044e-06 -1.4868567e-11)
(-1.1163614e-05 5.7421589e-06 -6.8599216e-12)
(-1.4218224e-05 3.6393257e-06 -1.5180864e-11)
(-1.3554081e-05 4.8074813e-06 -7.5579597e-12)
(-1.6162023e-05 3.0854209e-06 -1.5419651e-11)
(-1.5557182e-05 3.9778105e-06 -8.2066562e-12)
(-1.7758936e-05 2.4670669e-06 -1.5493176e-11)
(-1.7202809e-05 3.1994663e-06 -8.7488073e-12)
(-1.9022163e-05 1.9109652e-06 -1.5573504e-11)
(-1.8507331e-05 2.4969993e-06 -9.2261065e-12)
(-1.997556e-05 1.417826e-06 -1.5624852e-11)
(-1.9495226e-05 1.8632335e-06 -9.6078729e-12)
(-2.0656089e-05 9.7944025e-07 -1.5514023e-11)
(-2.0204625e-05 1.2970682e-06 -9.8140782e-12)
(-2.1102688e-05 5.9577813e-07 -1.5299848e-11)
(-2.0675997e-05 7.9381288e-07 -9.8724581e-12)
(-2.1351522e-05 2.7225042e-07 -1.5215209e-11)
(-2.0946649e-05 3.717154e-07 -1.000213e-11)
(-2.1436893e-05 6.448719e-09 -1.5225008e-11)
(-2.1051613e-05 2.8261817e-08 -1.0207237e-11)
(-2.1391381e-05 -2.0156664e-07 -1.5280237e-11)
(-2.1023923e-05 -2.3994893e-07 -1.0451255e-11)
(-2.1245356e-05 -3.5758469e-07 -1.532813e-11)
(-2.0894213e-05 -4.4086847e-07 -1.0684339e-11)
(-2.1026627e-05 -4.6544725e-07 -1.5398442e-11)
(-2.0690438e-05 -5.8028382e-07 -1.0919736e-11)
(-2.0760204e-05 -5.2702523e-07 -1.5551173e-11)
(-2.0437637e-05 -6.6077712e-07 -1.1205089e-11)
(-2.0468107e-05 -5.5098765e-07 -1.5771256e-11)
(-2.0157826e-05 -6.9343045e-07 -1.1534804e-11)
(-2.0169429e-05 -5.3992773e-07 -1.6070861e-11)
(-1.9870104e-05 -6.8078696e-07 -1.1921743e-11)
(-1.9881115e-05 -4.962749e-07 -1.6435805e-11)
(-1.9591376e-05 -6.259708e-07 -1.2344187e-11)
(-1.9619757e-05 -4.2367229e-07 -1.6760971e-11)
(-1.9338127e-05 -5.3443053e-07 -1.2697316e-11)
(-1.9402459e-05 -3.2683285e-07 -1.6780804e-11)
(-1.9127318e-05 -4.122379e-07 -1.2750762e-11)
(-1.9252236e-05 -2.1252933e-07 -1.5996e-11)
(-1.8981709e-05 -2.6920677e-07 -1.2094886e-11)
(-1.9193278e-05 -9.3147694e-08 -1.3608814e-11)
(-1.8925187e-05 -1.2024865e-07 -1.0145518e-11)
(-1.9234592e-05 9.2301105e-09 -8.6199732e-12)
(-1.8966511e-05 1.4436292e-08 -6.2840349e-12)
(-0.0023530179 2.8922913e-05 -7.0113512e-08)
(-0.0023579613 1.8245762e-05 -1.6504495e-07)
(-0.0023604223 5.7016605e-05 -2.3105281e-07)
(-0.0023488819 5.4955398e-05 -2.7045944e-07)
(-0.0023085448 5.9537424e-05 -2.8896281e-07)
(-0.002234566 3.4959297e-05 -2.9295688e-07)
(-0.0021317458 -6.3439536e-06 -2.8761115e-07)
(-0.0020044642 -6.7221156e-05 -2.7670048e-07)
(-0.0018598519 -0.00014501212 -2.6279806e-07)
(-0.0017051994 -0.00023361601 -2.476206e-07)
(-0.0015469623 -0.00032806676 -2.3230806e-07)
(-0.0013899186 -0.00042219977 -2.1747969e-07)
(-0.001237687 -0.00051105377 -2.0337528e-07)
(-0.0010927911 -0.00059255702 -1.8997499e-07)
(-0.00095666584 -0.00066659112 -1.7715431e-07)
(-0.00082984751 -0.00073278811 -1.6475991e-07)
(-0.00071236132 -0.00079142982 -1.5261151e-07)
(-0.00060399892 -0.00084177702 -1.4044354e-07)
(-0.00050388346 -0.00088164352 -1.2795704e-07)
(-0.00041124993 -0.00091077437 -1.1478066e-07)
(-0.00032535244 -0.00092920641 -1.0044916e-07)
(-0.00024518817 -0.00093695256 -8.4236243e-08)
(-0.00016985122 -0.00093448564 -6.5437322e-08)
(-9.8811048e-05 -0.00092542492 -4.3554297e-08)
(-3.1834999e-05 -0.000880937 -1.8315586e-08)
(0.00012105296 -9.0536174e-05 -8.6901446e-08)
(0.00012460218 -0.00041058095 -2.0129459e-07)
(0.0001409542 -0.0005829506 -2.7594208e-07)
(0.00017787047 -0.00086982366 -3.1559931e-07)
(0.00023236446 -0.0011060352 -3.3015009e-07)
(0.00029292118 -0.0013883325 -3.2945096e-07)
(0.00035089344 -0.001679356 -3.1995143e-07)
(0.00039769315 -0.0020007741 -3.0574496e-07)
(0.0004266823 -0.0023449877 -2.8921786e-07)
(0.00043950227 -0.0026824684 -2.7188635e-07)
(0.00043808928 -0.0030076659 -2.5489594e-07)
(0.00042558841 -0.0033183795 -2.3877264e-07)
(0.00040539641 -0.0036104588 -2.2366746e-07)
(0.00038043265 -0.0038805305 -2.094248e-07)
(0.0003520912 -0.0041258922 -1.9584055e-07)
(0.00032110479 -0.0043469705 -1.8273419e-07)
(0.00028804701 -0.0045548124 -1.6994973e-07)
(0.00025363223 -0.0047445533 -1.5710546e-07)
(0.00021817827 -0.0048945269 -1.4391077e-07)
(0.00018208579 -0.0049964433 -1.2993672e-07)
(0.00014590647 -0.0050475353 -1.1484434e-07)
(0.00011040088 -0.005050275 -9.7476233e-08)
(7.5935331e-05 -0.005008532 -7.6855184e-08)
(4.2806708e-05 -0.0049077508 -5.1724533e-08)
(1.1860981e-05 -0.0046848875 -2.2554713e-08)
(0.00082778652 -0.00026473314 -1.2669706e-07)
(0.00085266483 -0.0013896198 -2.8209081e-07)
(0.00093388832 -0.0018682828 -3.7036227e-07)
(0.0010623933 -0.0027341927 -4.0509236e-07)
(0.0011883874 -0.0034709093 -4.0901833e-07)
(0.0012814631 -0.0042680427 -3.9809701e-07)
(0.0013292439 -0.005069571 -3.8013071e-07)
(0.0013347356 -0.0060232619 -3.5962672e-07)
(0.001309044 -0.0070959546 -3.3814684e-07)
(0.0012597903 -0.0080858561 -3.1656908e-07)
(0.001193982 -0.0089497388 -2.9634814e-07)
(0.0011179848 -0.0096834875 -2.7774171e-07)
(0.0010352854 -0.010286483 -2.6079255e-07)
(0.00094750699 -0.010767103 -2.4498905e-07)
(0.00085683852 -0.011132294 -2.2997094e-07)
(0.0007650864 -0.011384089 -2.1550628e-07)
(0.00067379231 -0.011515043 -2.0171144e-07)
(0.00058401023 -0.011541501 -1.8769788e-07)
(0.00049599764 -0.01149224 -1.7341545e-07)
(0.00041018075 -0.011383712 -1.5845086e-07)
(0.00032701067 -0.011226116 -1.4220193e-07)
(0.00024744677 -0.011028684 -1.2363977e-07)
(0.00017119849 -0.010798876 -1.0124305e-07)
(9.8450925e-05 -0.010507138 -7.2384636e-08)
(3.0277673e-05 -0.010104792 -3.6143967e-08)
(0.003158087 -0.00095653049 -2.1081581e-07)
(0.0032568537 -0.0044767405 -4.3077998e-07)
(0.003349553 -0.0057356683 -5.2534447e-07)
(0.0033146091 -0.0089638062 -5.4068765e-07)
(0.003205984 -0.011894398 -5.2380857e-07)
(0.0030188495 -0.014512382 -4.9642237e-07)
(0.0027851601 -0.016379716 -4.6570762e-07)
(0.0025289806 -0.017383269 -4.3759744e-07)
(0.0022731574 -0.017698837 -4.1039869e-07)
(0.0020238041 -0.017585199 -3.8264525e-07)
(0.0017903783 -0.017152109 -3.5788044e-07)
(0.0015766672 -0.016522361 -3.3555468e-07)
(0.001379285 -0.015718027 -3.1608246e-07)
(0.001185955 -0.014789458 -2.9799035e-07)
(0.0010110153 -0.01378902 -2.80757e-07)
(0.000855339 -0.012762838 -2.6422135e-07)
(0.00071786032 -0.011749688 -2.4818474e-07)
(0.00059676055 -0.010783157 -2.3243684e-07)
(0.00049043303 -0.009886116 -2.1670646e-07)
(0.00039679096 -0.0090792355 -2.0056798e-07)
(0.00031358713 -0.0083748609 -1.8346673e-07)
(0.00023750319 -0.0077776858 -1.6452808e-07)
(0.00016705018 -0.007289086 -1.4233212e-07)
(0.00010060697 -0.0068664655 -1.1438605e-07)
(3.6954804e-05 -0.0065552123 -7.295985e-08)
(0.010791711 -0.0085242332 -4.0009581e-07)
(0.0087842172 -0.02527348 -6.8301323e-07)
(0.0077922907 -0.027815257 -7.507195e-07)
(0.0061846032 -0.032198906 -7.3202781e-07)
(0.0048405858 -0.02975152 -6.887077e-07)
(0.0036420053 -0.026038806 -6.3933069e-07)
(0.0026320592 -0.02137591 -5.9165767e-07)
(0.0018207178 -0.016443759 -5.4759509e-07)
(0.001182041 -0.011508051 -5.0926259e-07)
(0.00068693291 -0.0069288584 -4.7426059e-07)
(0.00030713419 -0.0027810957 -4.4281281e-07)
(2.2197925e-05 0.00077890892 -4.1357775e-07)
(-0.00018320102 0.0040689262 -3.9050935e-07)
(-0.00031611924 0.0072097334 -3.6865657e-07)
(-0.00040089447 0.010108668 -3.4757275e-07)
(-0.00044509056 0.012625237 -3.2754668e-07)
(-0.0004571165 0.014726268 -3.0837622e-07)
(-0.00044374007 0.016429188 -2.8983711e-07)
(-0.00041042551 0.017762146 -2.7166049e-07)
(-0.0003618174 0.018754987 -2.5354559e-07)
(-0.00030197839 0.019433091 -2.3510069e-07)
(-0.00023560298 0.019823284 -2.1571869e-07)
(-0.00016501729 0.019924313 -1.9430868e-07)
(-9.3246001e-05 0.019797666 -1.7397669e-07)
(-2.1102601e-05 0.019100167 -1.5386537e-07)
(0.013305828 0.023591649 -7.7822179e-07)
(0.003149865 -0.0010749749 -1.0935817e-06)
(0.00071867392 0.048494316 -1.0911016e-06)
(-0.0010507136 0.051081983 -1.0147213e-06)
(-0.0026304947 0.06531382 -9.3617241e-07)
(-0.0038193773 0.075583375 -8.490941e-07)
(-0.0044794043 0.082751641 -7.7105143e-07)
(-0.0046824955 0.088754963 -7.0291741e-07)
(-0.0046038552 0.093187796 -6.4326341e-07)
(-0.0043835389 0.095946073 -5.9179365e-07)
(-0.0040945926 0.097514955 -5.4801212e-07)
(-0.0037510868 0.098010255 -5.0207501e-07)
(-0.003402792 0.09776542 -4.7562302e-07)
(-0.0030617007 0.096492903 -4.4688956e-07)
(-0.0027177506 0.094346227 -4.1824092e-07)
(-0.0023820072 0.091926288 -3.9249643e-07)
(-0.0020648772 0.089300891 -3.6859973e-07)
(-0.001767127 0.086555684 -3.4602081e-07)
(-0.0014881599 0.083767852 -3.2439099e-07)
(-0.0012263971 0.080995722 -3.0340639e-07)
(-0.00097968425 0.078275937 -2.8277055e-07)
(-0.00074501336 0.075651722 -2.6211667e-07)
(-0.00052030556 0.073092543 -2.410458e-07)
(-0.00030391518 0.07079629 -2.2017002e-07)
(-9.088648e-05 0.067305731 -2.0007926e-07)
(-0.0023703965 1.174957 -2.5239963e-06)
(-0.0011665265 0.96194967 -2.0002826e-06)
(-0.0012227016 0.86610224 -1.6188968e-06)
(-0.00081657423 0.7737712 -1.3288585e-06)
(-0.00067387813 0.67789693 -1.1115869e-06)
(-0.00056469313 0.58662162 -9.5126688e-07)
(-0.00046982465 0.50826466 -8.3229978e-07)
(-0.00038999136 0.44457667 -7.4390113e-07)
(-0.00032336075 0.39203428 -6.7178972e-07)
(-0.00026723623 0.34717901 -6.1528157e-07)
(-0.00021506942 0.3084663 -5.7066257e-07)
(-0.00016931057 0.27515195 -5.3112561e-07)
(-0.00013080568 0.2466647 -4.9761786e-07)
(-0.00010831006 0.22227822 -4.6766906e-07)
(-8.8369632e-05 0.20133429 -4.4006025e-07)
(-7.2420846e-05 0.18335207 -4.1436271e-07)
(-5.9590448e-05 0.16790271 -3.9012098e-07)
(-4.8827374e-05 0.15462368 -3.6697507e-07)
(-3.9770591e-05 0.14321193 -3.4466076e-07)
(-3.2092705e-05 0.13341783 -3.2297043e-07)
(-2.543894e-05 0.12502398 -3.0171323e-07)
(-1.9197489e-05 0.1178895 -2.8062043e-07)
(-1.3203014e-05 0.11176533 -2.5961566e-07)
(-7.4857638e-06 0.10695404 -2.3858121e-07)
(-2.0326679e-06 0.10092002 -2.1651433e-07)
(-0.012850808 0.091503325 -1.2110191e-06)
(-0.0027217276 0.098781426 -1.2471883e-06)
(-0.00031679598 0.10434026 -1.1988218e-06)
(0.0014510385 0.10590517 -1.1069464e-06)
(0.002987744 0.10794921 -1.0036973e-06)
(0.0041217166 0.10962426 -9.0326378e-07)
(0.0047383443 0.1112668 -8.1337623e-07)
(0.0049039047 0.1127899 -7.3558845e-07)
(0.0047940222 0.11359538 -6.5303836e-07)
(0.0045270548 0.1136604 -6.070155e-07)
(0.0042152357 0.11297089 -5.6525352e-07)
(0.0038828818 0.11132366 -5.2031407e-07)
(0.0035135878 0.10882912 -4.8215688e-07)
(0.0031426014 0.10582622 -4.4901413e-07)
(0.0027825373 0.10256471 -4.195434e-07)
(0.0024385641 0.099171082 -3.9285308e-07)
(0.0021122481 0.09573019 -3.6827756e-07)
(0.0018061022 0.092310812 -3.4529152e-07)
(0.0015192203 0.088964454 -3.2347381e-07)
(0.0012501717 0.085729341 -3.0246644e-07)
(0.00099699461 0.082627009 -2.8190824e-07)
(0.00075754038 0.079688005 -2.6132315e-07)
(0.00052918457 0.076871761 -2.4116877e-07)
(0.00030974928 0.074381899 -2.2045477e-07)
(9.3344662e-05 0.070672316 -2.0018937e-07)
(-0.0087960225 -0.039897935 -7.9601964e-07)
(-0.0076859749 -0.038172406 -8.5836793e-07)
(-0.0064182264 -0.036749611 -8.444581e-07)
(-0.0050794823 -0.033489877 -7.9866099e-07)
(-0.003797995 -0.028654143 -7.4107185e-07)
(-0.0026810003 -0.023099431 -6.8032436e-07)
(-0.0017618859 -0.017347463 -6.2438382e-07)
(-0.0010405086 -0.011738798 -5.7323376e-07)
(-0.00048910418 -0.00671247 -5.2556695e-07)
(-7.6677018e-05 -0.0022575795 -4.8988649e-07)
(0.00022238586 0.001567916 -4.5696841e-07)
(0.00043210071 0.0052902154 -4.2606415e-07)
(0.00056871935 0.0088443201 -3.9807636e-07)
(0.00064943418 0.012029519 -3.7272976e-07)
(0.0006859254 0.014773052 -3.495208e-07)
(0.00068798264 0.017070978 -3.2799773e-07)
(0.00066443886 0.018955738 -3.0784041e-07)
(0.00061908562 0.020468673 -2.8868158e-07)
(0.00055722515 0.021633683 -2.7017703e-07)
(0.00048287999 0.022472571 -2.5195858e-07)
(0.00039937977 0.023006871 -2.3350585e-07)
(0.00030959073 0.023257572 -2.1379819e-07)
(0.0002163492 0.023235906 -1.9554014e-07)
(0.00012270655 0.022987792 -1.7422999e-07)
(3.0017899e-05 0.022137097 -1.5393616e-07)
(-0.0038458218 -0.015169081 -4.9914567e-07)
(-0.003980499 -0.017827991 -5.7058716e-07)
(-0.0039556773 -0.020770744 -5.8339978e-07)
(-0.0037760604 -0.022910685 -5.6637294e-07)
(-0.0034733005 -0.024256793 -5.3762787e-07)
(-0.0031248301 -0.024728037 -5.0676349e-07)
(-0.0027838996 -0.024510922 -4.6915976e-07)
(-0.0024582983 -0.023839155 -4.340955e-07)
(-0.0021564201 -0.022889094 -4.0243163e-07)
(-0.0018828281 -0.021733187 -3.7559266e-07)
(-0.0016346565 -0.020458259 -3.5125975e-07)
(-0.0014055497 -0.019050228 -3.288397e-07)
(-0.001197845 -0.017579037 -3.0828294e-07)
(-0.0010148273 -0.016096699 -2.8943103e-07)
(-0.00085476964 -0.01463902 -2.7184396e-07)
(-0.00071504695 -0.013238152 -2.5515156e-07)
(-0.00059230239 -0.011928976 -2.3941869e-07)
(-0.00048662486 -0.010742699 -2.2419219e-07)
(-0.00039539587 -0.009687448 -2.0912397e-07)
(-0.00031643425 -0.0087647158 -1.9381309e-07)
(-0.00024766293 -0.0079747037 -1.7769546e-07)
(-0.00018697876 -0.0073167964 -1.5997231e-07)
(-0.0001323462 -0.006787223 -1.3986607e-07)
(-8.1489448e-05 -0.0063444812 -1.1312478e-07)
(-3.1829155e-05 -0.0060370605 -7.2874329e-08)
(-0.00048491367 -0.0033071162 -3.2960508e-07)
(-0.00085327774 -0.0042744776 -3.9245826e-07)
(-0.001159919 -0.0053258334 -4.1552459e-07)
(-0.0013772978 -0.006353919 -4.1422399e-07)
(-0.0015259537 -0.0073810172 -3.9977126e-07)
(-0.0015871525 -0.0085501063 -3.78865e-07)
(-0.0015826615 -0.0097793319 -3.5389026e-07)
(-0.0015338457 -0.010833722 -3.2909692e-07)
(-0.0014587084 -0.011713474 -3.0618372e-07)
(-0.0013678072 -0.012423508 -2.8569217e-07)
(-0.0012677272 -0.012985803 -2.6707181e-07)
(-0.0011643911 -0.013406324 -2.4996358e-07)
(-0.0010603456 -0.013695179 -2.3417023e-07)
(-0.00095720187 -0.013832577 -2.1986409e-07)
(-0.00085634818 -0.013842122 -2.0628944e-07)
(-0.00075846922 -0.013764144 -1.9357485e-07)
(-0.00066532565 -0.013624217 -1.8111702e-07)
(-0.00057516194 -0.013437587 -1.6882334e-07)
(-0.00048823033 -0.013213754 -1.56408e-07)
(-0.00040432681 -0.01296003 -1.4348323e-07)
(-0.00032326761 -0.012682239 -1.2943461e-07)
(-0.00024497334 -0.012386186 -1.1332718e-07)
(-0.00016952957 -0.012075575 -9.3756158e-08)
(-9.7289703e-05 -0.011711148 -6.7652974e-08)
(-3.0001025e-05 -0.011250272 -3.4338984e-08)
(0.00045603417 -0.00036631335 -2.2539877e-07)
(0.00034752455 -0.00070158123 -2.7221904e-07)
(0.00019155102 -0.0010941917 -2.9478605e-07)
(2.0977186e-05 -0.0015600081 -2.9991818e-07)
(-0.00015437847 -0.0020454592 -2.9394967e-07)
(-0.00030338974 -0.0025457805 -2.8149221e-07)
(-0.00040644305 -0.0030681524 -2.6545811e-07)
(-0.00046941325 -0.0035589422 -2.4841982e-07)
(-0.00050179706 -0.0040087603 -2.3186955e-07)
(-0.00051395023 -0.0044093901 -2.1644888e-07)
(-0.0005110547 -0.0047634818 -2.0219394e-07)
(-0.0004972246 -0.0050785187 -1.8900336e-07)
(-0.00047459056 -0.0053669837 -1.7677577e-07)
(-0.00044543432 -0.0056566553 -1.6545101e-07)
(-0.00041184949 -0.005943609 -1.5478524e-07)
(-0.00037518888 -0.0061914835 -1.4463629e-07)
(-0.00033644213 -0.0063909933 -1.3473121e-07)
(-0.00029593602 -0.0065397865 -1.248733e-07)
(-0.00025444017 -0.0066374882 -1.1479222e-07)
(-0.00021249461 -0.0066839198 -1.0423919e-07)
(-0.00017053957 -0.0066803937 -9.2680152e-08)
(-0.00012903965 -0.0066302339 -7.9222871e-08)
(-8.8533204e-05 -0.0065384174 -6.3052493e-08)
(-4.9584525e-05 -0.0063867437 -4.2782057e-08)
(-1.3627467e-05 -0.0060995694 -1.9105186e-08)
(0.00055564342 0.00044666655 -1.5701276e-07)
(0.00052154219 0.00044502165 -1.8906156e-07)
(0.00045673428 0.00039054105 -2.0710867e-07)
(0.00037801372 0.00028959997 -2.1365897e-07)
(0.00031004288 0.00014456545 -2.1197797e-07)
(0.00023118885 -2.1352702e-05 -2.0494366e-07)
(0.00015370592 -0.00019897973 -1.9477776e-07)
(8.7033528e-05 -0.00038620803 -1.8324634e-07)
(3.5806791e-05 -0.00057192352 -1.7151279e-07)
(-2.108996e-06 -0.00074558325 -1.6019857e-07)
(-3.2249167e-05 -0.00090544706 -1.4953102e-07)
(-5.4707766e-05 -0.0010494381 -1.3955287e-07)
(-6.9036418e-05 -0.0011761855 -1.3023556e-07)
(-7.6713251e-05 -0.0012891646 -1.2151722e-07)
(-7.9055517e-05 -0.0013886072 -1.1327681e-07)
(-7.7659863e-05 -0.0014718706 -1.0538572e-07)
(-7.337273e-05 -0.0015398586 -9.7681121e-08)
(-6.6966838e-05 -0.0015931956 -8.999983e-08)
(-5.9256565e-05 -0.001632003 -8.214326e-08)
(-5.0617894e-05 -0.0016561714 -7.3877585e-08)
(-4.140514e-05 -0.0016658751 -6.4870924e-08)
(-3.1927881e-05 -0.0016617375 -5.4664909e-08)
(-2.2408492e-05 -0.0016462568 -4.2797346e-08)
(-1.286959e-05 -0.0016184189 -2.8906994e-08)
(-3.3623237e-06 -0.0015380077 -1.3019579e-08)
(0.00046840431 0.0005491435 -1.0893404e-07)
(0.00046672198 0.00063555906 -1.2961564e-07)
(0.00044098363 0.00069670144 -1.4249002e-07)
(0.00039549717 0.0007282227 -1.4821921e-07)
(0.00034201689 0.00073242556 -1.4829917e-07)
(0.00029081524 0.00071375889 -1.4441088e-07)
(0.00023987208 0.00067782738 -1.380274e-07)
(0.00019208526 0.00063152563 -1.3034155e-07)
(0.00015016735 0.00057754625 -1.2220524e-07)
(0.00011617618 0.00051881514 -1.1413244e-07)
(8.8041944e-05 0.00045966503 -1.0637955e-07)
(6.542192e-05 0.00040659429 -9.9041487e-08)
(4.753309e-05 0.00036172546 -9.2134116e-08)
(3.4089994e-05 0.00032364931 -8.5624244e-08)
(2.4375586e-05 0.00029163016 -7.9445505e-08)
(1.7170711e-05 0.0002654685 -7.3513232e-08)
(1.170803e-05 0.00024463078 -6.7725866e-08)
(7.5864054e-06 0.00022718973 -6.1971924e-08)
(4.7166221e-06 0.00021253352 -5.6119949e-08)
(2.7694992e-06 0.00020097883 -5.0013362e-08)
(1.420492e-06 0.00019099913 -4.346461e-08)
(4.8212388e-07 0.00018195238 -3.6286504e-08)
(-1.3554914e-07 0.00017397937 -2.8425858e-08)
(-4.0652424e-07 0.00016549 -2.0273273e-08)
(-1.1449282e-07 0.0001606481 -1.3493161e-08)
(0.00034039637 0.00034631784 -7.3140238e-08)
(0.00035029596 0.00043447278 -8.6203579e-08)
(0.00034410018 0.00050861694 -9.481165e-08)
(0.00032384066 0.00056622029 -9.9052557e-08)
(0.00029480885 0.00060498359 -9.963135e-08)
(0.0002623022 0.00062422249 -9.7464525e-08)
(0.00022747632 0.00062850791 -9.3468786e-08)
(0.00019221287 0.0006222596 -8.8428259e-08)
(0.00015775521 0.0006061406 -8.2922743e-08)
(0.00012541169 0.00058357633 -7.7336281e-08)
(9.8335042e-05 0.00055880261 -7.1883734e-08)
(7.6031976e-05 0.00053393985 -6.6670034e-08)
(5.7413862e-05 0.00051144861 -6.1726375e-08)
(4.2026434e-05 0.0004901876 -5.7045916e-08)
(2.9723057e-05 0.00046900712 -5.2593861e-08)
(2.0794539e-05 0.00044929613 -4.8321075e-08)
(1.3853035e-05 0.00043158595 -4.4168499e-08)
(8.7481772e-06 0.0004160058 -4.0069071e-08)
(5.3955678e-06 0.00040228846 -3.5945484e-08)
(3.1363494e-06 0.00038989064 -3.1711575e-08)
(1.6331225e-06 0.00037822182 -2.7278047e-08)
(6.6154095e-07 0.00036704734 -2.2595148e-08)
(9.7270774e-08 0.00035631508 -1.7752803e-08)
(-1.751027e-07 0.00034535546 -1.3173501e-08)
(-1.3903158e-07 0.0003299226 -9.9299378e-09)
(0.00024086289 0.00014934065 -4.6478966e-08)
(0.0002554879 0.00019510701 -5.445762e-08)
(0.00025831712 0.00023973064 -5.9943038e-08)
(0.0002511226 0.00027720637 -6.2825373e-08)
(0.00023666611 0.00030535622 -6.341986e-08)
(0.00021753945 0.00032329459 -6.2226167e-08)
(0.00019532178 0.00033115017 -5.9780143e-08)
(0.00017089487 0.00032948779 -5.6567412e-08)
(0.00014560632 0.00031972918 -5.2971798e-08)
(0.00012147721 0.00030430556 -4.9260006e-08)
(9.9852616e-05 0.00028539073 -4.5594451e-08)
(8.0729395e-05 0.00026500774 -4.2060538e-08)
(6.3722611e-05 0.00024413279 -3.8693184e-08)
(4.8534796e-05 0.00022317412 -3.5496375e-08)
(3.52709e-05 0.00020357128 -3.2455948e-08)
(2.4540251e-05 0.00018494593 -2.9547439e-08)
(1.6637119e-05 0.00016721276 -2.6740557e-08)
(1.1050513e-05 0.00015159489 -2.4000536e-08)
(7.0722108e-06 0.00013789018 -2.1288417e-08)
(4.2693278e-06 0.00012598046 -1.8562774e-08)
(2.393628e-06 0.00011592502 -1.5787942e-08)
(1.2294007e-06 0.00010766933 -1.2960539e-08)
(5.4610355e-07 0.00010072513 -1.0159154e-08)
(1.5718658e-07 9.8124698e-05 -7.6124131e-09)
(-4.166483e-08 9.1526899e-05 -5.5876252e-09)
(0.000180463 4.0670874e-05 -2.7708208e-08)
(0.00019581319 6.0026918e-05 -3.245689e-08)
(0.00020276939 7.8282378e-05 -3.5798903e-08)
(0.00020237151 9.4384938e-05 -3.7621303e-08)
(0.00019625912 0.00010715767 -3.8053671e-08)
(0.00018585597 0.00011564136 -3.7371021e-08)
(0.00017201767 0.00012029932 -3.5886869e-08)
(0.0001556448 0.00011977565 -3.3897134e-08)
(0.00013778266 0.00011354235 -3.1639731e-08)
(0.00011989537 0.00010299592 -2.92861e-08)
(0.0001029736 8.9031025e-05 -2.6945652e-08)
(8.7247409e-05 7.2336575e-05 -2.4680173e-08)
(7.2929517e-05 5.4019237e-05 -2.2518002e-08)
(6.0125977e-05 3.591031e-05 -2.0467139e-08)
(4.8726987e-05 1.8673931e-05 -1.8523517e-08)
(3.8280897e-05 2.8238527e-06 -1.6676776e-08)
(2.9673965e-05 -1.1581213e-05 -1.4913325e-08)
(2.2610956e-05 -2.4693604e-05 -1.3217538e-08)
(1.6803805e-05 -3.619451e-05 -1.157212e-08)
(1.2213739e-05 -4.5886459e-05 -9.9592228e-09)
(8.6585975e-06 -5.3563366e-05 -8.3649884e-09)
(5.9645639e-06 -5.9177954e-05 -6.7896175e-09)
(3.9056653e-06 -6.4229164e-05 -5.2566951e-09)
(2.2294224e-06 -6.0675209e-05 -3.789984e-09)
(6.7909547e-07 -6.3933888e-05 -2.2269407e-09)
(0.00014679058 1.1610956e-05 -1.5445722e-08)
(0.00016165337 2.0714998e-05 -1.8138098e-08)
(0.00017038205 3.0529774e-05 -2.0053938e-08)
(0.00017341588 4.0301637e-05 -2.1117531e-08)
(0.0001716719 4.7270189e-05 -2.1386489e-08)
(0.00016601979 5.1525051e-05 -2.1002367e-08)
(0.00015727522 5.3209635e-05 -2.013972e-08)
(0.0001463921 5.3071655e-05 -1.8965079e-08)
(0.00013409263 5.1201383e-05 -1.76201e-08)
(0.00012088464 4.6571026e-05 -1.6210572e-08)
(0.00010746377 3.7703315e-05 -1.4805313e-08)
(9.4378546e-05 2.6487975e-05 -1.344452e-08)
(8.2141347e-05 1.4456123e-05 -1.2148444e-08)
(7.0924471e-05 1.3456308e-06 -1.0924212e-08)
(6.0733457e-05 -1.1677164e-05 -9.771973e-09)
(5.1515492e-05 -2.3990146e-05 -8.6878226e-09)
(4.2931749e-05 -3.5449904e-05 -7.6664123e-09)
(3.5145041e-05 -4.5828161e-05 -6.7011299e-09)
(2.8232045e-05 -5.486581e-05 -5.7846292e-09)
(2.219919e-05 -6.2404327e-05 -4.9092237e-09)
(1.6981778e-05 -6.8244028e-05 -4.0684583e-09)
(1.2472877e-05 -7.2307224e-05 -3.2593015e-09)
(8.568671e-06 -7.5753141e-05 -2.4803848e-09)
(4.9998066e-06 -7.0606493e-05 -1.7104008e-09)
(1.5385324e-06 -7.1234419e-05 -8.4193267e-10)
(0.00012538456 1.7622348e-05 -8.1020689e-09)
(0.00013863088 2.821796e-05 -9.5419956e-09)
(0.00014764549 3.9344114e-05 -1.0570779e-08)
(0.00015237439 4.8251813e-05 -1.1143892e-08)
(0.00015319141 5.5791667e-05 -1.1285981e-08)
(0.00015064605 6.1552942e-05 -1.1068865e-08)
(0.00014537168 6.5363639e-05 -1.0584757e-08)
(0.00013807063 6.7162617e-05 -9.9262379e-09)
(0.00012933723 6.741111e-05 -9.1716224e-09)
(0.00011954285 6.5842679e-05 -8.3795011e-09)
(0.00010910949 6.2555009e-05 -7.5903564e-09)
(9.852317e-05 5.7341466e-05 -6.8283162e-09)
(8.8037629e-05 5.0555167e-05 -6.1058958e-09)
(7.789292e-05 4.264582e-05 -5.4282636e-09)
(6.8270354e-05 3.3773648e-05 -4.7961471e-09)
(5.9201863e-05 2.4873799e-05 -4.2083973e-09)
(5.0636828e-05 1.6424775e-05 -3.6625598e-09)
(4.2653822e-05 8.523711e-06 -3.155819e-09)
(3.529037e-05 1.1902357e-06 -2.6848385e-09)
(2.8554994e-05 -5.1748885e-06 -2.2459367e-09)
(2.2418429e-05 -1.0425551e-05 -1.8354223e-09)
(1.6835614e-05 -1.4455285e-05 -1.4497434e-09)
(1.1827563e-05 -1.8587517e-05 -1.0834137e-09)
(6.8837414e-06 -1.4396516e-05 -7.2133094e-10)
(1.8138955e-06 -1.8298122e-05 -3.2560939e-10)
(0.00010831813 2.948869e-05 -4.0449154e-09)
(0.00011978071 4.0749974e-05 -4.7635968e-09)
(0.00012829636 5.1408362e-05 -5.2780918e-09)
(0.00013367288 6.2302071e-05 -5.5626447e-09)
(0.0001359991 7.3191968e-05 -5.6269672e-09)
(0.0001355951 8.2168563e-05 -5.5059808e-09)
(0.00013281961 8.8983733e-05 -5.2466707e-09)
(0.00012810141 9.3748164e-05 -4.8964277e-09)
(0.00012188362 9.6607752e-05 -4.496523e-09)
(0.00011458737 9.818808e-05 -4.0780782e-09)
(0.0001065475 9.8493534e-05 -3.6628011e-09)
(9.8066584e-05 9.7285915e-05 -3.2636094e-09)
(8.9282856e-05 9.4507726e-05 -2.887525e-09)
(8.0424037e-05 9.0272498e-05 -2.5375721e-09)
(7.1676193e-05 8.4936945e-05 -2.214424e-09)
(6.3152498e-05 7.9008066e-05 -1.9175539e-09)
(5.4907546e-05 7.298472e-05 -1.6458428e-09)
(4.6993151e-05 6.7018784e-05 -1.3978615e-09)
(3.947002e-05 6.1151107e-05 -1.1719204e-09)
(3.2368098e-05 5.5677415e-05 -9.6609381e-10)
(2.5685907e-05 5.0709603e-05 -7.7824223e-10)
(1.9395285e-05 4.6814573e-05 -6.0586199e-10)
(1.345517e-05 4.1607666e-05 -4.4519223e-10)
(7.8008325e-06 4.4077865e-05 -2.8986096e-10)
(2.4520212e-06 3.8168149e-05 -1.298136e-10)
(9.2742717e-05 3.3151188e-05 -1.9442295e-09)
(0.0001025952 4.4941491e-05 -2.277866e-09)
(0.00011040002 5.6523706e-05 -2.5172258e-09)
(0.00011588072 6.7658377e-05 -2.647266e-09)
(0.00011901896 7.7738115e-05 -2.671553e-09)
(0.00011993897 8.7306075e-05 -2.6060344e-09)
(0.00011885992 9.6577268e-05 -2.4733378e-09)
(0.00011606887 0.00010382925 -2.2963452e-09)
(0.00011185538 0.00010894151 -2.0953694e-09)
(0.00010654002 0.00011288956 -1.886292e-09)
(0.00010038517 0.00011555672 -1.6798739e-09)
(9.3608943e-05 0.00011658698 -1.4826297e-09)
(8.6385471e-05 0.00011620933 -1.2981695e-09)
(7.8881339e-05 0.00011469505 -1.1279951e-09)
(7.122628e-05 0.00011227038 -9.7244322e-10)
(6.3539793e-05 0.00010908698 -8.3120844e-10)
(5.5909472e-05 0.00010524462 -7.0369591e-10)
(4.8405175e-05 0.00010106894 -5.8916451e-10)
(4.1091418e-05 9.6824661e-05 -4.8672847e-10)
(3.4014529e-05 9.2523106e-05 -3.953736e-10)
(2.7190839e-05 8.8233888e-05 -3.1393775e-10)
(2.059665e-05 8.4540652e-05 -2.4101509e-10)
(1.4133532e-05 7.9032192e-05 -1.7464685e-10)
(8.1699022e-06 8.1654275e-05 -1.1264734e-10)
(2.8892741e-06 7.3868828e-05 -5.1978177e-11)
(7.8376224e-05 3.0802371e-05 -9.0298098e-10)
(8.6742122e-05 4.1202461e-05 -1.046275e-09)
(9.3739102e-05 5.2327888e-05 -1.1498656e-09)
(9.9048915e-05 6.2788017e-05 -1.2048021e-09)
(0.00010254645 7.2771637e-05 -1.2118579e-09)
(0.00010423123 8.2066397e-05 -1.1779236e-09)
(0.00010424892 9.0159913e-05 -1.1131448e-09)
(0.00010279109 9.7835483e-05 -1.0282335e-09)
(0.00010005995 0.00010460094 -9.3258807e-10)
(9.6275188e-05 0.00010969372 -8.335822e-10)
(9.1635628e-05 0.00011358722 -7.3634387e-10)
(8.6316371e-05 0.00011641739 -6.4401241e-10)
(8.0471174e-05 0.00011789439 -5.5826549e-10)
(7.4232442e-05 0.00011821698 -4.7980728e-10)
(6.7709401e-05 0.0001177411 -4.0877636e-10)
(6.0997331e-05 0.00011654412 -3.4500382e-10)
(5.4179911e-05 0.0001147018 -2.8815983e-10)
(4.7329782e-05 0.00011233221 -2.3785495e-10)
(4.0513122e-05 0.00010956125 -1.9364372e-10)
(3.3782694e-05 0.00010655041 -1.5501945e-10)
(2.717359e-05 0.00010333781 -1.2139485e-10)
(2.0707851e-05 0.00010046454 -9.2063227e-11)
(1.4408145e-05 9.5273378e-05 -6.6078058e-11)
(8.423103e-06 9.7637078e-05 -4.2749065e-11)
(2.7633244e-06 8.9777926e-05 -2.025862e-11)
(6.555616e-05 2.6639368e-05 -3.9997484e-10)
(7.2585676e-05 3.5030787e-05 -4.5630029e-10)
(7.8720134e-05 4.4311832e-05 -4.9784774e-10)
(8.3651993e-05 5.3799538e-05 -5.1982558e-10)
(8.7198013e-05 6.2750821e-05 -5.2138278e-10)
(8.930488e-05 7.1346394e-05 -5.0529402e-10)
(9.0011341e-05 7.9398275e-05 -4.757549e-10)
(8.9425274e-05 8.6559985e-05 -4.3739747e-10)
(8.7718605e-05 9.298862e-05 -3.9450843e-10)
(8.5049044e-05 9.8429148e-05 -3.503338e-10)
(8.1569837e-05 0.00010293486 -3.0712402e-10)
(7.7425093e-05 0.00010646236 -2.6629333e-10)
(7.2744884e-05 0.00010900531 -2.286186e-10)
(6.7633458e-05 0.00011085891 -1.944148e-10)
(6.2177259e-05 0.00011192772 -1.6372533e-10)
(5.6449015e-05 0.00011225938 -1.3645065e-10)
(5.0516956e-05 0.0001119195 -1.1242376e-10)
(4.4445756e-05 0.00011096568 -9.1457366e-11)
(3.8297483e-05 0.00010950732 -7.3338653e-11)
(3.2125365e-05 0.00010765276 -5.7834833e-11)
(2.5974849e-05 0.00010541691 -4.4677149e-11)
(1.9891455e-05 0.00010330248 -3.3536923e-11)
(1.3908867e-05 9.8536548e-05 -2.3939751e-11)
(8.1758995e-06 0.00010098482 -1.5753335e-11)
(2.7150845e-06 9.343519e-05 -7.5786827e-12)
(5.4370532e-05 2.3156428e-05 -1.6173561e-10)
(6.023215e-05 3.0054617e-05 -1.8177673e-10)
(6.5522312e-05 3.7112344e-05 -1.9739563e-10)
(6.9960211e-05 4.4804122e-05 -2.0606667e-10)
(7.3360049e-05 5.2943529e-05 -2.0683503e-10)
(7.5629194e-05 6.0882023e-05 -2.0046634e-10)
(7.6748545e-05 6.8293417e-05 -1.8851309e-10)
(7.6766591e-05 7.5098757e-05 -1.7281539e-10)
(7.5788093e-05 8.1226845e-05 -1.5516766e-10)
(7.3942012e-05 8.6528875e-05 -1.3697325e-10)
(7.1358853e-05 9.1030762e-05 -1.1919824e-10)
(6.8150107e-05 9.4901376e-05 -1.0244076e-10)
(6.4427569e-05 9.8195961e-05 -8.7034343e-11)
(6.0270765e-05 0.00010085053 -7.3134334e-11)
(5.574353e-05 0.00010279319 -6.0764819e-11)
(5.0905916e-05 0.00010406675 -4.9879634e-11)
(4.5814691e-05 0.00010471486 -4.0405497e-11)
(4.052733e-05 0.00010477853 -3.2258614e-11)
(3.5098379e-05 0.00010427849 -2.5345255e-11)
(2.9578951e-05 0.00010328939 -1.9569029e-11)
(2.4020032e-05 0.00010184004 -1.4822043e-11)
(1.8471432e-05 0.00010041113 -1.0965431e-11)
(1.2987182e-05 9.6001587e-05 -7.76064e-12)
(7.6537483e-06 9.8123772e-05 -5.3143106e-12)
(2.5049236e-06 9.1734554e-05 -2.4700197e-12)
(4.4619756e-05 2.0439697e-05 -5.3656993e-11)
(4.948453e-05 2.6161286e-05 -5.9385653e-11)
(5.4000946e-05 3.2206856e-05 -6.4622717e-11)
(5.7920401e-05 3.8955417e-05 -6.8170435e-11)
(6.1068741e-05 4.5777768e-05 -6.9287331e-11)
(6.333897e-05 5.2396742e-05 -6.7778303e-11)
(6.4684169e-05 5.9272967e-05 -6.4120261e-11)
(6.5116107e-05 6.5684918e-05 -5.8914846e-11)
(6.4687024e-05 7.1479741e-05 -5.2798183e-11)
(6.3485763e-05 7.6659674e-05 -4.633841e-11)
(6.1610114e-05 8.1061262e-05 -3.9967664e-11)
(5.915263e-05 8.5047478e-05 -3.3926765e-11)
(5.6202968e-05 8.8639023e-05 -2.835366e-11)
(5.2830178e-05 9.1598028e-05 -2.3341208e-11)
(4.9086067e-05 9.4009426e-05 -1.8912337e-11)
(4.5021429e-05 9.5825439e-05 -1.5052402e-11)
(4.0686543e-05 9.7049684e-05 -1.17375e-11)
(3.6131929e-05 9.77011e-05 -8.943233e-12)
(3.1406003e-05 9.7752373e-05 -6.6417373e-12)
(2.6558151e-05 9.7320027e-05 -4.8002932e-12)
(2.1639227e-05 9.6408137e-05 -3.3842906e-12)
(1.6700099e-05 9.5306389e-05 -2.3464515e-12)
(1.1798059e-05 9.1563466e-05 -1.5603859e-12)
(6.9681597e-06 9.4080583e-05 -1.2534204e-12)
(2.2480383e-06 8.7477843e-05 -4.5506042e-13)
(3.6019452e-05 1.8682672e-05 -8.9309996e-12)
(4.0050888e-05 2.3455796e-05 -8.8367893e-12)
(4.3885813e-05 2.892795e-05 -1.0013144e-11)
(4.7312861e-05 3.4724233e-05 -1.1522267e-11)
(5.0172961e-05 4.0669265e-05 -1.2751005e-11)
(5.2355131e-05 4.6650314e-05 -1.3284822e-11)
(5.3801552e-05 5.2580057e-05 -1.3103133e-11)
(5.4500359e-05 5.8330827e-05 -1.2354198e-11)
(5.4473591e-05 6.382862e-05 -1.1172922e-11)
(5.3774022e-05 6.8817209e-05 -9.715906e-12)
(5.2464348e-05 7.3073061e-05 -8.1689496e-12)
(5.0617816e-05 7.6953139e-05 -6.6385723e-12)
(4.8294566e-05 8.0612718e-05 -5.1815797e-12)
(4.5563331e-05 8.3727097e-05 -3.8496172e-12)
(4.2479741e-05 8.6293901e-05 -2.6749424e-12)
(3.9087815e-05 8.833428e-05 -1.6649928e-12)
(3.5431535e-05 8.9831834e-05 -8.2154104e-13)
(3.1553912e-05 9.0795619e-05 -1.506415e-13)
(2.7499175e-05 9.1235863e-05 3.465679e-13)
(2.331343e-05 9.1168012e-05 6.7463521e-13)
(1.9043534e-05 9.0598716e-05 8.3523642e-13)
(1.4737658e-05 8.9867142e-05 8.3808373e-13)
(1.0440232e-05 8.6544291e-05 7.4665485e-13)
(6.174423e-06 8.8853936e-05 2.8063017e-13)
(1.9832803e-06 8.275715e-05 3.1603379e-13)
(2.833737e-05 1.7161825e-05 6.2921948e-12)
(3.1682643e-05 2.1509425e-05 8.8678516e-12)
(3.4932877e-05 2.6397427e-05 9.4700374e-12)
(3.7913672e-05 3.144698e-05 9.024179e-12)
(4.0481783e-05 3.6675836e-05 8.0395547e-12)
(4.2532362e-05 4.2068495e-05 6.9026376e-12)
(4.4001452e-05 4.7363053e-05 5.887593e-12)
(4.4860738e-05 5.2559144e-05 5.0426713e-12)
(4.511502e-05 5.7509055e-05 4.3887561e-12)
(4.479132e-05 6.2122154e-05 3.9247223e-12)
(4.3930191e-05 6.6318843e-05 3.6055947e-12)
(4.2583374e-05 6.9948019e-05 3.3846166e-12)
(4.079238e-05 7.3408626e-05 3.2393192e-12)
(3.8609915e-05 7.662102e-05 3.1520914e-12)
(3.6094765e-05 7.9214456e-05 3.0895272e-12)
(3.3294389e-05 8.1320792e-05 3.0227034e-12)
(3.0248103e-05 8.2940361e-05 2.9393154e-12)
(2.6993899e-05 8.4069977e-05 2.8260482e-12)
(2.3571096e-05 8.47141e-05 2.6712924e-12)
(2.0019855e-05 8.4855215e-05 2.4654612e-12)
(1.6382224e-05 8.4508171e-05 2.1943009e-12)
(1.2699452e-05 8.3951548e-05 1.8498891e-12)
(9.008369e-06 8.1047206e-05 1.4704158e-12)
(5.3385985e-06 8.3898733e-05 7.5788036e-13)
(1.733239e-06 7.7653828e-05 5.3957818e-13)
(2.1420037e-05 1.5933308e-05 9.2521067e-12)
(2.4207211e-05 1.9835671e-05 1.2862285e-11)
(2.696521e-05 2.4028213e-05 1.4406894e-11)
(2.9551773e-05 2.8601638e-05 1.4550811e-11)
(3.1842813e-05 3.3328472e-05 1.3905044e-11)
(3.3743326e-05 3.8069173e-05 1.283331e-11)
(3.5187588e-05 4.2801585e-05 1.1596171e-11)
(3.613853e-05 4.7450224e-05 1.0356144e-11)
(3.6587007e-05 5.1929856e-05 9.1966998e-12)
(3.6543089e-05 5.6188993e-05 8.1594345e-12)
(3.6033535e-05 6.0133074e-05 7.2590517e-12)
(3.5093672e-05 6.3591594e-05 6.4840455e-12)
(3.3762957e-05 6.6640421e-05 5.8129185e-12)
(3.2072366e-05 6.9599763e-05 5.2424078e-12)
(3.006638e-05 7.2254884e-05 4.7571209e-12)
(2.7794077e-05 7.435493e-05 4.3263163e-12)
(2.529691e-05 7.5997459e-05 3.9345868e-12)
(2.2612094e-05 7.7181544e-05 3.5694299e-12)
(1.9774003e-05 7.7904703e-05 3.2133972e-12)
(1.6816768e-05 7.8151711e-05 2.8490524e-12)
(1.3775862e-05 7.7937941e-05 2.4562042e-12)
(1.0686369e-05 7.7476157e-05 2.0225956e-12)
(7.5820388e-06 7.491149e-05 1.5763485e-12)
(4.495872e-06 7.8156199e-05 8.2081118e-13)
(1.4689761e-06 7.1727542e-05 5.5271527e-13)
(1.517509e-05 1.4614881e-05 8.1360741e-12)
(1.7511377e-05 1.8173086e-05 1.2059185e-11)
(1.9860973e-05 2.1915073e-05 1.4043192e-11)
(2.2107324e-05 2.5887915e-05 1.4600781e-11)
(2.4147802e-05 3.0056537e-05 1.425026e-11)
(2.589673e-05 3.4303808e-05 1.3383909e-11)
(2.7290777e-05 3.8527975e-05 1.2264326e-11)
(2.8289368e-05 4.2663814e-05 1.107652e-11)
(2.8873665e-05 4.6694593e-05 9.9177436e-12)
(2.904298e-05 5.0546324e-05 8.8365965e-12)
(2.8812383e-05 5.416833e-05 7.8546395e-12)
(2.8206212e-05 5.7471381e-05 6.9831563e-12)
(2.7261535e-05 6.0332324e-05 6.2168894e-12)
(2.6007822e-05 6.2789361e-05 5.5445182e-12)
(2.446983e-05 6.5136866e-05 4.9548916e-12)
(2.2682945e-05 6.7238676e-05 4.4341784e-12)
(2.0687864e-05 6.8859324e-05 3.9709246e-12)
(1.8521973e-05 7.0041297e-05 3.5509064e-12)
(1.6217609e-05 7.0764336e-05 3.1560497e-12)
(1.3806412e-05 7.1050828e-05 2.7660143e-12)
(1.1318289e-05 7.0914372e-05 2.3590892e-12)
(8.7822503e-06 7.0571938e-05 1.9201815e-12)
(6.2282259e-06 6.828425e-05 1.4753788e-12)
(3.6881281e-06 7.1592963e-05 7.4316543e-13)
(1.1946331e-06 6.5412282e-05 4.9417273e-13)
(9.5487458e-06 1.3322913e-05 6.1768967e-12)
(1.1521793e-05 1.6444029e-05 1.0131821e-11)
(1.3536229e-05 1.9814176e-05 1.2215683e-11)
(1.549646e-05 2.3316781e-05 1.3006626e-11)
(1.7317049e-05 2.6928893e-05 1.2923656e-11)
(1.892368e-05 3.0653883e-05 1.2299546e-11)
(2.0257517e-05 3.438828e-05 1.1382455e-11)
(2.1277647e-05 3.8077909e-05 1.0357414e-11)
(2.1960029e-05 4.1668069e-05 9.3403661e-12)
(2.2296864e-05 4.5105545e-05 8.3741315e-12)
(2.2293887e-05 4.8355176e-05 7.4786917e-12)
(2.1967843e-05 5.1373132e-05 6.6625514e-12)
(2.1346183e-05 5.4063375e-05 5.9336115e-12)
(2.0462461e-05 5.6386473e-05 5.2871167e-12)
(1.9339745e-05 5.8340888e-05 4.7130786e-12)
(1.7999041e-05 6.007005e-05 4.204944e-12)
(1.6468869e-05 6.1610164e-05 3.7513767e-12)
(1.4780038e-05 6.2751578e-05 3.338197e-12)
(1.2964315e-05 6.3460387e-05 2.9520412e-12)
(1.1051867e-05 6.3772341e-05 2.5763976e-12)
(9.0689231e-06 6.3671244e-05 2.188319e-12)
(7.0399317e-06 6.3443826e-05 1.7683035e-12)
(4.990374e-06 6.1280138e-05 1.3523745e-12)
(2.9487971e-06 6.4422911e-05 6.6537509e-13)
(9.4159131e-07 5.8730759e-05 4.4192181e-13)
(4.5074351e-06 1.2060388e-05 4.3172034e-12)
(6.1894193e-06 1.4735671e-05 8.1997886e-12)
(7.9306181e-06 1.7720668e-05 1.0282879e-11)
(9.6538597e-06 2.0836805e-05 1.1202712e-11)
(1.1286798e-05 2.3948113e-05 1.133902e-11)
(1.2766217e-05 2.7178359e-05 1.0934215e-11)
(1.4039513e-05 3.0444208e-05 1.0227627e-11)
(1.5067233e-05 3.3683261e-05 9.3872941e-12)
(1.5823579e-05 3.6849011e-05 8.5200144e-12)
(1.6296061e-05 3.9888798e-05 7.6828768e-12)
(1.6484324e-05 4.276162e-05 6.8991779e-12)
(1.6398424e-05 4.5434624e-05 6.1764609e-12)
(1.6056227e-05 4.7874671e-05 5.5170327e-12)
(1.5484295e-05 5.0026026e-05 4.9251329e-12)
(1.4711253e-05 5.185716e-05 4.3989348e-12)
(1.3758434e-05 5.3382204e-05 3.9313874e-12)
(1.2644221e-05 5.4571725e-05 3.5114982e-12)
(1.1390229e-05 5.5489598e-05 3.1242165e-12)
(1.0022218e-05 5.6185107e-05 2.7591341e-12)
(8.5640617e-06 5.6543776e-05 2.4038926e-12)
(7.0391439e-06 5.6510744e-05 2.0372382e-12)
(5.4700047e-06 5.6348473e-05 1.6413043e-12)
(3.878814e-06 5.4221209e-05 1.2551188e-12)
(2.286779e-06 5.7093765e-05 6.0636449e-13)
(7.2014428e-07 5.2120607e-05 4.0239568e-13)
(2.6127228e-08 1.0813483e-05 2.5909714e-12)
(1.4762534e-06 1.3137208e-05 6.469325e-12)
(2.9963355e-06 1.5676114e-05 8.6297934e-12)
(4.5246069e-06 1.8385023e-05 9.6459731e-12)
(6.000744e-06 2.1119689e-05 9.9190295e-12)
(7.3704558e-06 2.3898603e-05 9.6913529e-12)
(8.587877e-06 2.6729965e-05 9.1565924e-12)
(9.6165065e-06 2.9541175e-05 8.4756271e-12)
(1.0430626e-05 3.2299517e-05 7.7444087e-12)
(1.101538e-05 3.4953967e-05 7.0244819e-12)
(1.1366353e-05 3.7460514e-05 6.3439018e-12)
(1.1487939e-05 3.9803575e-05 5.7078265e-12)
(1.1391255e-05 4.1945694e-05 5.1219627e-12)
(1.109365e-05 4.3859967e-05 4.5899822e-12)
(1.061892e-05 4.551342e-05 4.112533e-12)
(9.9914106e-06 4.6877189e-05 3.6859825e-12)
(9.2303402e-06 4.7952823e-05 3.3000962e-12)
(8.3543762e-06 4.8781353e-05 2.9426803e-12)
(7.3807827e-06 4.9320698e-05 2.6041033e-12)
(6.3270864e-06 4.9550306e-05 2.2716098e-12)
(5.2131576e-06 4.9520407e-05 1.9257114e-12)
(4.0592479e-06 4.9497499e-05 1.551082e-12)
(2.8839309e-06 4.73452e-05 1.1857713e-12)
(1.7031216e-06 4.9820326e-05 5.6445799e-13)
(5.3918662e-07 4.5855755e-05 3.7690714e-13)
(-3.9175273e-06 9.586479e-06 9.7513713e-13)
(-2.651747e-06 1.1608292e-05 4.9184747e-12)
(-1.3094583e-06 1.3761169e-05 7.1884811e-12)
(5.9419179e-08 1.6035282e-05 8.3222218e-12)
(1.405593e-06 1.8414883e-05 8.708366e-12)
(2.6829511e-06 2.0838462e-05 8.6109291e-12)
(3.8514085e-06 2.3260693e-05 8.2176357e-12)
(4.8781424e-06 2.5681995e-05 7.6637796e-12)
(5.7384895e-06 2.8055123e-05 7.0453589e-12)
(6.4169003e-06 3.0344045e-05 6.4197906e-12)
(6.9060648e-06 3.2519216e-05 5.8219563e-12)
(7.2061245e-06 3.4543473e-05 5.265697e-12)
(7.323469e-06 3.6393067e-05 4.7527329e-12)
(7.2696198e-06 3.8048767e-05 4.2827382e-12)
(7.060577e-06 3.9486247e-05 3.8546729e-12)
(6.7158687e-06 4.0690754e-05 3.4654301e-12)
(6.2559224e-06 4.1650365e-05 3.1099657e-12)
(5.6987834e-06 4.2355393e-05 2.780837e-12)
(5.0595351e-06 4.2793283e-05 2.4678176e-12)
(4.3544294e-06 4.2961361e-05 2.1587064e-12)
(3.5995492e-06 4.287157e-05 1.8361258e-12)
(2.8106766e-06 4.2752219e-05 1.4829252e-12)
(2.0017901e-06 4.0932904e-05 1.1377399e-12)
(1.1863802e-06 4.3730466e-05 5.4442711e-13)
(3.796006e-07 3.9382163e-05 3.6640215e-13)
(-7.3446543e-06 8.3795458e-06 -2.4840242e-13)
(-6.226558e-06 1.0141976e-05 3.5285999e-12)
(-5.0277178e-06 1.1986053e-05 5.8221708e-12)
(-3.7887008e-06 1.3907572e-05 7.0678337e-12)
(-2.5498668e-06 1.5897233e-05 7.5888214e-12)
(-1.3496472e-06 1.7981534e-05 7.6200345e-12)
(-2.2301898e-07 2.0057081e-05 7.3527732e-12)
(8.0056951e-07 2.2105328e-05 6.9157321e-12)
(1.6983637e-06 2.4130053e-05 6.3974625e-12)
(2.4546698e-06 2.6078437e-05 5.855661e-12)
(3.0602619e-06 2.7942258e-05 5.3260551e-12)
(3.5123807e-06 2.9681406e-05 4.8317895e-12)
(3.8138319e-06 3.1269993e-05 4.3806084e-12)
(3.9720695e-06 3.2683035e-05 3.9690433e-12)
(3.9981201e-06 3.3909975e-05 3.5907319e-12)
(3.9058906e-06 3.4939601e-05 3.24217e-12)
(3.7115514e-06 3.575683e-05 2.9203615e-12)
(3.4306997e-06 3.6353092e-05 2.6193215e-12)
(3.0789418e-06 3.6722302e-05 2.3305031e-12)
(2.6715023e-06 3.6854272e-05 2.0436158e-12)
(2.2216063e-06 3.6738423e-05 1.7434435e-12)
(1.7412e-06 3.6633644e-05 1.4109109e-12)
(1.2413406e-06 3.5047171e-05 1.086969e-12)
(7.3333084e-07 3.7889327e-05 5.2437369e-13)
(2.2820883e-07 3.3670203e-05 3.4865575e-13)
(-1.0279359e-05 7.1913573e-06 -1.2325246e-12)
(-9.2804748e-06 8.6964689e-06 2.4069758e-12)
(-8.1983007e-06 1.0252446e-05 4.6660821e-12)
(-7.0655396e-06 1.1888972e-05 5.9398513e-12)
(-5.9152435e-06 1.3590195e-05 6.5283192e-12)
(-4.7798827e-06 1.5330593e-05 6.6605491e-12)
(-3.6893679e-06 1.7087732e-05 6.5040989e-12)
(-2.6698147e-06 1.8821929e-05 6.1748225e-12)
(-1.7420191e-06 2.0544352e-05 5.7559349e-12)
(-9.217713e-07 2.2192213e-05 5.3017204e-12)
(-2.1928671e-07 2.3739704e-05 4.8480493e-12)
(3.6067584e-07 2.5208125e-05 4.4164216e-12)
(8.1815488e-07 2.6554804e-05 4.0165211e-12)
(1.1573114e-06 2.775763e-05 3.6490877e-12)
(1.3856643e-06 2.8802693e-05 3.3113737e-12)
(1.5132997e-06 2.9678266e-05 3.0007579e-12)
(1.5519001e-06 3.0370231e-05 2.713033e-12)
(1.5140811e-06 3.0873634e-05 2.4414128e-12)
(1.413116e-06 3.1185541e-05 2.1782522e-12)
(1.2610189e-06 3.1297286e-05 1.914515e-12)
(1.0688301e-06 3.1183048e-05 1.637091e-12)
(8.464586e-07 3.1131606e-05 1.3263621e-12)
(6.0363584e-07 2.9659047e-05 1.0267662e-12)
(3.5323829e-07 3.2316195e-05 4.9920996e-13)
(1.0352164e-07 2.8567262e-05 3.2650649e-13)
(-1.2758542e-05 6.0463941e-06 -2.1285977e-12)
(-1.1853884e-05 7.2993471e-06 1.4076118e-12)
(-1.0864839e-05 8.5880321e-06 3.6251651e-12)
(-9.8179645e-06 9.9861368e-06 4.9048694e-12)
(-8.7405664e-06 1.1427608e-05 5.5515132e-12)
(-7.65987e-06 1.2858306e-05 5.7728901e-12)
(-6.6011201e-06 1.4311082e-05 5.7118006e-12)
(-5.5867944e-06 1.5770831e-05 5.4770201e-12)
(-4.6362445e-06 1.7210392e-05 5.1463767e-12)
(-3.7649308e-06 1.8593842e-05 4.7704781e-12)
(-2.9834273e-06 1.990779e-05 4.3833487e-12)
(-2.2978725e-06 2.1140307e-05 4.0077898e-12)
(-1.710336e-06 2.2272141e-05 3.6553097e-12)
(-1.2193162e-06 2.3285688e-05 3.3294212e-12)
(-8.2033617e-07 2.416792e-05 3.029081e-12)
(-5.0653813e-07 2.4907271e-05 2.7522804e-12)
(-2.6938799e-07 2.5493528e-05 2.4948968e-12)
(-9.919217e-08 2.5921665e-05 2.2506527e-12)
(1.3961499e-08 2.6188574e-05 2.0129313e-12)
(7.9365897e-08 2.6287275e-05 1.7735383e-12)
(1.0606329e-07 2.6200971e-05 1.5195919e-12)
(1.025706e-07 2.6208691e-05 1.2323553e-12)
(7.7538718e-08 2.4783769e-05 9.5331143e-13)
(4.1768462e-08 2.7122914e-05 4.5816584e-13)
(2.5516219e-09 2.4026007e-05 2.9975586e-13)
(-1.4829357e-05 4.898894e-06 -2.9817167e-12)
(-1.3996659e-05 5.9280335e-06 4.6836528e-13)
(-1.3079365e-05 7.0174316e-06 2.6650659e-12)
(-1.2099744e-05 8.2075952e-06 3.9669325e-12)
(-1.1080826e-05 9.4113109e-06 4.661368e-12)
(-1.0044794e-05 1.0574632e-05 4.9500135e-12)
(-9.0130104e-06 1.1775754e-05 4.9688618e-12)
(-8.0050226e-06 1.2986148e-05 4.8167489e-12)
(-7.0385054e-06 1.4169594e-05 4.5636974e-12)
(-6.1277535e-06 1.5319456e-05 4.2581439e-12)
(-5.2834122e-06 1.6419245e-05 3.9335264e-12)
(-4.5124673e-06 1.744897e-05 3.6117757e-12)
(-3.8185203e-06 1.8395911e-05 3.305403e-12)
(-3.2023629e-06 1.9242481e-05 3.0202639e-12)
(-2.6621065e-06 1.9977545e-05 2.7566652e-12)
(-2.1935912e-06 2.0595098e-05 2.5116496e-12)
(-1.7909671e-06 2.1089218e-05 2.2816138e-12)
(-1.4472512e-06 2.1453786e-05 2.0622934e-12)
(-1.1550646e-06 2.168781e-05 1.8473904e-12)
(-9.0696475e-07 2.1784265e-05 1.629319e-12)
(-6.9551357e-07 2.173184e-05 1.3961441e-12)
(-5.1334403e-07 2.1787837e-05 1.1309327e-12)
(-3.5341893e-07 2.0445645e-05 8.7340442e-13)
(-2.1094352e-07 2.257495e-05 4.1081748e-13)
(-7.8989418e-08 1.9935717e-05 2.6884517e-13)
(-1.6529148e-05 3.9802532e-06 -3.7749746e-12)
(-1.5753416e-05 4.8222325e-06 -4.0616932e-13)
(-1.4893036e-05 5.7032766e-06 1.7840312e-12)
(-1.396677e-05 6.5770694e-06 3.1209755e-12)
(-1.2993964e-05 7.4992112e-06 3.8642159e-12)
(-1.1993378e-05 8.4718061e-06 4.2080993e-12)
(-1.098358e-05 9.4755447e-06 4.28844e-12)
(-9.982207e-06 1.0484649e-05 4.201222e-12)
(-9.0047035e-06 1.1444277e-05 4.014877e-12)
(-8.0639863e-06 1.2371977e-05 3.7735471e-12)
(-7.170472e-06 1.3268087e-05 3.5075577e-12)
(-6.3317682e-06 1.4125931e-05 3.237006e-12)
(-5.5527674e-06 1.4915717e-05 2.9748279e-12)
(-4.8358116e-06 1.5614943e-05 2.7277403e-12)
(-4.1809368e-06 1.6224176e-05 2.4970561e-12)
(-3.5861326e-06 1.6738865e-05 2.2810538e-12)
(-3.0478114e-06 1.7153095e-05 2.0770235e-12)
(-2.5612692e-06 1.7460719e-05 1.8813498e-12)
(-2.1211618e-06 1.7659695e-05 1.6883832e-12)
(-1.7218e-06 1.7742102e-05 1.4909753e-12)
(-1.3573859e-06 1.7692676e-05 1.2782927e-12)
(-1.022073e-06 1.7725845e-05 1.0350943e-12)
(-7.1071325e-07 1.6571697e-05 7.9814057e-13)
(-4.2121441e-07 1.8874248e-05 3.6747427e-13)
(-1.4645173e-07 1.6109531e-05 2.4235872e-13)
(-1.7880308e-05 3.1185535e-06 -4.4754572e-12)
(-1.7154021e-05 3.7744692e-06 -1.1753717e-12)
(-1.6342987e-05 4.4615405e-06 1.0051818e-12)
(-1.5462612e-05 5.1613922e-06 2.3722045e-12)
(-1.4528979e-05 5.9034775e-06 3.1590711e-12)
(-1.3558994e-05 6.6840178e-06 3.5527067e-12)
(-1.2569157e-05 7.4428394e-06 3.6871642e-12)
(-1.157517e-05 8.2056999e-06 3.653288e-12)
(-1.059077e-05 8.9893385e-06 3.5185583e-12)
(-9.627962e-06 9.7519693e-06 3.3286897e-12)
(-8.6969276e-06 1.0477127e-05 3.1135348e-12)
(-7.8057906e-06 1.1179861e-05 2.8898843e-12)
(-6.9603046e-06 1.1825988e-05 2.6686492e-12)
(-6.1638136e-06 1.239308e-05 2.4559945e-12)
(-5.4176137e-06 1.2895976e-05 2.2545258e-12)
(-4.7213419e-06 1.3324865e-05 2.0645215e-12)
(-4.0732605e-06 1.3670081e-05 1.8844807e-12)
(-3.4705882e-06 1.3926876e-05 1.7109128e-12)
(-2.9098092e-06 1.4097118e-05 1.5386485e-12)
(-2.3870416e-06 1.416999e-05 1.361257e-12)
(-1.8983062e-06 1.4120823e-05 1.1691329e-12)
(-1.4398065e-06 1.417838e-05 9.4592831e-13)
(-1.00789e-06 1.3180929e-05 7.2943616e-13)
(-5.9801868e-07 1.5488272e-05 3.3185282e-13)
(-2.04299e-07 1.2843524e-05 2.1883476e-13)
(-1.890849e-05 2.3307694e-06 -5.0607166e-12)
(-1.8225742e-05 2.8241629e-06 -1.8386498e-12)
(-1.745864e-05 3.345567e-06 3.3142016e-13)
(-1.6619927e-05 3.8866637e-06 1.7221584e-12)
(-1.5723323e-05 4.4619415e-06 2.5456344e-12)
(-1.4783584e-05 5.0571952e-06 2.9825669e-12)
(-1.3815177e-05 5.6477956e-06 3.1635893e-12)
(-1.2831714e-05 6.2493744e-06 3.1744767e-12)
(-1.1846013e-05 6.8637473e-06 3.0834764e-12)
(-1.0869618e-05 7.4732712e-06 2.9368483e-12)
(-9.9124873e-06 8.0650674e-06 2.7611253e-12)
(-8.9828567e-06 8.601395e-06 2.5747105e-12)
(-8.0869367e-06 9.0980587e-06 2.3885237e-12)
(-7.2289661e-06 9.5693361e-06 2.2069859e-12)
(-6.4113561e-06 9.9841852e-06 2.0326395e-12)
(-5.63507e-06 1.0337153e-05 1.8666324e-12)
(-4.8998282e-06 1.0623989e-05 1.7080059e-12)
(-4.2044128e-06 1.0840222e-05 1.5539956e-12)
(-3.5468813e-06 1.0991391e-05 1.4003102e-12)
(-2.9248381e-06 1.1067388e-05 1.2411453e-12)
(-2.3358125e-06 1.1023462e-05 1.0685783e-12)
(-1.7776507e-06 1.1115668e-05 8.639668e-13)
(-1.2479914e-06 1.022502e-05 6.6756333e-13)
(-7.4109576e-07 1.2403653e-05 3.038222e-13)
(-2.5271843e-07 1.0020819e-05 1.9930903e-13)
(-1.9651709e-05 1.62916e-06 -5.480358e-12)
(-1.9005943e-05 1.9810544e-06 -2.3707866e-12)
(-1.8277028e-05 2.3580479e-06 -2.4034397e-13)
(-1.7475912e-05 2.7544061e-06 1.1543426e-12)
(-1.6614496e-05 3.1768895e-06 2.0077634e-12)
(-1.5705072e-05 3.6215806e-06 2.4811225e-12)
(-1.4760086e-05 4.07848e-06 2.7000263e-12)
(-1.3791622e-05 4.5444886e-06 2.7523873e-12)
(-1.2811516e-05 5.0143413e-06 2.7014929e-12)
(-1.1830696e-05 5.4820768e-06 2.5920516e-12)
(-1.0858715e-05 5.9387165e-06 2.4514671e-12)
(-9.9035739e-06 6.3668121e-06 2.2970767e-12)
(-8.971776e-06 6.7703105e-06 2.1387219e-12)
(-8.0684042e-06 7.1491274e-06 1.9824144e-12)
(-7.1970268e-06 7.4855366e-06 1.831839e-12)
(-6.3597711e-06 7.7727043e-06 1.6876493e-12)
(-5.5575489e-06 8.0126762e-06 1.5484066e-12)
(-4.7902951e-06 8.2033457e-06 1.4118661e-12)
(-4.0572327e-06 8.3248724e-06 1.2748468e-12)
(-3.3569892e-06 8.3939915e-06 1.1317975e-12)
(-2.6880946e-06 8.3747478e-06 9.7621201e-13)
(-2.0493088e-06 8.494725e-06 7.9005471e-13)
(-1.4393719e-06 7.6571547e-06 6.1332126e-13)
(-8.5593297e-07 9.6422379e-06 2.8099096e-13)
(-2.9350946e-07 7.597737e-06 1.8346173e-13)
(-2.0151949e-05 1.0099458e-06 -5.7505714e-12)
(-1.9537997e-05 1.2444066e-06 -2.7771277e-12)
(-1.8842584e-05 1.5008333e-06 -7.1605855e-13)
(-1.8075207e-05 1.7774788e-06 6.544353e-13)
(-1.7246113e-05 2.0733803e-06 1.5186467e-12)
(-1.636579e-05 2.3936129e-06 2.0197765e-12)
(-1.5445123e-05 2.7290844e-06 2.2757859e-12)
(-1.4495083e-05 3.0720762e-06 2.3698487e-12)
(-1.3526272e-05 3.4274055e-06 2.3569443e-12)
(-1.2548692e-05 3.7838884e-06 2.2815598e-12)
(-1.1571348e-05 4.1315386e-06 2.1725277e-12)
(-1.0602088e-05 4.4665258e-06 2.0464706e-12)
(-9.6476249e-06 4.7858505e-06 1.9137001e-12)
(-8.7136047e-06 5.0850182e-06 1.7805489e-12)
(-7.8044136e-06 5.3566298e-06 1.6505732e-12)
(-6.9231353e-06 5.5951139e-06 1.5248108e-12)
(-6.0716696e-06 5.7948016e-06 1.4029715e-12)
(-5.2508791e-06 5.9540876e-06 1.2828077e-12)
(-4.4608245e-06 6.0685768e-06 1.1608676e-12)
(-3.7009788e-06 6.1440759e-06 1.0325371e-12)
(-2.9704703e-06 6.139367e-06 8.9235607e-13)
(-2.2683001e-06 6.3033674e-06 7.2403365e-13)
(-1.5935115e-06 5.465911e-06 5.6632738e-13)
(-9.4550647e-07 7.1976288e-06 2.6237837e-13)
(-3.188509e-07 5.5768327e-06 1.7193408e-13)
(-2.0448238e-05 4.8917417e-07 -6.030351e-12)
(-1.9862819e-05 6.2434039e-07 -3.1485927e-12)
(-1.9197765e-05 7.7976339e-07 -1.1382379e-12)
(-1.8461267e-05 9.5850296e-07 2.0403995e-13)
(-1.7662174e-05 1.1533355e-06 1.0668992e-12)
(-1.6809833e-05 1.3685463e-06 1.590397e-12)
(-1.5913932e-05 1.6029544e-06 1.8779661e-12)
(-1.4984324e-05 1.8475524e-06 2.0069678e-12)
(-1.4030541e-05 2.1042849e-06 2.0308992e-12)
(-1.3061698e-05 2.3663931e-06 1.9897075e-12)
(-1.2086316e-05 2.6269901e-06 1.9108007e-12)
(-1.1112151e-05 2.8858306e-06 1.8110708e-12)
(-1.0146087e-05 3.1356945e-06 1.7022913e-12)
(-9.1939071e-06 3.369386e-06 1.5914526e-12)
(-8.2604001e-06 3.5847129e-06 1.4814542e-12)
(-7.3492929e-06 3.7776757e-06 1.3736227e-12)
(-6.4632517e-06 3.9422061e-06 1.2681256e-12)
(-5.603981e-06 4.0769037e-06 1.1630059e-12)
(-4.7723045e-06 4.1848102e-06 1.0548451e-12)
(-3.9683897e-06 4.26211e-06 9.4003907e-13)
(-3.1918307e-06 4.2686169e-06 8.1357668e-13)
(-2.4416287e-06 4.4849551e-06 6.6016388e-13)
(-1.7161037e-06 3.6804295e-06 5.1952552e-13)
(-1.0113004e-06 5.2219865e-06 2.4132603e-13)
(-3.2787663e-07 3.8577725e-06 1.5599307e-13)
(-2.0576465e-05 6.7388173e-08 -6.3615083e-12)
(-2.0017171e-05 1.2237423e-07 -3.5465199e-12)
(-1.9380157e-05 1.9424774e-07 -1.5613825e-12)
(-1.867255e-05 2.883178e-07 -2.2190078e-13)
(-1.7902116e-05 4.0253294e-07 6.4944162e-13)
(-1.707722e-05 5.3753162e-07 1.191116e-12)
(-1.6206525e-05 6.9073112e-07 1.5038962e-12)
(-1.5298828e-05 8.5462048e-07 1.6626195e-12)
(-1.4362858e-05 1.0304169e-06 1.719263e-12)
(-1.3407053e-05 1.216368e-06 1.7095089e-12)
(-1.2439503e-05 1.4064786e-06 1.6593524e-12)
(-1.1467742e-05 1.599781e-06 1.586005e-12)
(-1.049856e-05 1.7903153e-06 1.5009293e-12)
(-9.5378132e-06 1.9721685e-06 1.4110646e-12)
(-8.5904936e-06 2.1429184e-06 1.3198145e-12)
(-7.6607185e-06 2.29794e-06 1.2288887e-12)
(-6.751686e-06 2.4345121e-06 1.1383864e-12)
(-5.8657567e-06 2.5512064e-06 1.0469335e-12)
(-5.004422e-06 2.6461958e-06 9.5216866e-13)
(-4.1683896e-06 2.7164012e-06 8.5080532e-13)
(-3.3575448e-06 2.7392762e-06 7.3765707e-13)
(-2.5708742e-06 2.9097975e-06 5.9909742e-13)
(-1.8063506e-06 2.2438338e-06 4.725976e-13)
(-1.0597374e-06 3.7590865e-06 2.1867895e-13)
(-3.3599435e-07 2.4384149e-06 1.4226192e-13)
(-2.0570065e-05 -2.6339456e-07 -6.7109969e-12)
(-2.0034866e-05 -2.7071279e-07 -3.954333e-12)
(-1.9423961e-05 -2.6212422e-07 -1.9913213e-12)
(-1.8743654e-05 -2.3449059e-07 -6.4499451e-13)
(-1.8000831e-05 -1.8619707e-07 2.4491557e-13)
(-1.7202927e-05 -1.1844551e-07 8.1018031e-13)
(-1.6357725e-05 -3.1266665e-08 1.1497372e-12)
(-1.5473193e-05 6.7860425e-08 1.3369975e-12)
(-1.4557341e-05 1.7933175e-07 1.4224017e-12)
(-1.3618052e-05 3.0660351e-07 1.4404329e-12)
(-1.2662944e-05 4.4230834e-07 1.4168622e-12)
(-1.169919e-05 5.8230091e-07 1.3684879e-12)
(-1.0733359e-05 7.2364764e-07 1.305864e-12)
(-9.7713352e-06 8.6338772e-07 1.2358344e-12)
(-8.8182369e-06 9.9835717e-07 1.162277e-12)
(-7.878408e-06 1.1229864e-06 1.0871134e-12)
(-6.9554411e-06 1.235942e-06 1.0107018e-12)
(-6.0520776e-06 1.3368059e-06 9.3230615e-13)
(-5.1702962e-06 1.4213509e-06 8.5038476e-13)
(-4.3112489e-06 1.4829193e-06 7.6229432e-13)
(-3.4751253e-06 1.5072639e-06 6.628256e-13)
(-2.6612057e-06 1.6467976e-06 5.403614e-13)
(-1.8683695e-06 1.0965918e-06 4.2744164e-13)
(-1.0968023e-06 2.5821419e-06 1.9580371e-13)
(-3.4959127e-07 1.323099e-06 1.2877302e-13)
(-2.0459942e-05 -5.1029103e-07 -7.0558727e-12)
(-1.9947051e-05 -5.6336735e-07 -4.3628665e-12)
(-1.9360535e-05 -6.0171639e-07 -2.422079e-12)
(-1.8706007e-05 -6.2451298e-07 -1.0670528e-12)
(-1.7989658e-05 -6.2858076e-07 -1.5392179e-13)
(-1.7218116e-05 -6.1389455e-07 4.3956016e-13)
(-1.6398414e-05 -5.7971535e-07 8.0855865e-13)
(-1.5537818e-05 -5.3008018e-07 1.0239099e-12)
(-1.4643694e-05 -4.6540093e-07 1.1353091e-12)
(-1.3723383e-05 -3.8546895e-07 1.1792957e-12)
(-1.2784004e-05 -2.9565361e-07 1.1810098e-12)
(-1.1832358e-05 -1.9817386e-07 1.1558724e-12)
(-1.087478e-05 -9.5313513e-08 1.1142303e-12)
(-9.9170695e-06 9.6644336e-09 1.0631825e-12)
(-8.9643798e-06 1.1368525e-07 1.0066831e-12)
(-8.0211877e-06 2.1652603e-07 9.4656223e-13)
(-7.0913077e-06 3.1291677e-07 8.8386453e-13)
(-6.1777661e-06 3.9811498e-07 8.1852138e-13)
(-5.2829072e-06 4.7173591e-07 7.4934775e-13)
(-4.4083313e-06 5.2817425e-07 6.7410262e-13)
(-3.5549097e-06 5.5586393e-07 5.880638e-13)
(-2.7229359e-06 6.9046327e-07 4.8122314e-13)
(-1.912367e-06 2.0127018e-07 3.8276706e-13)
(-1.12471e-06 1.582572e-06 1.7391001e-13)
(-3.6090581e-07 4.6832315e-07 1.1552413e-13)
(-2.0274208e-05 -6.818566e-07 -7.3950233e-12)
(-1.9781934e-05 -7.6807428e-07 -4.7582428e-12)
(-1.9218143e-05 -8.4246178e-07 -2.8359953e-12)
(-1.8587866e-05 -9.0102519e-07 -1.4755177e-12)
(-1.7896692e-05 -9.4121986e-07 -5.4468612e-13)
(-1.7150611e-05 -9.6543394e-07 7.3623171e-14)
(-1.6355996e-05 -9.702809e-07 4.7082637e-13)
(-1.5519484e-05 -9.5752208e-07 7.1434854e-13)
(-1.4647875e-05 -9.2893461e-07 8.5273706e-13)
(-1.3747964e-05 -8.8574512e-07 9.2254284e-13)
(-1.2826424e-05 -8.3105978e-07 9.4813101e-13)
(-1.1889693e-05 -7.6636763e-07 9.4488033e-13)
(-1.0943859e-05 -6.9397823e-07 9.2344116e-13)
(-9.9945579e-06 -6.1653451e-07 8.9074563e-13)
(-9.0469074e-06 -5.3626976e-07 8.5076949e-13)
(-8.105439e-06 -4.5465003e-07 8.0580239e-13)
(-7.1740478e-06 -3.7540129e-07 7.5717978e-13)
(-6.2560393e-06 -3.0161964e-07 7.0505585e-13)
(-5.3540815e-06 -2.347819e-07 6.4858814e-13)
(-4.4702893e-06 -1.8011178e-07 5.8592437e-13)
(-3.6063599e-06 -1.4873983e-07 5.1313711e-13)
(-2.7637977e-06 -5.6121262e-09 4.2106609e-13)
(-1.9431806e-06 -4.7242323e-07 3.3745517e-13)
(-1.1446047e-06 7.4085041e-07 1.5262946e-13)
(-3.6765873e-07 -1.4574537e-07 1.0189493e-13)
(-2.0037898e-05 -7.86532e-07 -7.7467812e-12)
(-1.9564606e-05 -8.9880947e-07 -5.1397489e-12)
(-1.9021859e-05 -9.9504533e-07 -3.2347264e-12)
(-1.8414228e-05 -1.07613e-06 -1.8755047e-12)
(-1.774674e-05 -1.1401754e-06 -9.3128069e-13)
(-1.7024879e-05 -1.1877604e-06 -2.9188584e-13)
(-1.6254442e-05 -1.2192268e-06 1.3083475e-13)
(-1.544154e-05 -1.2339635e-06 4.017582e-13)
(-1.4592434e-05 -1.2328554e-06 5.6783133e-13)
(-1.3713442e-05 -1.2176768e-06 6.6391164e-13)
(-1.2810822e-05 -1.1892852e-06 7.1341076e-13)
(-1.1890663e-05 -1.149287e-06 7.319705e-13)
(-1.0958789e-05 -1.1002631e-06 7.3041362e-13)
(-1.0020656e-05 -1.0442222e-06 7.1550558e-13)
(-9.0812893e-06 -9.8309654e-07 6.9173076e-13)
(-8.1452106e-06 -9.1931917e-07 6.6207242e-13)
(-7.2164027e-06 -8.5499438e-07 6.2791112e-13)
(-6.298345e-06 -7.918887e-07 5.8948065e-13)
(-5.3940041e-06 -7.3121809e-07 5.460322e-13)
(-4.505933e-06 -6.7629048e-07 4.9606521e-13)
(-3.6364253e-06 -6.4234227e-07 4.3661985e-13)
(-2.7877023e-06 -4.8275255e-07 3.5911082e-13)
(-1.9611264e-06 -9.5404212e-07 2.9036293e-13)
(-1.156607e-06 6.3019689e-08 1.3077494e-13)
(-3.7400913e-07 -5.4210979e-07 8.8131321e-14)
(-1.9773011e-05 -8.2801046e-07 -8.1388738e-12)
(-1.9317025e-05 -9.5151712e-07 -5.555264e-12)
(-1.8793559e-05 -1.0597407e-06 -3.6554533e-12)
(-1.820677e-05 -1.1529248e-06 -2.290379e-12)
(-1.756125e-05 -1.2321401e-06 -1.3280318e-12)
(-1.6862002e-05 -1.2968513e-06 -6.6404506e-13)
(-1.6114388e-05 -1.3457701e-06 -2.1577099e-13)
(-1.532402e-05 -1.3777245e-06 8.1094429e-14)
(-1.449671e-05 -1.3952079e-06 2.7393582e-13)
(-1.3638344e-05 -1.3994897e-06 3.9595027e-13)
(-1.2754802e-05 -1.3902315e-06 4.6967881e-13)
(-1.1851852e-05 -1.3692468e-06 5.1064097e-13)
(-1.0935052e-05 -1.3383991e-06 5.2943754e-13)
(-1.0009678e-05 -1.2993183e-06 5.329696e-13)
(-9.0806378e-06 -1.2539261e-06 5.2608646e-13)
(-8.1524264e-06 -1.2043811e-06 5.1202288e-13)
(-7.2290907e-06 -1.1521335e-06 4.9236065e-13)
(-6.3142355e-06 -1.0987181e-06 4.676602e-13)
(-5.4110442e-06 -1.045297e-06 4.3747808e-13)
(-4.5223509e-06 -9.9488805e-07 4.0064533e-13)
(-3.6507381e-06 -9.5806074e-07 3.5474343e-13)
(-2.7986307e-06 -8.1497518e-07 2.9248613e-13)
(-1.9689552e-06 -1.2381462e-06 2.3823633e-13)
(-1.1623161e-06 -3.4568593e-07 1.0398858e-13)
(-3.7931412e-07 -8.8456909e-07 7.2402462e-14)
(-1.9498648e-05 -8.1351522e-07 -8.5745668e-12)
(-1.9058163e-05 -9.3639032e-07 -6.0095254e-12)
(-1.855204e-05 -1.046504e-06 -4.1082894e-12)
(-1.798408e-05 -1.1445468e-06 -2.727574e-12)
(-1.7358517e-05 -1.2307231e-06 -1.7423425e-12)
(-1.6679962e-05 -1.3023355e-06 -1.053323e-12)
(-1.595338e-05 -1.3597783e-06 -5.7857885e-13)
(-1.5183966e-05 -1.4021823e-06 -2.5463912e-13)
(-1.4377118e-05 -1.4308495e-06 -3.488158e-14)
(-1.3538367e-05 -1.4474166e-06 1.1306956e-13)
(-1.267326e-05 -1.4511996e-06 2.1121073e-13)
(-1.1787272e-05 -1.4435175e-06 2.7486923e-13)
(-1.0885719e-05 -1.4258906e-06 3.1460355e-13)
(-9.9736938e-06 -1.3997589e-06 3.3749171e-13)
(-9.0559939e-06 -1.3668059e-06 3.4842668e-13)
(-8.1370795e-06 -1.328644e-06 3.5063159e-13)
(-7.2210359e-06 -1.2866025e-06 3.4595052e-13)
(-6.3115689e-06 -1.2420479e-06 3.3528615e-13)
(-5.4120237e-06 -1.1963505e-06 3.1867995e-13)
(-4.5254249e-06 -1.1526732e-06 2.9547559e-13)
(-3.6545262e-06 -1.1181233e-06 2.6376419e-13)
(-2.8018823e-06 -1.0036101e-06 2.1799758e-13)
(-1.9712694e-06 -1.3220872e-06 1.7863927e-13)
(-1.1642934e-06 -5.2881498e-07 7.0672133e-14)
(-3.8175297e-07 -1.024884e-06 5.263635e-14)
(-1.9231618e-05 -7.4849936e-07 -9.0275099e-12)
(-1.8804718e-05 -8.6286582e-07 -6.4730816e-12)
(-1.8313823e-05 -9.6646347e-07 -4.5689961e-12)
(-1.776247e-05 -1.0602109e-06 -3.1753104e-12)
(-1.7154582e-05 -1.1436384e-06 -2.1706861e-12)
(-1.6494456e-05 -1.2140552e-06 -1.4579142e-12)
(-1.5786702e-05 -1.272904e-06 -9.5655174e-13)
(-1.5036189e-05 -1.3189728e-06 -6.0527669e-13)
(-1.4247907e-05 -1.3520963e-06 -3.5891595e-13)
(-1.3427135e-05 -1.3740247e-06 -1.8553493e-13)
(-1.2579125e-05 -1.3846655e-06 -6.3206559e-14)
(-1.1709086e-05 -1.3848977e-06 2.3257215e-14)
(-1.0822122e-05 -1.3760582e-06 8.4356697e-14)
(-9.9231647e-06 -1.3592562e-06 1.2717332e-13)
(-9.0169128e-06 -1.3356239e-06 1.5652182e-13)
(-8.1077887e-06 -1.3064818e-06 1.7567229e-13)
(-7.1999038e-06 -1.2731557e-06 1.8670081e-13)
(-6.2970494e-06 -1.2367607e-06 1.9077139e-13)
(-5.4027066e-06 -1.1985627e-06 1.8834552e-13)
(-4.5200722e-06 -1.1614118e-06 1.7932699e-13)
(-3.6520802e-06 -1.129492e-06 1.6245321e-13)
(-2.8014391e-06 -1.0367368e-06 1.3396212e-13)
(-1.9715496e-06 -1.2733726e-06 1.1069684e-13)
(-1.1646754e-06 -5.5512506e-07 3.0370421e-14)
(-3.8103257e-07 -1.0382594e-06 2.8365503e-14)
(-1.8988267e-05 -6.3936771e-07 -9.4054885e-12)
(-1.857288e-05 -7.3752043e-07 -6.8701736e-12)
(-1.809492e-05 -8.269275e-07 -4.9764986e-12)
(-1.7557701e-05 -9.0797526e-07 -3.5852438e-12)
(-1.6964894e-05 -9.8008025e-07 -2.5747003e-12)
(-1.632053e-05 -1.0418555e-06 -1.8475443e-12)
(-1.5628946e-05 -1.0942844e-06 -1.326333e-12)
(-1.4894759e-05 -1.1385444e-06 -9.5197703e-13)
(-1.4122618e-05 -1.1716694e-06 -6.818963e-13)
(-1.3317592e-05 -1.1929196e-06 -4.855141e-13)
(-1.2484663e-05 -1.2049329e-06 -3.4082387e-13)
(-1.1628826e-05 -1.208254e-06 -2.3287224e-13)
(-1.0755007e-05 -1.2038804e-06 -1.5139695e-13)
(-9.8680088e-06 -1.1926928e-06 -8.942654e-14)
(-8.9724476e-06 -1.1755789e-06 -4.2168186e-14)
(-8.0727119e-06 -1.1535692e-06 -6.2898537e-15)
(-7.1729333e-06 -1.1276838e-06 2.0436978e-14)
(-6.2769704e-06 -1.0987468e-06 3.9400469e-14)
(-5.3884112e-06 -1.06775e-06 5.138859e-14)
(-4.5105867e-06 -1.036751e-06 5.6760539e-14)
(-3.6465728e-06 -1.0076163e-06 5.4934975e-14)
(-2.7991887e-06 -9.3204156e-07 4.3707381e-14)
(-1.9714548e-06 -1.110941e-06 3.7136709e-14)
(-1.1646474e-06 -4.9247104e-07 -1.4623497e-14)
(-3.7831486e-07 -9.2585051e-07 6.3099575e-16)
(-1.8785378e-05 -4.9314077e-07 -9.5203371e-12)
(-1.8379224e-05 -5.6856907e-07 -7.0492084e-12)
(-1.7911651e-05 -6.3742328e-07 -5.208485e-12)
(-1.7385782e-05 -6.9951118e-07 -3.8554849e-12)
(-1.68051e-05 -7.5444883e-07 -2.8679419e-12)
(-1.6173415e-05 -8.0163018e-07 -2.1495524e-12)
(-1.549484e-05 -8.4073049e-07 -1.6267046e-12)
(-1.4773761e-05 -8.7764149e-07 -1.2431274e-12)
(-1.4014833e-05 -9.0655799e-07 -9.5961295e-13)
(-1.3222677e-05 -9.2245297e-07 -7.4804065e-13)
(-1.2402115e-05 -9.3162221e-07 -5.8708001e-13)
(-1.155798e-05 -9.3457721e-07 -4.6254769e-13)
(-1.0695071e-05 -9.3172436e-07 -3.647945e-13)
(-9.8180915e-06 -9.2370168e-07 -2.8715563e-13)
(-8.9315968e-06 -9.111615e-07 -2.2496004e-13)
(-8.0399507e-06 -8.9481489e-07 -1.7487767e-13)
(-7.1472956e-06 -8.7536007e-07 -1.3457255e-13)
(-6.2575305e-06 -8.5340151e-07 -1.0247351e-13)
(-5.374302e-06 -8.2957673e-07 -7.7563243e-14)
(-4.5009968e-06 -8.0528121e-07 -5.9168747e-14)
(-3.6407313e-06 -7.8133863e-07 -4.7275852e-14)
(-2.7963287e-06 -7.2416702e-07 -4.2835373e-14)
(-1.9706797e-06 -8.5738591e-07 -3.4192105e-14)
(-1.1638879e-06 -3.6224892e-07 -5.8867817e-14)
(-3.7652831e-07 -7.1678261e-07 -2.7448923e-14)
(-1.864542e-05 -3.2218347e-07 -9.0496577e-12)
(-1.8245846e-05 -3.7071949e-07 -6.7575169e-12)
(-1.778566e-05 -4.1502698e-07 -5.0638525e-12)
(-1.7267862e-05 -4.5508578e-07 -3.8218125e-12)
(-1.6695788e-05 -4.903705e-07 -2.9131213e-12)
(-1.6073095e-05 -5.2067767e-07 -2.2470113e-12)
(-1.5403729e-05 -5.4576907e-07 -1.756177e-12)
(-1.4691886e-05 -5.6554917e-07 -1.391336e-12)
(-1.3942289e-05 -5.8137021e-07 -1.1163462e-12)
(-1.3159212e-05 -5.9230738e-07 -9.0591698e-13)
(-1.2347345e-05 -5.9778044e-07 -7.4213584e-13)
(-1.1511418e-05 -5.9903359e-07 -6.1239366e-13)
(-1.0656143e-05 -5.9642779e-07 -5.0807996e-13)
(-9.7861594e-06 -5.9041638e-07 -4.231418e-13)
(-8.9059829e-06 -5.8142639e-07 -3.5327142e-13)
(-8.019962e-06 -5.6988543e-07 -2.9533798e-13)
(-7.1322432e-06 -5.5629623e-07 -2.4705434e-13)
(-6.2467407e-06 -5.4106532e-07 -2.068182e-13)
(-5.3671107e-06 -5.2456925e-07 -1.7352502e-13)
(-4.4967298e-06 -5.0786182e-07 -1.4633047e-13)
(-3.6386699e-06 -4.9176445e-07 -1.2478073e-13)
(-2.7956947e-06 -4.5318838e-07 -1.089559e-13)
(-1.9706605e-06 -5.4905735e-07 -8.9511474e-14)
(-1.1636292e-06 -1.9261178e-07 -9.193352e-14)
(-3.7614654e-07 -4.589574e-07 -4.9479558e-14)
(-1.859191e-05 -1.4480174e-07 -7.5608535e-12)
(-1.8195807e-05 -1.6633069e-07 -5.6660307e-12)
(-1.7739491e-05 -1.8608318e-07 -4.2839936e-12)
(-1.72259e-05 -2.0402321e-07 -3.2761178e-12)
(-1.6658291e-05 -2.1964698e-07 -2.5382579e-12)
(-1.6040236e-05 -2.3290598e-07 -1.9945918e-12)
(-1.5375596e-05 -2.4367682e-07 -1.5903142e-12)
(-1.466849e-05 -2.4675598e-07 -1.2869707e-12)
(-1.3923308e-05 -2.4805444e-07 -1.0553352e-12)
(-1.3144509e-05 -2.5200893e-07 -8.7448241e-13)
(-1.2336646e-05 -2.534061e-07 -7.3139081e-13)
(-1.1504382e-05 -2.5263374e-07 -6.162865e-13)
(-1.0652373e-05 -2.4992266e-07 -5.2233382e-13)
(-9.7852258e-06 -2.455219e-07 -4.4469575e-13)
(-8.9074372e-06 -2.3968314e-07 -3.7984958e-13)
(-8.023355e-06 -2.3263606e-07 -3.251987e-13)
(-7.1371331e-06 -2.2463004e-07 -2.7884581e-13)
(-6.2526941e-06 -2.1584972e-07 -2.3943329e-13)
(-5.3736931e-06 -2.0648084e-07 -2.0595762e-13)
(-4.5034828e-06 -1.9726423e-07 -1.7757393e-13)
(-3.6450855e-06 -1.892041e-07 -1.5363472e-13)
(-2.8012059e-06 -1.657723e-07 -1.3387522e-13)
(-1.9745799e-06 -2.2773702e-07 -1.1144747e-13)
(-1.1657968e-06 -1.6486171e-08 -1.0076461e-13)
(-3.7688818e-07 -1.8528007e-07 -5.8688335e-14)
(-1.8633175e-05 1.7577201e-08 -4.6416768e-12)
(-1.8236995e-05 1.8507928e-08 -3.4810404e-12)
(-1.778058e-05 1.9780503e-08 -2.6439085e-12)
(-1.7266845e-05 2.1522629e-08 -2.038131e-12)
(-1.6699032e-05 2.3775794e-08 -1.5951816e-12)
(-1.6080697e-05 2.648575e-08 -1.267683e-12)
(-1.5415687e-05 2.9705509e-08 -1.022656e-12)
(-1.4708094e-05 3.6441266e-08 -8.3743625e-13)
(-1.3962011e-05 4.4512383e-08 -6.9647653e-13)
(-1.3182108e-05 4.9198733e-08 -5.8373279e-13)
(-1.2372991e-05 5.2613978e-08 -4.9330148e-13)
(-1.1539294e-05 5.6092268e-08 -4.1984095e-13)
(-1.0685662e-05 5.9687576e-08 -3.5933325e-13)
(-9.8166976e-06 6.3309108e-08 -3.089299e-13)
(-8.9369104e-06 6.6842136e-08 -2.6649334e-13)
(-8.0506682e-06 7.0219345e-08 -2.3042885e-13)
(-7.1621494e-06 7.3398552e-08 -1.9958661e-13)
(-6.2752988e-06 7.6361193e-08 -1.7312789e-13)
(-5.3937887e-06 7.9099596e-08 -1.5040176e-13)
(-4.5209859e-06 8.1376009e-08 -1.3083986e-13)
(-3.6599221e-06 8.2327909e-08 -1.1395105e-13)
(-2.8132922e-06 9.3469727e-08 -9.945148e-14)
(-1.9838181e-06 6.4755739e-08 -8.3869582e-14)
(-1.1705879e-06 1.3592767e-07 -7.2444166e-14)
(-3.7749269e-07 8.263032e-08 -4.5999724e-14)
)
;

boundaryField
{
    Walls
    {
        type            noSlip;
    }
    Inlet
    {
        type            pressureInletVelocity;
        value           nonuniform List<vector> 3((1.5373138 -0 -0) (1.5462765 -0 -0) (1.5774266 -0 -0));
    }
    Outlet
    {
        type            pressureInletOutletVelocity;
        value           nonuniform List<vector> 
86
(
(-1.9552131e-05 0 0)
(-1.9561721e-05 0 0)
(-1.9434785e-05 0 0)
(-1.9234592e-05 0 0)
(-1.8966511e-05 0 0)
(-1.8633175e-05 0 0)
(-1.8236995e-05 1.2654457e-19 2.2309154e-19)
(-1.778058e-05 -1.2337756e-19 1.8850716e-19)
(-1.7266845e-05 0 0)
(-1.6699032e-05 0 0)
(-1.6080697e-05 0 0)
(-1.5415687e-05 0 0)
(-1.4708094e-05 -1.020579e-19 -9.3559862e-20)
(-1.3962011e-05 9.688091e-20 -8.223513e-20)
(-1.3182108e-05 0 0)
(-1.2372991e-05 0 0)
(-1.1539294e-05 0 0)
(-1.0685662e-05 0 0)
(-9.8166976e-06 0 0)
(-8.9369104e-06 0 0)
(-8.0506682e-06 0 0)
(-7.1621494e-06 0 0)
(-6.2752988e-06 0 0)
(-5.3937887e-06 0 0)
(-4.5209859e-06 0 0)
(-3.6599221e-06 0 0)
(-2.8132922e-06 0 0)
(-1.9838181e-06 2.7531007e-20 0)
(-1.1705879e-06 -1.6245171e-20 0)
(-3.7749269e-07 0 0)
(-2.0326679e-06 0.10092002 -2.1651433e-07)
(9.3344662e-05 0.070672316 -2.0018937e-07)
(3.0017899e-05 0.022137097 -1.5393616e-07)
(0 -0.0060370605 0)
(0 -0.011250272 0)
(0 -0.0060995694 0)
(0 -0.0015380077 0)
(-1.1449282e-07 0.0001606481 -1.3493161e-08)
(-1.3903158e-07 0.0003299226 -9.9299378e-09)
(-4.166483e-08 9.1526899e-05 -5.5876252e-09)
(0 -6.3933888e-05 0)
(0 -7.1234419e-05 0)
(0 -1.8298122e-05 0)
(2.4520212e-06 3.8168149e-05 -1.298136e-10)
(2.8892741e-06 7.3868828e-05 -5.1978177e-11)
(2.7633244e-06 8.9777926e-05 -2.025862e-11)
(2.7150845e-06 9.343519e-05 -7.5786827e-12)
(2.5049236e-06 9.1734554e-05 -2.4700197e-12)
(2.2480383e-06 8.7477843e-05 -4.5506042e-13)
(1.9832803e-06 8.275715e-05 3.1603379e-13)
(1.733239e-06 7.7653828e-05 5.3957818e-13)
(1.4689761e-06 7.1727542e-05 5.5271527e-13)
(1.1946331e-06 6.5412282e-05 4.9417273e-13)
(9.4159131e-07 5.8730759e-05 4.4192181e-13)
(7.2014428e-07 5.2120607e-05 4.0239568e-13)
(5.3918662e-07 4.5855755e-05 3.7690714e-13)
(3.796006e-07 3.9382163e-05 3.6640215e-13)
(2.2820883e-07 3.3670203e-05 3.4865575e-13)
(1.0352164e-07 2.8567262e-05 3.2650649e-13)
(2.5516219e-09 2.4026007e-05 2.9975586e-13)
(-7.8989418e-08 1.9935717e-05 2.6884517e-13)
(-1.4645173e-07 1.6109531e-05 2.4235872e-13)
(-2.04299e-07 1.2843524e-05 2.1883476e-13)
(-2.5271843e-07 1.0020819e-05 1.9930903e-13)
(-2.9350946e-07 7.597737e-06 1.8346173e-13)
(-3.188509e-07 5.5768327e-06 1.7193408e-13)
(-3.2787663e-07 3.8577725e-06 1.5599307e-13)
(-3.3599435e-07 2.4384149e-06 1.4226192e-13)
(-3.4959127e-07 1.323099e-06 1.2877302e-13)
(-3.6090581e-07 4.6832315e-07 1.1552413e-13)
(0 -1.4574537e-07 0)
(0 -5.4210979e-07 0)
(0 -8.8456909e-07 0)
(0 -1.024884e-06 0)
(0 -1.0382594e-06 0)
(0 -9.2585051e-07 0)
(0 -7.1678261e-07 0)
(0 -4.589574e-07 0)
(0 -1.8528007e-07 0)
(-3.7749269e-07 8.263032e-08 -4.5999724e-14)
(0 -0.000880937 0)
(0 -0.0046848875 0)
(0 -0.010104792 0)
(0 -0.0065552123 0)
(-2.1102601e-05 0.019100167 -1.5386537e-07)
(-9.088648e-05 0.067305731 -2.0007926e-07)
)
;
    }
    Front
    {
        type            wedge;
    }
    Back
    {
        type            wedge;
    }
    defaultFaces
    {
        type            empty;
    }
}


// ************************************************************************* //
