/*--------------------------------*- C++ -*----------------------------------*\
| =========                 |                                                 |
| \\      /  F ield         | OpenFOAM: The Open Source CFD Toolbox           |
|  \\    /   O peration     | Version:  4.0                                   |
|   \\  /    A nd           | Web:      www.OpenFOAM.org                      |
|    \\/     M anipulation  |                                                 |
\*---------------------------------------------------------------------------*/
FoamFile
{
    version     2.0;
    format      ascii;
    class       volVectorField;
    location    "0.13";
    object      U;
}
// * * * * * * * * * * * * * * * * * * * * * * * * * * * * * * * * * * * * * //

dimensions      [0 1 -1 0 0 0 0];

internalField   nonuniform List<vector> 
1740
(
(1.4692817 0.0079745009 3.9885129e-06)
(1.4906331 -0.011667527 7.0639325e-07)
(1.6047078 -0.0089338272 2.8259122e-08)
(1.4719044 -0.0020981942 7.1566772e-06)
(1.6001822 -0.033275985 1.391793e-06)
(1.6141225 -0.02498701 2.9119523e-07)
(1.5667987 -0.011740771 1.0042669e-05)
(1.6013003 -0.017834952 2.308058e-06)
(1.5057078 -0.0057967161 4.3921582e-07)
(1.575406 0.00038001729 1.2935887e-05)
(1.504826 0.019405625 3.135644e-06)
(1.6082433 0.0068978395 5.1360203e-07)
(1.4993518 0.0021762989 1.4464798e-05)
(1.5136018 -0.0032519691 3.9989643e-06)
(1.6020639 -0.007704934 7.9757965e-07)
(1.5385327 -0.0089141088 1.5833216e-05)
(1.611551 -0.019076145 4.7319339e-06)
(1.5071384 -0.012977282 9.73379e-07)
(1.5218845 -0.0072240042 1.6770341e-05)
(1.6078394 -0.0083627048 5.6917301e-06)
(1.5297325 -0.0022790705 1.0978612e-06)
(1.5832376 0.00029599607 1.760137e-05)
(1.615949 0.00077237822 6.3430672e-06)
(1.5431028 -0.0015150367 1.3648809e-06)
(1.582282 0.013572327 1.8586664e-05)
(1.6058709 0.016169904 7.1465725e-06)
(1.5093508 0.0031959345 1.5395956e-06)
(1.474626 0.011710694 1.9218375e-05)
(1.5789105 0.020187144 7.7183086e-06)
(1.5739749 0.0068099231 1.6789718e-06)
(1.4859362 -0.0093659613 1.9525515e-05)
(1.5951419 -0.00097850139 8.4764798e-06)
(1.5936492 -0.00060168324 1.951201e-06)
(1.5344938 0.00032116147 1.9467021e-05)
(1.5017909 -0.0068608535 8.8784964e-06)
(1.5021928 -0.0039449673 2.114179e-06)
(1.4959485 0.0032735896 1.9744856e-05)
(1.5704328 0.014914305 9.4260857e-06)
(1.5759748 0.00077171473 2.2849779e-06)
(1.5473541 -0.016837754 2.0259899e-05)
(1.5576292 0.0026249339 9.9143568e-06)
(1.6299561 0.0047952396 2.5538549e-06)
(1.5893314 -0.011253178 2.0846013e-05)
(1.5011664 0.0029700829 1.0376158e-05)
(1.5521814 0.0043122119 2.7139335e-06)
(1.5500319 0.0032152413 2.1107695e-05)
(1.5011235 -0.0042860478 1.0980527e-05)
(1.5976783 -0.0040642426 2.8956069e-06)
(1.5484705 -9.9708431e-05 2.1179733e-05)
(1.5377523 -0.026925007 1.136702e-05)
(1.5987087 -0.017445818 3.0953581e-06)
(1.6063611 -0.0076292266 2.130406e-05)
(1.5612837 -0.033877425 1.185794e-05)
(1.5266337 -0.016203944 3.2949475e-06)
(1.67193 -0.0074127469 2.1411032e-05)
(1.6125689 -0.007171574 1.2168545e-05)
(1.5256361 -0.0032594567 3.485611e-06)
(1.6022117 0.0023889498 2.1512187e-05)
(1.6162556 0.022421369 1.2665871e-05)
(1.5179379 0.009356365 3.6507425e-06)
(1.5682116 0.014371766 2.1962884e-05)
(1.5425363 0.017743893 1.2995467e-05)
(1.5362283 0.0072527621 3.8213538e-06)
(1.5261346 0.011589986 2.2317499e-05)
(1.5643331 0.020113486 1.3423486e-05)
(1.5281232 0.0080077648 3.998699e-06)
(1.5226453 0.0050464216 2.2485057e-05)
(1.5169035 0.006569767 1.3758251e-05)
(1.5911638 0.0065174382 4.1333451e-06)
(1.5276189 0.0059301385 2.2138338e-05)
(1.5893013 -0.014605115 1.3957965e-05)
(1.5867126 -0.011169238 4.3295008e-06)
(1.5121521 -0.007414177 2.1966274e-05)
(1.6174688 -0.014139214 1.4229966e-05)
(1.519507 -0.004026431 4.5125604e-06)
(1.5544482 -0.0079262889 2.1864057e-05)
(1.5309033 0.0015338629 1.4452648e-05)
(1.5400053 0.0058195116 4.6825711e-06)
(1.5291239 0.0023864623 2.2081517e-05)
(1.5194385 -0.0032964052 1.4777226e-05)
(1.5323646 -0.00018108102 4.7802833e-06)
(1.532143 0.0019930368 2.2724497e-05)
(1.5172725 0.0031022044 1.5093947e-05)
(1.5293326 -0.0052091911 4.9302445e-06)
(1.4392106 0.0051074605 2.2720332e-05)
(1.487115 -0.001365477 1.5274883e-05)
(1.5373993 -0.0028393897 4.8677917e-06)
(1.2397215 0.031071688 2.3785609e-05)
(1.2908862 0.091665241 1.591357e-05)
(1.3743721 0.058681722 5.5692205e-06)
(0.8244393 0.36487869 1.1872656e-05)
(0.7963417 0.9323557 1.0105908e-05)
(0.73499638 1.2500818 5.44797e-06)
(0.21094939 0.1110702 1.5053087e-06)
(0.18383414 0.36536017 3.1411963e-06)
(0.088921154 0.50307038 7.2229997e-07)
(-0.037059177 -0.014459947 1.2491676e-06)
(-0.032396916 -0.02947149 1.7453311e-06)
(-0.020559828 -0.03369289 6.528323e-07)
(-0.011616148 -0.0039223753 4.74621e-07)
(-0.010137122 -0.0092403917 8.0077278e-07)
(-0.0072830242 -0.011856675 4.3347158e-07)
(-0.003915218 -0.00087168259 1.4574487e-07)
(-0.0031444235 -0.0019528657 3.0870534e-07)
(-0.0020790519 -0.0026131007 2.0721656e-07)
(-0.0020537242 -0.00033591977 4.6444005e-08)
(-0.0016648895 -0.00066371727 1.1108176e-07)
(-0.0010495799 -0.00086913015 8.2305267e-08)
(-0.0012401439 -0.0001411201 1.1996831e-08)
(-0.0010547536 -0.00027924535 3.4347602e-08)
(-0.00074272404 -0.00032488163 2.499355e-08)
(-0.00085940412 -7.1522747e-05 2.8398612e-10)
(-0.00075920431 -0.00012299525 6.2458733e-09)
(-0.00057957431 -0.00014190224 2.5489521e-09)
(-0.00067451335 -5.2572937e-05 -1.4967882e-09)
(-0.00061757862 -0.00010873103 -7.8931742e-10)
(-0.00050749068 -0.00013913685 -2.7980264e-09)
(-0.00053687851 -4.7304914e-05 -5.1124043e-10)
(-0.00050615195 -0.00010417962 -6.8841963e-10)
(-0.0004422821 -0.00015112005 -1.9406858e-09)
(-0.00040553517 -3.8593564e-05 2.5708501e-10)
(-0.00038699304 -8.7639095e-05 2.7481393e-10)
(-0.00034866136 -0.00013336442 -4.3574383e-10)
(-0.00030465528 -2.9030236e-05 3.2937879e-10)
(-0.00029316234 -6.1950874e-05 5.1743517e-10)
(-0.000268595 -9.4823825e-05 2.2587726e-10)
(-0.00023543174 -1.8530847e-05 1.2338892e-10)
(-0.00022856352 -4.1412842e-05 3.2490078e-10)
(-0.00021269524 -6.361256e-05 2.6783242e-10)
(-0.00018879607 -1.2541101e-05 -3.9054016e-11)
(-0.00018460658 -2.7831777e-05 7.7431199e-11)
(-0.00017434235 -4.2766941e-05 1.1321439e-10)
(-0.00015733292 -9.1384214e-06 -1.0594508e-10)
(-0.00015428258 -1.9588418e-05 -6.7837901e-11)
(-0.00014680483 -3.0088201e-05 -1.4338398e-11)
(-0.0001341031 -6.6188664e-06 -1.1329746e-10)
(-0.00013194118 -1.4572832e-05 -1.0573683e-10)
(-0.00012636575 -2.2894092e-05 -6.091693e-11)
(-0.00011585118 -5.3528158e-06 -8.5971381e-11)
(-0.00011444077 -1.1959258e-05 -8.5452354e-11)
(-0.00011039996 -1.8608641e-05 -5.3935886e-11)
(-0.00010159438 -4.4500432e-06 -5.8956864e-11)
(-0.00010060651 -9.8079261e-06 -5.838597e-11)
(-9.7657363e-05 -1.5020328e-05 -3.4884479e-11)
(-9.0410267e-05 -3.5028119e-06 -4.9667512e-11)
(-8.9748714e-05 -7.7243942e-06 -4.5424967e-11)
(-8.7577163e-05 -1.1964862e-05 -2.3103484e-11)
(-8.1489296e-05 -2.787239e-06 -4.2072467e-11)
(-8.1041218e-05 -6.1643163e-06 -3.9622663e-11)
(-7.9399719e-05 -9.5971272e-06 -1.9191322e-11)
(-7.4258318e-05 -2.2495986e-06 -3.7496759e-11)
(-7.3956302e-05 -4.9876366e-06 -3.8113398e-11)
(-7.2697925e-05 -7.8738338e-06 -1.9290536e-11)
(-6.8311558e-05 -1.8454792e-06 -3.5654263e-11)
(-6.8110345e-05 -4.1199789e-06 -3.8661317e-11)
(-6.7130578e-05 -6.5171744e-06 -2.1402245e-11)
(-6.3338858e-05 -1.5692964e-06 -3.3820815e-11)
(-6.3211294e-05 -3.4443477e-06 -3.8559471e-11)
(-6.2433722e-05 -5.4266181e-06 -2.3044279e-11)
(-5.9098655e-05 -1.3567569e-06 -3.1650334e-11)
(-5.9025062e-05 -2.9581408e-06 -3.7324263e-11)
(-5.8394607e-05 -4.6838508e-06 -2.3039865e-11)
(-5.5402517e-05 -1.1984961e-06 -2.8851399e-11)
(-5.5366849e-05 -2.6164254e-06 -3.4543086e-11)
(-5.4846586e-05 -4.1557766e-06 -2.2161948e-11)
(-5.2105579e-05 -1.077287e-06 -2.7167686e-11)
(-5.2096936e-05 -2.3582531e-06 -3.2376745e-11)
(-5.1660838e-05 -3.7580448e-06 -2.1527217e-11)
(-4.9094846e-05 -9.8574163e-07 -2.6692414e-11)
(-4.9105005e-05 -2.1650978e-06 -3.1281613e-11)
(-4.873451e-05 -3.4698778e-06 -2.1179382e-11)
(-4.6291205e-05 -9.314604e-07 -2.5955518e-11)
(-4.6313705e-05 -2.0498599e-06 -2.9739214e-11)
(-4.5994528e-05 -3.2880799e-06 -2.042269e-11)
(-4.3650248e-05 -9.0106883e-07 -2.5014886e-11)
(-4.3681215e-05 -1.9863442e-06 -2.8147481e-11)
(-4.3401056e-05 -3.1792746e-06 -1.9710987e-11)
(-4.1144566e-05 -8.4110488e-07 -2.485595e-11)
(-4.118057e-05 -1.859802e-06 -2.7144001e-11)
(-4.0930218e-05 -3.0096785e-06 -1.9219879e-11)
(-3.8746026e-05 -8.1042655e-07 -2.4674637e-11)
(-3.8784573e-05 -1.799818e-06 -2.6208673e-11)
(-3.8557663e-05 -2.9320193e-06 -1.8745742e-11)
(-3.6426851e-05 -7.8918027e-07 -2.4423216e-11)
(-3.6467683e-05 -1.7574908e-06 -2.5269592e-11)
(-3.6262496e-05 -2.8657718e-06 -1.8232972e-11)
(-3.4170763e-05 -7.6920376e-07 -2.428433e-11)
(-3.4212249e-05 -1.7126154e-06 -2.4481709e-11)
(-3.4026594e-05 -2.7963395e-06 -1.7743283e-11)
(-3.1977746e-05 -7.4316979e-07 -2.4363234e-11)
(-3.2018022e-05 -1.6566247e-06 -2.3904158e-11)
(-3.1847886e-05 -2.7127449e-06 -1.7358596e-11)
(-2.9856755e-05 -7.1697722e-07 -2.3955033e-11)
(-2.9895503e-05 -1.6018014e-06 -2.2951264e-11)
(-2.973939e-05 -2.6124732e-06 -1.6951816e-11)
(-2.7817611e-05 -6.8952198e-07 -2.3431078e-11)
(-2.7854673e-05 -1.5464332e-06 -2.1895705e-11)
(-2.7711119e-05 -2.5194881e-06 -1.6346155e-11)
(-2.5869748e-05 -6.546584e-07 -2.3426744e-11)
(-2.5904957e-05 -1.4710378e-06 -2.1417511e-11)
(-2.577285e-05 -2.4032408e-06 -1.60337e-11)
(-2.4022716e-05 -6.1947354e-07 -2.3258358e-11)
(-2.4056022e-05 -1.3947819e-06 -2.0931793e-11)
(-2.3934471e-05 -2.2737609e-06 -1.5796147e-11)
(-2.2285832e-05 -5.8009313e-07 -2.3094537e-11)
(-2.2317297e-05 -1.3083327e-06 -2.0489889e-11)
(-2.2205528e-05 -2.1340507e-06 -1.5590911e-11)
(-2.0667919e-05 -5.3724352e-07 -2.2961619e-11)
(-2.0697628e-05 -1.2134558e-06 -2.0119504e-11)
(-2.0594907e-05 -1.9798625e-06 -1.5433889e-11)
(-1.917696e-05 -4.9190543e-07 -2.2844506e-11)
(-1.9205036e-05 -1.1124509e-06 -1.9807821e-11)
(-1.911062e-05 -1.8150507e-06 -1.5314909e-11)
(-1.7819749e-05 -4.4459749e-07 -2.2738862e-11)
(-1.7846345e-05 -1.0066606e-06 -1.9553159e-11)
(-1.7759513e-05 -1.6424577e-06 -1.523882e-11)
(-1.6601505e-05 -3.9542138e-07 -2.2660322e-11)
(-1.6626794e-05 -8.9647495e-07 -1.9376143e-11)
(-1.654682e-05 -1.4628338e-06 -1.5229468e-11)
(-1.5525954e-05 -3.445654e-07 -2.2637477e-11)
(-1.5550103e-05 -7.8231166e-07 -1.9315608e-11)
(-1.5476215e-05 -1.2767694e-06 -1.5322684e-11)
(-1.4596566e-05 -2.939483e-07 -2.2683181e-11)
(-1.4619725e-05 -6.6613152e-07 -1.9407608e-11)
(-1.4551094e-05 -1.0856241e-06 -1.5546106e-11)
(-1.3818545e-05 -2.4018146e-07 -2.282687e-11)
(-1.3840863e-05 -5.4404544e-07 -1.9644216e-11)
(-1.3776621e-05 -8.8623811e-07 -1.5863196e-11)
(-1.3198381e-05 -1.851127e-07 -2.3015241e-11)
(-1.3220023e-05 -4.1807841e-07 -1.9878663e-11)
(-1.3159282e-05 -6.8017208e-07 -1.6076158e-11)
(-1.2749748e-05 -1.2859706e-07 -2.3121385e-11)
(-1.2770902e-05 -2.8884189e-07 -1.9731767e-11)
(-1.2712707e-05 -4.6976511e-07 -1.5731312e-11)
(-1.2483353e-05 -7.037992e-08 -2.2779207e-11)
(-1.2504237e-05 -1.5794869e-07 -1.8313657e-11)
(-1.2447564e-05 -2.5991803e-07 -1.3973665e-11)
(-1.2383197e-05 -1.6105303e-08 -2.0559483e-11)
(-1.2403994e-05 -3.4966181e-08 -1.3632143e-11)
(-1.2347789e-05 -5.9903404e-08 -9.4580775e-12)
(-0.046086549 1.9588616 -3.5628904e-07)
(-0.032779823 1.7022793 -3.4390677e-06)
(-0.062341949 0.34556348 -2.3783115e-07)
(-0.043293778 0.15477413 -9.8818404e-07)
(-0.016098851 -0.040893254 -1.1421945e-07)
(-0.011884523 -0.043029691 -5.1559782e-07)
(-0.0056233998 -0.013866105 2.1884455e-08)
(-0.0049572537 -0.014914936 -2.5394888e-07)
(-0.0014990749 -0.003258356 2.2840577e-08)
(-0.0014006169 -0.0038786296 -1.3454863e-07)
(-0.00059569389 -0.00098734133 2.6737807e-09)
(-0.00035246789 -0.0010722206 -7.9468168e-08)
(-0.00043770147 -0.00027761136 -9.6641329e-09)
(-0.00022310661 -0.00020786541 -5.0451272e-08)
(-0.00039106667 -0.00010182253 -1.2414197e-08)
(-0.00023571925 -8.0350059e-06 -3.1747835e-08)
(-0.00038490934 -0.00012191451 -9.318404e-09)
(-0.00027357041 -8.2713376e-05 -1.8002183e-08)
(-0.00036399243 -0.0001704635 -4.8662964e-09)
(-0.00028449383 -0.00016952988 -8.6501964e-09)
(-0.00029882321 -0.00016524277 -1.7588464e-09)
(-0.00024621304 -0.00017982129 -3.374163e-09)
(-0.00023635736 -0.00012187007 -3.3712861e-10)
(-0.00020149694 -0.00013944912 -1.0045471e-09)
(-0.00019194742 -8.0839387e-05 6.702503e-11)
(-0.00016877741 -9.352935e-05 -1.87178e-10)
(-0.00016006067 -5.4394804e-05 7.285515e-11)
(-0.00014316233 -6.2984363e-05 -2.4492107e-12)
(-0.00013642622 -3.8868332e-05 4.9708661e-12)
(-0.00012393044 -4.5304565e-05 9.6957171e-13)
(-0.00011861965 -3.0323074e-05 -2.8444762e-11)
(-0.00010929174 -3.5759266e-05 -1.1304115e-11)
(-0.00010467689 -2.4598646e-05 -2.6751479e-11)
(-9.7651968e-05 -2.9374691e-05 -8.8319634e-12)
(-9.3464737e-05 -1.9835089e-05 -1.4088429e-11)
(-8.8162393e-05 -2.3904175e-05 4.91699e-13)
(-8.4371793e-05 -1.5998742e-05 -5.4162341e-12)
(-8.0273193e-05 -1.9532633e-05 6.9235609e-12)
(-7.6924316e-05 -1.2913298e-05 -3.1758928e-12)
(-7.3713176e-05 -1.5979336e-05 8.2248894e-12)
(-7.0773377e-05 -1.05688e-05 -4.8330593e-12)
(-6.8253584e-05 -1.3017862e-05 5.7347939e-12)
(-6.5616317e-05 -8.7354787e-06 -7.6145981e-12)
(-6.3600785e-05 -1.0786924e-05 2.4090454e-12)
(-6.1218293e-05 -7.3396498e-06 -1.0073341e-11)
(-5.9588968e-05 -9.2061529e-06 -2.9602527e-13)
(-5.7399439e-05 -6.3966297e-06 -1.0886216e-11)
(-5.6060696e-05 -8.0702795e-06 -1.8287628e-12)
(-5.4019097e-05 -5.7004506e-06 -1.1165238e-11)
(-5.290168e-05 -7.2006003e-06 -2.9040452e-12)
(-5.0962269e-05 -5.165096e-06 -1.1540752e-11)
(-5.0015761e-05 -6.5373886e-06 -3.8942953e-12)
(-4.8137174e-05 -4.7785158e-06 -1.1847501e-11)
(-4.7324664e-05 -6.0659835e-06 -4.6873018e-12)
(-4.5477307e-05 -4.5171893e-06 -1.1835432e-11)
(-4.4770812e-05 -5.7302656e-06 -5.2008867e-12)
(-4.2944376e-05 -4.3469281e-06 -1.1755337e-11)
(-4.2321782e-05 -5.4930089e-06 -5.5471098e-12)
(-4.0520229e-05 -4.1915753e-06 -1.1676189e-11)
(-3.9964263e-05 -5.3954404e-06 -5.780203e-12)
(-3.8185785e-05 -4.0702785e-06 -1.1604487e-11)
(-3.7685898e-05 -5.2029383e-06 -6.0205643e-12)
(-3.5925562e-05 -3.9624162e-06 -1.1476734e-11)
(-3.5466355e-05 -5.0445125e-06 -6.1847135e-12)
(-3.3720318e-05 -3.851555e-06 -1.131877e-11)
(-3.3296465e-05 -4.9032315e-06 -6.278179e-12)
(-3.1566127e-05 -3.729717e-06 -1.1213059e-11)
(-3.118029e-05 -4.7577491e-06 -6.3673144e-12)
(-2.9480366e-05 -3.5914156e-06 -1.115531e-11)
(-2.912624e-05 -4.5944036e-06 -6.4776402e-12)
(-2.7472713e-05 -3.4720292e-06 -1.092636e-11)
(-2.7147103e-05 -4.4195372e-06 -6.5444666e-12)
(-2.5553308e-05 -3.3238806e-06 -1.0831657e-11)
(-2.5253811e-05 -4.2334484e-06 -6.6018107e-12)
(-2.3732309e-05 -3.1479197e-06 -1.081202e-11)
(-2.3456726e-05 -4.0056845e-06 -6.7311615e-12)
(-2.2019455e-05 -2.9559371e-06 -1.0819994e-11)
(-2.1765885e-05 -3.7534231e-06 -6.8929939e-12)
(-2.042367e-05 -2.7421894e-06 -1.0850141e-11)
(-2.0190365e-05 -3.4867023e-06 -7.0548109e-12)
(-1.8952988e-05 -2.5142504e-06 -1.0899101e-11)
(-1.8738261e-05 -3.2012793e-06 -7.2169706e-12)
(-1.7614301e-05 -2.2756601e-06 -1.0973472e-11)
(-1.7416521e-05 -2.8993309e-06 -7.3886858e-12)
(-1.6412834e-05 -2.0271945e-06 -1.1095367e-11)
(-1.6230351e-05 -2.5836929e-06 -7.5906751e-12)
(-1.5352189e-05 -1.7692889e-06 -1.1296701e-11)
(-1.5183258e-05 -2.2545205e-06 -7.8520426e-12)
(-1.4435666e-05 -1.5038766e-06 -1.1596839e-11)
(-1.4278426e-05 -1.9163625e-06 -8.1883569e-12)
(-1.3668371e-05 -1.2274518e-06 -1.1950014e-11)
(-1.3520889e-05 -1.5641975e-06 -8.5584321e-12)
(-1.3056763e-05 -9.4156069e-07 -1.2162045e-11)
(-1.291707e-05 -1.1992797e-06 -8.7984943e-12)
(-1.2614349e-05 -6.5016255e-07 -1.182244e-11)
(-1.2480309e-05 -8.2817433e-07 -8.5738008e-12)
(-1.2351683e-05 -3.6078334e-07 -1.0260423e-11)
(-1.2221005e-05 -4.6025918e-07 -7.3869548e-12)
(-1.225267e-05 -8.3958966e-08 -6.6440503e-12)
(-1.2123031e-05 -1.0761327e-07 -4.7006232e-12)
(0.0014707125 -3.2832359e-06 -3.6298033e-08)
(0.0014387429 -5.2141476e-05 -8.4415534e-08)
(0.0013599189 -5.0448996e-05 -1.1644032e-07)
(0.0012493937 -6.8690135e-05 -1.3414446e-07)
(0.0011228703 -6.3963891e-05 -1.4048248e-07)
(0.00098823384 -6.5659403e-05 -1.3876016e-07)
(0.00085846916 -6.5841757e-05 -1.3205895e-07)
(0.00074089887 -7.384823e-05 -1.2273523e-07)
(0.00063908876 -8.9100739e-05 -1.1229931e-07)
(0.00055448254 -0.00011359275 -1.0166476e-07)
(0.00048337403 -0.00014761649 -9.1390861e-08)
(0.00042443941 -0.00018790406 -8.1729456e-08)
(0.00037511158 -0.00023265248 -7.2732075e-08)
(0.00033308312 -0.00027843418 -6.4327035e-08)
(0.00029641773 -0.0003230508 -5.6432778e-08)
(0.00026352894 -0.00036541346 -4.9006605e-08)
(0.00023317038 -0.00040431218 -4.2047841e-08)
(0.00020439013 -0.00043817302 -3.5579961e-08)
(0.00017646938 -0.00046664632 -2.9608489e-08)
(0.00014880859 -0.0004891495 -2.4161878e-08)
(0.00012131496 -0.00050571351 -1.9262681e-08)
(9.4005519e-05 -0.00051575336 -1.4845773e-08)
(6.6920271e-05 -0.00051997799 -1.0786444e-08)
(4.0032071e-05 -0.00051319508 -6.9330355e-09)
(1.3028649e-05 -0.00049560597 -3.336114e-09)
(0.00024732221 -0.00012149549 -5.2731271e-08)
(0.00024296261 -0.00051885946 -1.2043617e-07)
(0.00023009005 -0.00073585001 -1.62531e-07)
(0.0002178059 -0.0010462284 -1.825911e-07)
(0.00021565942 -0.0012856265 -1.8672788e-07)
(0.0002305032 -0.0015387742 -1.8147055e-07)
(0.00025697471 -0.0017846363 -1.7130804e-07)
(0.0002879397 -0.0020490275 -1.5900327e-07)
(0.00031346903 -0.002333364 -1.4596329e-07)
(0.00032939427 -0.002617237 -1.3298049e-07)
(0.00033677767 -0.0028942927 -1.2067037e-07)
(0.00033507419 -0.0031595586 -1.092405e-07)
(0.00032571709 -0.0034086248 -9.8688549e-08)
(0.00031032791 -0.0036372861 -8.8821659e-08)
(0.0002902594 -0.0038432001 -7.9480049e-08)
(0.00026655254 -0.004023934 -7.0589097e-08)
(0.00024011837 -0.0041778079 -6.213311e-08)
(0.00021183199 -0.0043033635 -5.4147768e-08)
(0.00018248537 -0.0044011814 -4.6542148e-08)
(0.0001528267 -0.0044732386 -3.934634e-08)
(0.00012321462 -0.0045133882 -3.2643889e-08)
(9.3921879e-05 -0.0045153448 -2.6203574e-08)
(6.5205272e-05 -0.0044821572 -1.9799227e-08)
(3.7212394e-05 -0.0043992128 -1.2884201e-08)
(1.0520985e-05 -0.004204737 -5.408191e-09)
(0.0011437944 -0.00035371432 -9.2174189e-08)
(0.0011246534 -0.0016268414 -2.0212828e-07)
(0.001111123 -0.0021783737 -2.6125848e-07)
(0.0011234964 -0.0030684546 -2.8013815e-07)
(0.001152241 -0.0037844653 -2.7627257e-07)
(0.0011834047 -0.0045307795 -2.6257281e-07)
(0.0012008408 -0.0052760695 -2.4506248e-07)
(0.0011974256 -0.0061742502 -2.2693489e-07)
(0.0011748581 -0.0072073582 -2.0890913e-07)
(0.0011348659 -0.0081850162 -1.9131796e-07)
(0.0010804553 -0.0090452468 -1.751595e-07)
(0.0010151386 -0.0097773176 -1.6046618e-07)
(0.00094265208 -0.010383675 -1.4719197e-07)
(0.00086524721 -0.010866884 -1.3481325e-07)
(0.00078422558 -0.011237474 -1.2301626e-07)
(0.00070116006 -0.011501549 -1.116852e-07)
(0.00061751972 -0.011665904 -1.0077682e-07)
(0.00053450081 -0.011737667 -9.0446684e-08)
(0.00045302959 -0.011724992 -8.0204342e-08)
(0.00037401909 -0.011633703 -7.024083e-08)
(0.00029788386 -0.011477838 -6.0514953e-08)
(0.00022494149 -0.0112753 -5.0795007e-08)
(0.00015540282 -0.011037063 -4.0509436e-08)
(8.9264537e-05 -0.010728262 -2.8353558e-08)
(2.739237e-05 -0.01029267 -1.3787406e-08)
(0.0037772645 -0.001086054 -1.7597531e-07)
(0.0036788214 -0.0048207331 -3.5472145e-07)
(0.0035736649 -0.0061372561 -4.262886e-07)
(0.0033883074 -0.0093197874 -4.3061733e-07)
(0.0031886371 -0.012181412 -4.0887925e-07)
(0.0029572175 -0.014763006 -3.8079736e-07)
(0.0027095974 -0.016640954 -3.5182833e-07)
(0.002453171 -0.017704962 -3.2653807e-07)
(0.0022034404 -0.018081211 -3.0260254e-07)
(0.0019640914 -0.01803497 -2.7822542e-07)
(0.0017392525 -0.01767111 -2.5656213e-07)
(0.0015310126 -0.017101091 -2.3701811e-07)
(0.0013382491 -0.016379739 -2.2001573e-07)
(0.0011563612 -0.015524557 -2.0411061e-07)
(0.00098912231 -0.014598564 -1.8880084e-07)
(0.00083862362 -0.013647656 -1.74023e-07)
(0.00070434817 -0.01270588 -1.5969292e-07)
(0.0005850828 -0.011801104 -1.4567715e-07)
(0.00047927121 -0.010957264 -1.32041e-07)
(0.00038512829 -0.010188098 -1.1866332e-07)
(0.00030096902 -0.0095064195 -1.0541431e-07)
(0.00022513779 -0.0089182702 -9.2033635e-08)
(0.00015612638 -0.0084276536 -7.7874576e-08)
(9.2470561e-05 -0.0079824239 -6.1468274e-08)
(3.3025522e-05 -0.0076080403 -3.8380973e-08)
(0.011707368 -0.0087192501 -3.6490382e-07)
(0.0092464029 -0.02565716 -6.1689631e-07)
(0.0079745605 -0.028005144 -6.7058333e-07)
(0.0062420284 -0.032226147 -6.4804458e-07)
(0.0048368728 -0.029714624 -6.0391584e-07)
(0.0036196038 -0.025995275 -5.5552856e-07)
(0.0026067456 -0.021379244 -5.095573e-07)
(0.0018012798 -0.01651794 -4.6709468e-07)
(0.0011727342 -0.011632771 -4.3087916e-07)
(0.00068803682 -0.007085002 -3.9782663e-07)
(0.00032067055 -0.0029762317 -3.6792402e-07)
(5.1209268e-05 0.00057772331 -3.3983938e-07)
(-0.00013910687 0.0037113538 -3.1758997e-07)
(-0.00026659887 0.0067395044 -2.9637207e-07)
(-0.00034614256 0.0095485432 -2.7562617e-07)
(-0.00038701695 0.011999303 -2.5570678e-07)
(-0.00039770254 0.014043137 -2.3651668e-07)
(-0.00038523747 0.015691 -2.1791587e-07)
(-0.00035531949 0.016968233 -1.9981292e-07)
(-0.00031258811 0.017904236 -1.821108e-07)
(-0.00026084121 0.018526676 -1.6470634e-07)
(-0.00020332051 0.018868381 -1.4740141e-07)
(-0.00014235541 0.018927273 -1.2961417e-07)
(-8.0594873e-05 0.018796039 -1.1370232e-07)
(-1.8094566e-05 0.018100129 -9.8817728e-08)
(0.014331467 0.024227024 -7.5777434e-07)
(0.0033447348 -0.00051713967 -1.0573516e-06)
(0.00070666642 0.048959934 -1.050604e-06)
(-0.001073357 0.051792292 -9.7166701e-07)
(-0.0026424995 0.065932888 -8.928959e-07)
(-0.0038180741 0.076177747 -8.0594578e-07)
(-0.0044705633 0.083276501 -7.2803678e-07)
(-0.0046676173 0.089224201 -6.599279e-07)
(-0.0045827698 0.093605091 -6.0017145e-07)
(-0.0043561332 0.096330209 -5.4828516e-07)
(-0.0040582493 0.097845425 -5.0366845e-07)
(-0.003703704 0.098333266 -4.5651236e-07)
(-0.0033444299 0.098090408 -4.2889354e-07)
(-0.002998945 0.096955746 -3.9869399e-07)
(-0.0026499486 0.094891622 -3.6849062e-07)
(-0.0023105708 0.092496433 -3.4095336e-07)
(-0.0019905664 0.089896543 -3.1510294e-07)
(-0.0016913247 0.087178215 -2.9051972e-07)
(-0.0014128871 0.084413446 -2.6695993e-07)
(-0.0011541674 0.081660644 -2.4426083e-07)
(-0.00091334974 0.078953099 -2.2230529e-07)
(-0.00068832566 0.076340534 -2.0096339e-07)
(-0.00047649935 0.07376327 -1.801229e-07)
(-0.00027627544 0.071508067 -1.6023395e-07)
(-8.1614372e-05 0.067934568 -1.4087135e-07)
(-0.0015863736 1.1773576 -2.5105384e-06)
(-0.00083063237 0.963369 -1.9954885e-06)
(-0.0011034124 0.86722743 -1.6167802e-06)
(-0.00080221874 0.77435717 -1.3246124e-06)
(-0.00068305931 0.67819826 -1.1037886e-06)
(-0.00058446296 0.58692802 -9.4004425e-07)
(-0.00049351189 0.50866584 -8.1764106e-07)
(-0.0004157054 0.44507359 -7.2584221e-07)
(-0.00034719155 0.39263491 -6.5125806e-07)
(-0.00029050322 0.34790383 -5.9306195e-07)
(-0.00023996044 0.30930136 -5.4638636e-07)
(-0.00019775212 0.2760996 -5.041071e-07)
(-0.00016073544 0.2477246 -4.6754859e-07)
(-0.0001330485 0.22346687 -4.3460349e-07)
(-0.00010999547 0.20264686 -4.040652e-07)
(-9.0939839e-05 0.18478339 -3.7532758e-07)
(-7.4866082e-05 0.16945391 -3.4789347e-07)
(-6.0900815e-05 0.15629345 -3.2150051e-07)
(-4.9081587e-05 0.14499418 -2.9602471e-07)
(-3.8922937e-05 0.13530532 -2.7139702e-07)
(-3.0064348e-05 0.12699996 -2.4757889e-07)
(-2.2211449e-05 0.11995003 -2.2447002e-07)
(-1.5116628e-05 0.11384279 -2.0220561e-07)
(-8.6300016e-06 0.10914669 -1.8087794e-07)
(-2.4406863e-06 0.10296975 -1.5788534e-07)
(-0.012733008 0.092974595 -1.1845027e-06)
(-0.0022925292 0.1005776 -1.2166549e-06)
(-1.1842201e-05 0.10602805 -1.1655301e-06)
(0.0015816639 0.1073953 -1.0721434e-06)
(0.0030148047 0.10920192 -9.6840036e-07)
(0.0040884856 0.11065439 -8.6773027e-07)
(0.0046709999 0.11214447 -7.7768574e-07)
(0.0048163863 0.11356531 -6.9971275e-07)
(0.0046715463 0.11426145 -6.1599278e-07)
(0.0044051617 0.114236 -5.7148265e-07)
(0.0041077515 0.1134923 -5.2728469e-07)
(0.0037674667 0.11187246 -4.8091188e-07)
(0.0033928292 0.10946687 -4.4139152e-07)
(0.0030205924 0.10650216 -4.0661788e-07)
(0.0026612298 0.10326921 -3.7529057e-07)
(0.0023198001 0.099905076 -3.4650554e-07)
(0.0019987681 0.096493876 -3.1965701e-07)
(0.0016993338 0.093100983 -2.9432584e-07)
(0.0014196782 0.089777039 -2.7021249e-07)
(0.0011595596 0.086560917 -2.4709565e-07)
(0.00091742502 0.083470726 -2.2478873e-07)
(0.00069133606 0.080543554 -2.0301867e-07)
(0.00047871882 0.077708992 -1.8248436e-07)
(0.00027783373 0.075262619 -1.6224542e-07)
(8.2472867e-05 0.071461367 -1.4225657e-07)
(-0.0092239453 -0.040584218 -7.2906922e-07)
(-0.0077237277 -0.038156102 -7.8763268e-07)
(-0.0063194857 -0.036345172 -7.7247786e-07)
(-0.0049692208 -0.032926079 -7.2712887e-07)
(-0.0037359415 -0.028093275 -6.7088659e-07)
(-0.002670374 -0.022629162 -6.1165494e-07)
(-0.0017922117 -0.017005762 -5.5768242e-07)
(-0.0011003073 -0.011478424 -5.0854561e-07)
(-0.00057189866 -0.006526386 -4.6251795e-07)
(-0.00017160922 -0.0021172783 -4.2802824e-07)
(0.00012056242 0.0016603984 -3.9582654e-07)
(0.00032614103 0.0052496584 -3.6540929e-07)
(0.0004588903 0.0086809954 -3.3763581e-07)
(0.00053912155 0.011781128 -3.1218329e-07)
(0.00057754476 0.014453572 -2.8860906e-07)
(0.00058283017 0.016687485 -2.6647733e-07)
(0.00056233384 0.018502532 -2.4555476e-07)
(0.00052165736 0.019933538 -2.255802e-07)
(0.00046789358 0.021019991 -2.0635254e-07)
(0.0004040392 0.021788928 -1.8769229e-07)
(0.00033311509 0.022261664 -1.693428e-07)
(0.0002574946 0.0224587 -1.506036e-07)
(0.00017990005 0.022398361 -1.3473513e-07)
(0.00010240223 0.022138603 -1.1667375e-07)
(2.4710296e-05 0.021280264 -1.0077743e-07)
(-0.0046439074 -0.016227935 -4.1132044e-07)
(-0.0043407916 -0.018543677 -4.7665642e-07)
(-0.004047656 -0.021145169 -4.86459e-07)
(-0.0037443448 -0.023070559 -4.691277e-07)
(-0.0034139657 -0.024319206 -4.4163222e-07)
(-0.0030772273 -0.024779364 -4.1377269e-07)
(-0.002753493 -0.02461942 -3.7904873e-07)
(-0.0024435315 -0.024022563 -3.4697001e-07)
(-0.0021531156 -0.023164486 -3.1809717e-07)
(-0.0018911687 -0.022102311 -2.9371935e-07)
(-0.0016526013 -0.020922218 -2.7144943e-07)
(-0.0014313262 -0.019618368 -2.5073139e-07)
(-0.0012265406 -0.018245607 -2.315328e-07)
(-0.0010441733 -0.016858157 -2.1366841e-07)
(-0.00088330944 -0.015490621 -1.9693264e-07)
(-0.00074204453 -0.014174073 -1.8083909e-07)
(-0.00061854897 -0.012934245 -1.6560739e-07)
(-0.0005113039 -0.011795065 -1.5093912e-07)
(-0.00041622048 -0.010778629 -1.3668391e-07)
(-0.0003324423 -0.009888803 -1.2272367e-07)
(-0.00025847301 -0.0091233171 -1.0889297e-07)
(-0.0001927329 -0.0084804339 -9.4951414e-08)
(-0.00013371782 -0.0079533604 -8.086988e-08)
(-7.9840954e-05 -0.0074915373 -6.3591262e-08)
(-2.9648157e-05 -0.0071228645 -3.9686026e-08)
(-0.0013781578 -0.0045533357 -2.3924557e-07)
(-0.001389423 -0.0052976516 -2.9374145e-07)
(-0.0014310596 -0.0060959743 -3.114979e-07)
(-0.001478209 -0.0068611311 -3.0781429e-07)
(-0.0015157356 -0.0076750305 -2.933149e-07)
(-0.0015223745 -0.0087002619 -2.7410621e-07)
(-0.0015016709 -0.0098610053 -2.5174711e-07)
(-0.0014545785 -0.010899046 -2.3007815e-07)
(-0.0013865287 -0.011787749 -2.1039453e-07)
(-0.0013051819 -0.012518804 -1.9298672e-07)
(-0.0012153895 -0.013107349 -1.7715674e-07)
(-0.0011211557 -0.013557944 -1.625165e-07)
(-0.0010242977 -0.013884651 -1.4888656e-07)
(-0.00092582783 -0.014094587 -1.3612185e-07)
(-0.0008273696 -0.014174044 -1.2446574e-07)
(-0.0007321191 -0.014141188 -1.1322794e-07)
(-0.0006395041 -0.014027137 -1.0225369e-07)
(-0.00054972846 -0.013855846 -9.1625399e-08)
(-0.00046441496 -0.013639818 -8.1324373e-08)
(-0.00038279662 -0.013387254 -7.1329993e-08)
(-0.00030473625 -0.013104515 -6.1520861e-08)
(-0.00023017579 -0.012798967 -5.1675696e-08)
(-0.00015907027 -0.012475371 -4.1295497e-08)
(-9.1403726e-05 -0.012086722 -2.8742592e-08)
(-2.8232207e-05 -0.011583482 -1.3997538e-08)
(-0.00024966176 -0.0012312141 -1.4159193e-07)
(-0.00020095462 -0.0014578182 -1.7865745e-07)
(-0.00018947936 -0.0017435823 -1.9426558e-07)
(-0.00021353732 -0.0020675601 -1.9537536e-07)
(-0.00026803795 -0.0024021376 -1.8799683e-07)
(-0.0003280784 -0.002760597 -1.7618107e-07)
(-0.00038142917 -0.0031508062 -1.6216153e-07)
(-0.00042083955 -0.0035345695 -1.479607e-07)
(-0.00044414101 -0.0039037465 -1.3461619e-07)
(-0.00045273558 -0.0042476138 -1.2244758e-07)
(-0.00044898493 -0.0045620492 -1.1129386e-07)
(-0.00043598535 -0.0048444264 -1.00969e-07)
(-0.00041639691 -0.0050955939 -9.1349926e-08)
(-0.00039111778 -0.0053209411 -8.2347336e-08)
(-0.00036254392 -0.0055405667 -7.3956613e-08)
(-0.00033023993 -0.0057532158 -6.5980354e-08)
(-0.00029568365 -0.0059322047 -5.8320835e-08)
(-0.00025964965 -0.006067185 -5.0983519e-08)
(-0.00022313031 -0.0061554422 -4.3970625e-08)
(-0.00018654584 -0.0061963226 -3.7422714e-08)
(-0.000150224 -0.0061920419 -3.118229e-08)
(-0.00011444205 -0.0061463257 -2.5093982e-08)
(-7.9454021e-05 -0.0060658412 -1.8960018e-08)
(-4.5370374e-05 -0.0059322484 -1.2169899e-08)
(-1.2915748e-05 -0.0056686134 -5.0024543e-09)
(-9.7091029e-05 -0.00012551171 -8.4288561e-08)
(-1.3443477e-05 -5.7125768e-05 -1.0629434e-07)
(3.962009e-05 -1.6657956e-05 -1.1677918e-07)
(6.7317084e-05 -1.6374617e-05 -1.1850122e-07)
(7.9054633e-05 -5.9054947e-05 -1.1457081e-07)
(7.1987064e-05 -0.00012543231 -1.074256e-07)
(5.3965264e-05 -0.00020745356 -9.8706454e-08)
(3.0035269e-05 -0.00030164472 -8.9627803e-08)
(5.6871637e-06 -0.00040503145 -8.0891367e-08)
(-1.5878002e-05 -0.00051357726 -7.2776637e-08)
(-3.2746332e-05 -0.00062070807 -6.5292049e-08)
(-4.5203154e-05 -0.00072132527 -5.8368289e-08)
(-5.2896071e-05 -0.00081336901 -5.1938623e-08)
(-5.8570297e-05 -0.00089732037 -4.5951583e-08)
(-6.2206661e-05 -0.00097218828 -4.0376289e-08)
(-6.1544431e-05 -0.0010369101 -3.5155022e-08)
(-5.8585144e-05 -0.0010908758 -3.0247997e-08)
(-5.4007837e-05 -0.0011329649 -2.5657754e-08)
(-4.8339365e-05 -0.0011635374 -2.140686e-08)
(-4.1800459e-05 -0.0011829436 -1.7546301e-08)
(-3.4640395e-05 -0.0011916441 -1.4047651e-08)
(-2.7091593e-05 -0.0011903256 -1.0849573e-08)
(-1.9330367e-05 -0.0011814054 -7.8535947e-09)
(-1.1370303e-05 -0.0011641864 -4.8522566e-09)
(-3.1312361e-06 -0.0011102871 -1.8316121e-09)
(-0.00012835045 0.00010008878 -4.8771526e-08)
(-4.9807518e-05 0.00019989147 -6.0316731e-08)
(4.7746459e-06 0.00030239526 -6.6067536e-08)
(3.9271753e-05 0.00038774345 -6.705115e-08)
(5.9196714e-05 0.00044979724 -6.4736712e-08)
(6.7661602e-05 0.00049427324 -6.0460443e-08)
(6.7984756e-05 0.0005242404 -5.5213679e-08)
(6.2244701e-05 0.00053841174 -4.9700018e-08)
(5.2844598e-05 0.000536915 -4.4342358e-08)
(4.1760328e-05 0.00052671702 -3.933343e-08)
(3.0647381e-05 0.00051014397 -3.4715856e-08)
(2.0650921e-05 0.00048935439 -3.0471037e-08)
(1.2873724e-05 0.00046602386 -2.6568402e-08)
(6.1483696e-06 0.00044354081 -2.2981231e-08)
(1.5545927e-06 0.0004243693 -1.9689932e-08)
(-2.1947095e-06 0.00040705865 -1.6674309e-08)
(-4.5539742e-06 0.00039107244 -1.3920027e-08)
(-5.8926052e-06 0.00037681844 -1.142608e-08)
(-6.4333722e-06 0.00036396742 -9.2014875e-09)
(-6.256995e-06 0.00035227732 -7.2575559e-09)
(-5.5920542e-06 0.0003413345 -5.5833858e-09)
(-4.6131006e-06 0.00033087578 -4.1499805e-09)
(-3.4440989e-06 0.00032037344 -2.9107712e-09)
(-2.1600184e-06 0.00030878942 -1.8118015e-09)
(-6.6145444e-07 0.00029480662 -9.3969109e-10)
(-0.00018546002 -2.7204164e-05 -2.5928786e-08)
(-0.00011706803 3.3890006e-05 -3.1426946e-08)
(-6.4614893e-05 9.5988412e-05 -3.4157253e-08)
(-2.5670289e-05 0.00016078625 -3.4484531e-08)
(1.9218173e-06 0.00022351197 -3.3095664e-08)
(1.9931459e-05 0.0002745404 -3.0667943e-08)
(3.0369227e-05 0.00031282228 -2.7732611e-08)
(3.4693501e-05 0.00034229845 -2.4664785e-08)
(3.3783585e-05 0.00036202094 -2.1692009e-08)
(2.9274987e-05 0.00037301611 -1.8924264e-08)
(2.275652e-05 0.00037654497 -1.6394246e-08)
(1.5820263e-05 0.00037324074 -1.4098431e-08)
(8.5717956e-06 0.00036510816 -1.2022535e-08)
(2.8597002e-06 0.0003542955 -1.0151884e-08)
(-1.5690143e-06 0.00034198584 -8.4740326e-09)
(-5.2282667e-06 0.00032976903 -6.977631e-09)
(-7.7486047e-06 0.00031806448 -5.6531741e-09)
(-8.932884e-06 0.00030691317 -4.4945179e-09)
(-9.0700989e-06 0.00029659997 -3.4981559e-09)
(-8.548305e-06 0.00028708461 -2.6605052e-09)
(-7.4895172e-06 0.00027827361 -1.9715526e-09)
(-6.1057374e-06 0.00027007109 -1.4147365e-09)
(-4.4513076e-06 0.0002621746 -9.6823251e-10)
(-2.7590692e-06 0.00025500018 -6.120377e-10)
(-1.0749151e-06 0.0002426396 -3.6789496e-10)
(-0.00021315486 -0.00015682254 -1.2142466e-08)
(-0.0001555868 -0.0001369216 -1.4582077e-08)
(-0.00010895073 -0.00011144936 -1.5746242e-08)
(-7.1000027e-05 -8.2846922e-05 -1.5791144e-08)
(-4.1043511e-05 -5.1747997e-05 -1.5037055e-08)
(-1.8850754e-05 -1.9900006e-05 -1.3801655e-08)
(-3.3212202e-06 6.5657761e-06 -1.2339285e-08)
(6.5826054e-06 2.5809554e-05 -1.0829055e-08)
(1.1871382e-05 4.0597786e-05 -9.3792453e-09)
(1.3408646e-05 5.018864e-05 -8.0428261e-09)
(1.2302449e-05 5.4134597e-05 -6.8366759e-09)
(9.6078602e-06 5.4068839e-05 -5.7595866e-09)
(6.0687373e-06 5.0826527e-05 -4.8039808e-09)
(2.6531697e-06 4.4130277e-05 -3.9611732e-09)
(-4.1214068e-07 3.5688911e-05 -3.2229503e-09)
(-3.1429702e-06 2.7302059e-05 -2.5815865e-09)
(-5.2856707e-06 1.9196426e-05 -2.0299746e-09)
(-6.5109671e-06 1.1458318e-05 -1.5619615e-09)
(-6.957954e-06 4.2290354e-06 -1.1722676e-09)
(-6.8950441e-06 -2.2257584e-06 -8.5579067e-10)
(-6.3529224e-06 -7.6979584e-06 -6.0608845e-10)
(-5.3384942e-06 -1.1965106e-05 -4.1510038e-10)
(-3.9981675e-06 -1.6257823e-05 -2.7312912e-10)
(-2.4514141e-06 -1.3447909e-05 -1.7051807e-10)
(-8.5134806e-07 -1.8675226e-05 -9.8135785e-11)
(-0.0001959056 -0.00018395989 -4.8691691e-09)
(-0.00015235128 -0.00018244261 -5.9148307e-09)
(-0.0001153746 -0.00017583076 -6.4053283e-09)
(-8.4071293e-05 -0.00016782881 -6.4097069e-09)
(-5.8219533e-05 -0.00015600262 -6.0657761e-09)
(-3.7336557e-05 -0.00014080066 -5.5167332e-09)
(-2.1059216e-05 -0.00012563672 -4.8756575e-09)
(-9.0024866e-06 -0.0001113387 -4.2208521e-09)
(-6.5317614e-07 -0.00010007295 -3.5988097e-09)
(4.6040025e-06 -9.2856026e-05 -3.0319045e-09)
(7.3597722e-06 -8.8790951e-05 -2.5271192e-09)
(8.1735501e-06 -8.765892e-05 -2.0834171e-09)
(7.7843106e-06 -8.8931644e-05 -1.6968723e-09)
(6.7723043e-06 -9.1376883e-05 -1.3627705e-09)
(5.370649e-06 -9.4748721e-05 -1.0764809e-09)
(3.896303e-06 -9.8970264e-05 -8.3360117e-10)
(2.4649955e-06 -0.00010344907 -6.3004308e-10)
(1.0555131e-06 -0.00010770663 -4.6210405e-10)
(-1.3484571e-07 -0.00011153318 -3.2651637e-10)
(-9.362676e-07 -0.00011492113 -2.202924e-10)
(-1.392815e-06 -0.00011740596 -1.4038043e-10)
(-1.4470053e-06 -0.00011850672 -8.347357e-11)
(-1.2406582e-06 -0.00011949411 -4.5834203e-11)
(-7.5231867e-07 -0.00011451852 -2.3605257e-11)
(-1.4189187e-07 -0.00011337628 -1.1608501e-11)
(-0.00016845554 -0.00014862742 -1.6264821e-09)
(-0.00013643641 -0.00015239389 -2.0668197e-09)
(-0.00010727944 -0.00015212683 -2.2764699e-09)
(-8.190589e-05 -0.00014791267 -2.2881072e-09)
(-6.0313411e-05 -0.00014200964 -2.1594361e-09)
(-4.2129626e-05 -0.00013505701 -1.9491596e-09)
(-2.7147171e-05 -0.00012642075 -1.703579e-09)
(-1.5048595e-05 -0.00011623149 -1.4537583e-09)
(-5.7428546e-06 -0.00010626905 -1.2180467e-09)
(1.052621e-06 -9.8467744e-05 -1.005257e-09)
(5.6323598e-06 -9.3462073e-05 -8.180258e-10)
(8.4489426e-06 -9.0527772e-05 -6.5590629e-10)
(9.8710395e-06 -8.8832335e-05 -5.1695016e-10)
(1.0289856e-05 -8.8299974e-05 -3.9910117e-10)
(1.0040987e-05 -8.868766e-05 -3.0024215e-10)
(9.3146461e-06 -8.978658e-05 -2.1835016e-10)
(8.2792342e-06 -9.1393928e-05 -1.5152443e-10)
(7.0445638e-06 -9.3160056e-05 -9.8079384e-11)
(5.7488032e-06 -9.4762321e-05 -5.6533684e-11)
(4.5318298e-06 -9.6014204e-05 -2.5604413e-11)
(3.4526209e-06 -9.6805246e-05 -4.1340934e-12)
(2.4714294e-06 -9.6769761e-05 8.9722262e-12)
(1.6377338e-06 -9.7071818e-05 1.4810635e-11)
(9.0266237e-07 -9.2241429e-05 1.4085414e-11)
(2.3321745e-07 -9.0787332e-05 7.5327675e-12)
(-0.00014455669 -0.00010212366 -4.3106072e-10)
(-0.00012027242 -0.00010592602 -6.0923733e-10)
(-9.7433007e-05 -0.00010589973 -6.9982074e-10)
(-7.672138e-05 -0.00010273185 -7.1485136e-10)
(-5.844693e-05 -9.7791529e-05 -6.7626099e-10)
(-4.266274e-05 -9.1864493e-05 -6.0646044e-10)
(-2.9203226e-05 -8.4416421e-05 -5.2324845e-10)
(-1.7930737e-05 -7.6099485e-05 -4.382747e-10)
(-8.7586093e-06 -6.7646557e-05 -3.5841972e-10)
(-1.5741696e-06 -6.0088333e-05 -2.8687392e-10)
(3.792251e-06 -5.3777859e-05 -2.2468824e-10)
(7.5945291e-06 -4.8634998e-05 -1.7160073e-10)
(1.0044027e-05 -4.4773896e-05 -1.2688391e-10)
(1.1402468e-05 -4.1900664e-05 -8.9731551e-11)
(1.1917406e-05 -3.9854721e-05 -5.931125e-11)
(1.1776649e-05 -3.8756372e-05 -3.4816613e-11)
(1.1149216e-05 -3.8249327e-05 -1.5516213e-11)
(1.0174254e-05 -3.8194432e-05 -7.6450844e-13)
(8.9490694e-06 -3.8581291e-05 9.997803e-12)
(7.5768681e-06 -3.9112562e-05 1.7215119e-11)
(6.1432902e-06 -3.9600075e-05 2.1228848e-11)
(4.6858217e-06 -3.9601942e-05 2.228697e-11)
(3.2524595e-06 -4.0527993e-05 2.0570465e-11)
(1.8435779e-06 -3.6206397e-05 1.583817e-11)
(5.2502224e-07 -3.8471465e-05 8.2548698e-12)
(-0.00012488032 -6.8233568e-05 -8.4665569e-11)
(-0.00010632021 -7.0009531e-05 -1.4919908e-10)
(-8.8295746e-05 -6.8930989e-05 -1.8515132e-10)
(-7.145939e-05 -6.577897e-05 -1.9496677e-10)
(-5.6183737e-05 -6.1034908e-05 -1.8576766e-10)
(-4.2656868e-05 -5.5417713e-05 -1.6535674e-10)
(-3.086761e-05 -4.9257525e-05 -1.4010089e-10)
(-2.0760232e-05 -4.2554048e-05 -1.1414289e-10)
(-1.2251089e-05 -3.4837078e-05 -8.9764043e-11)
(-5.2317014e-06 -2.6993759e-05 -6.8061263e-11)
(3.6917979e-07 -2.0114313e-05 -4.9398183e-11)
(4.6330806e-06 -1.4084701e-05 -3.3705403e-11)
(7.6953585e-06 -8.9434295e-06 -2.0746488e-11)
(9.7072292e-06 -4.814423e-06 -1.0227456e-11)
(1.085322e-05 -1.6125182e-06 -1.8532888e-12)
(1.1279326e-05 9.066079e-07 4.6418791e-12)
(1.1118285e-05 2.6812821e-06 9.501338e-12)
(1.0498931e-05 3.8748908e-06 1.2930763e-11)
(9.5335912e-06 4.6631494e-06 1.510363e-11)
(8.3148818e-06 4.9857132e-06 1.613965e-11)
(6.9141772e-06 4.9550479e-06 1.6095429e-11)
(5.3937149e-06 5.043662e-06 1.4971084e-11)
(3.7975846e-06 3.580176e-06 1.2753186e-11)
(2.1976953e-06 7.9160827e-06 9.1328558e-12)
(6.9859968e-07 3.7544962e-06 4.8229324e-12)
(-0.00011010643 -4.85838e-05 -1.5645149e-11)
(-9.5711509e-05 -4.9549415e-05 -3.2431535e-11)
(-8.1374283e-05 -4.8294208e-05 -4.3431709e-11)
(-6.7637911e-05 -4.5109494e-05 -4.7506488e-11)
(-5.4882892e-05 -4.0835968e-05 -4.5668459e-11)
(-4.3321707e-05 -3.5638581e-05 -4.0294126e-11)
(-3.305803e-05 -3.0055077e-05 -3.3337995e-11)
(-2.4073993e-05 -2.4738094e-05 -2.6108776e-11)
(-1.6314711e-05 -1.8909527e-05 -1.9287266e-11)
(-9.7054248e-06 -1.2287211e-05 -1.3228778e-11)
(-4.2138898e-06 -5.4185124e-06 -8.0959711e-12)
(2.1062414e-07 1.0102816e-06 -3.8328511e-12)
(3.6209236e-06 6.4998766e-06 -3.678895e-13)
(6.1031339e-06 1.1246945e-05 2.3907164e-12)
(7.7531589e-06 1.5271001e-05 4.5311148e-12)
(8.6952762e-06 1.8627317e-05 6.1295558e-12)
(9.0410669e-06 2.1317296e-05 7.2431845e-12)
(8.8794177e-06 2.3307368e-05 7.9225719e-12)
(8.3178627e-06 2.4702067e-05 8.2119004e-12)
(7.4430806e-06 2.566997e-05 8.1238206e-12)
(6.319678e-06 2.6239505e-05 7.6398362e-12)
(5.0135128e-06 2.6644577e-05 6.7264201e-12)
(3.5890262e-06 2.5160932e-05 5.3841597e-12)
(2.1282911e-06 2.943696e-05 3.3879124e-12)
(6.9287742e-07 2.4414118e-05 1.7415182e-12)
(-9.8755629e-05 -3.8360478e-05 -6.3541654e-12)
(-8.7509206e-05 -3.9028771e-05 -6.3544543e-12)
(-7.6058467e-05 -3.8111522e-05 -7.6676417e-12)
(-6.4832615e-05 -3.5773478e-05 -8.6112349e-12)
(-5.4176401e-05 -3.2278152e-05 -8.5218244e-12)
(-4.4317582e-05 -2.8002683e-05 -7.5622927e-12)
(-3.5374772e-05 -2.3246429e-05 -6.1554374e-12)
(-2.7383085e-05 -1.850813e-05 -4.5733161e-12)
(-2.0329535e-05 -1.3844758e-05 -3.0392292e-12)
(-1.4209452e-05 -8.3230951e-06 -1.6706634e-12)
(-8.9880363e-06 -2.5284675e-06 -4.8824439e-13)
(-4.6148142e-06 2.9352943e-06 4.9412636e-13)
(-1.0679425e-06 8.3025167e-06 1.2919685e-12)
(1.6914769e-06 1.3274363e-05 1.9210735e-12)
(3.721197e-06 1.7643543e-05 2.4077269e-12)
(5.097023e-06 2.1296351e-05 2.7827071e-12)
(5.9025538e-06 2.4358756e-05 3.0343716e-12)
(6.2110405e-06 2.6843671e-05 3.157322e-12)
(6.0983806e-06 2.8768162e-05 3.1540885e-12)
(5.6420805e-06 3.0195907e-05 3.0103558e-12)
(4.9114306e-06 3.1145126e-05 2.6988704e-12)
(3.9705563e-06 3.1805388e-05 2.1979342e-12)
(2.8853826e-06 3.0541418e-05 1.5409434e-12)
(1.7374873e-06 3.4885232e-05 5.4016848e-13)
(5.7119545e-07 2.9892929e-05 2.3082694e-13)
(-8.9571781e-05 -3.2061253e-05 2.6309537e-13)
(-8.0760093e-05 -3.31183e-05 4.1765023e-12)
(-7.1586217e-05 -3.263074e-05 5.0274976e-12)
(-6.23985e-05 -3.1050429e-05 4.6585493e-12)
(-5.3494328e-05 -2.8647878e-05 3.9867116e-12)
(-4.5092122e-05 -2.5371736e-05 3.3089958e-12)
(-3.7317484e-05 -2.1553294e-05 2.7913615e-12)
(-3.0233953e-05 -1.7454694e-05 2.4287782e-12)
(-2.3876858e-05 -1.3353659e-05 2.1686637e-12)
(-1.8248399e-05 -9.0315084e-06 1.9833795e-12)
(-1.3339358e-05 -4.1704614e-06 1.8554223e-12)
(-9.1400866e-06 7.0173666e-07 1.7863825e-12)
(-5.6142009e-06 5.3572698e-06 1.7361751e-12)
(-2.7335024e-06 9.8135384e-06 1.6729456e-12)
(-4.6389035e-07 1.3952107e-05 1.6189886e-12)
(1.2356036e-06 1.7653878e-05 1.5861424e-12)
(2.41732e-06 2.0852596e-05 1.555885e-12)
(3.1387261e-06 2.3544689e-05 1.5081053e-12)
(3.4570073e-06 2.5723051e-05 1.4265202e-12)
(3.4355016e-06 2.738496e-05 1.2933113e-12)
(3.1370246e-06 2.8537674e-05 1.0805103e-12)
(2.6220935e-06 2.9463436e-05 7.6862553e-13)
(1.9518442e-06 2.8314195e-05 4.1215333e-13)
(1.1835797e-06 3.2408011e-05 -1.8862093e-13)
(3.7441839e-07 2.7906489e-05 -9.8501848e-14)
(-8.1908349e-05 -2.6687147e-05 8.4007562e-12)
(-7.4964731e-05 -2.8284213e-05 1.179103e-11)
(-6.7593392e-05 -2.8623824e-05 1.2505945e-11)
(-6.0062019e-05 -2.7849601e-05 1.1763724e-11)
(-5.2620558e-05 -2.6036922e-05 1.0426889e-11)
(-4.5461164e-05 -2.345586e-05 8.9988646e-12)
(-3.8712776e-05 -2.042305e-05 7.6479152e-12)
(-3.24662e-05 -1.7118835e-05 6.4772536e-12)
(-2.6774591e-05 -1.3545394e-05 5.4863823e-12)
(-2.1640022e-05 -1.0053877e-05 4.6619562e-12)
(-1.7075176e-05 -6.2146809e-06 3.9808641e-12)
(-1.3088508e-05 -1.9626301e-06 3.4287259e-12)
(-9.6615781e-06 2.1071578e-06 2.9945023e-12)
(-6.7664272e-06 5.9665351e-06 2.6375334e-12)
(-4.377286e-06 9.6124276e-06 2.3353459e-12)
(-2.4657651e-06 1.3010692e-05 2.0820501e-12)
(-9.9993591e-07 1.6055259e-05 1.8707451e-12)
(6.0045157e-08 1.8694163e-05 1.6855078e-12)
(7.5801462e-07 2.0916316e-05 1.5073701e-12)
(1.1422959e-06 2.2673089e-05 1.3180707e-12)
(1.2649315e-06 2.3915429e-05 1.0923701e-12)
(1.1788237e-06 2.5180103e-05 8.0657984e-13)
(9.3644547e-07 2.398838e-05 5.1884641e-13)
(5.8649179e-07 2.7435413e-05 -1.6032784e-15)
(1.8361406e-07 2.3994843e-05 6.0048662e-14)
(-7.5433749e-05 -2.198151e-05 1.3399328e-11)
(-6.9924666e-05 -2.3684478e-05 1.5962246e-11)
(-6.3970928e-05 -2.4466093e-05 1.6296407e-11)
(-5.7786136e-05 -2.4059337e-05 1.5272127e-11)
(-5.1559721e-05 -2.2838652e-05 1.3658781e-11)
(-4.5460764e-05 -2.1221069e-05 1.1952309e-11)
(-3.9615918e-05 -1.9030778e-05 1.0311503e-11)
(-3.4124528e-05 -1.6154405e-05 8.8064907e-12)
(-2.9040253e-05 -1.3120618e-05 7.5174965e-12)
(-2.4389322e-05 -1.0113149e-05 6.4397757e-12)
(-2.0178388e-05 -7.098297e-06 5.5326334e-12)
(-1.6422525e-05 -3.8412921e-06 4.773228e-12)
(-1.3123546e-05 -2.9602937e-07 4.1528644e-12)
(-1.0267452e-05 3.1229906e-06 3.6453004e-12)
(-7.8331695e-06 6.3389395e-06 3.2174505e-12)
(-5.7943679e-06 9.3098777e-06 2.8529754e-12)
(-4.1259409e-06 1.2030646e-05 2.5360596e-12)
(-2.8009182e-06 1.4451188e-05 2.2556456e-12)
(-1.7876253e-06 1.6526095e-05 1.999253e-12)
(-1.0492127e-06 1.8220307e-05 1.7480228e-12)
(-5.4445634e-07 1.9454911e-05 1.4808012e-12)
(-2.3088169e-07 2.065035e-05 1.1710879e-12)
(-6.6244524e-08 1.9764229e-05 8.5780312e-13)
(-2.5764063e-09 2.3392221e-05 3.0042564e-13)
(1.0262497e-09 1.9972644e-05 2.5299177e-13)
(-6.9873417e-05 -1.8117433e-05 1.41764e-11)
(-6.5521986e-05 -1.9567758e-05 1.6358527e-11)
(-6.0682913e-05 -2.0311199e-05 1.6550359e-11)
(-5.5586096e-05 -2.0457709e-05 1.5642717e-11)
(-5.0368344e-05 -1.9880209e-05 1.415478e-11)
(-4.5172769e-05 -1.8606342e-05 1.2497608e-11)
(-4.0120229e-05 -1.6918177e-05 1.0940478e-11)
(-3.5299152e-05 -1.484773e-05 9.4853041e-12)
(-3.0763966e-05 -1.2467237e-05 8.1751098e-12)
(-2.6560229e-05 -9.8359031e-06 7.0470685e-12)
(-2.2697633e-05 -7.1648339e-06 6.0964206e-12)
(-1.9181334e-05 -4.558962e-06 5.2959281e-12)
(-1.6022134e-05 -1.882325e-06 4.6267793e-12)
(-1.3223833e-05 1.0349067e-06 4.0748442e-12)
(-1.0777011e-05 3.8963501e-06 3.6120881e-12)
(-8.6611914e-06 6.4903572e-06 3.2145558e-12)
(-6.8521308e-06 8.8900305e-06 2.8626714e-12)
(-5.3265044e-06 1.1025234e-05 2.5489542e-12)
(-4.0596065e-06 1.2862006e-05 2.2642452e-12)
(-3.0237591e-06 1.4374042e-05 1.9903583e-12)
(-2.1883422e-06 1.5479729e-05 1.7063453e-12)
(-1.5203675e-06 1.6575353e-05 1.3827511e-12)
(-9.8555245e-07 1.5888981e-05 1.0519249e-12)
(-5.5421477e-07 1.9670028e-05 4.6693223e-13)
(-1.8523641e-07 1.6042031e-05 3.4765529e-13)
(-6.5136644e-05 -1.4963379e-05 1.1794208e-11)
(-6.1568567e-05 -1.6301746e-05 1.4250595e-11)
(-5.7674792e-05 -1.7051554e-05 1.47424e-11)
(-5.346873e-05 -1.7367863e-05 1.4115933e-11)
(-4.9091652e-05 -1.7126196e-05 1.2917267e-11)
(-4.4663213e-05 -1.6289499e-05 1.1496684e-11)
(-4.0293405e-05 -1.5000278e-05 1.0145364e-11)
(-3.6056868e-05 -1.3470073e-05 8.92434e-12)
(-3.201755e-05 -1.1658843e-05 7.7940864e-12)
(-2.8216822e-05 -9.5338133e-06 6.7740817e-12)
(-2.4677865e-05 -7.2793228e-06 5.8859182e-12)
(-2.1404127e-05 -5.0071176e-06 5.1334072e-12)
(-1.8401135e-05 -2.7481066e-06 4.5030344e-12)
(-1.5676674e-05 -5.8412453e-07 3.9707619e-12)
(-1.3231912e-05 1.6456346e-06 3.5226453e-12)
(-1.1060366e-05 3.9648692e-06 3.1423441e-12)
(-9.1449731e-06 6.0359983e-06 2.8119716e-12)
(-7.4643944e-06 7.8492237e-06 2.516403e-12)
(-5.9956739e-06 9.4599825e-06 2.2420574e-12)
(-4.7174308e-06 1.0792869e-05 1.9760818e-12)
(-3.6075907e-06 1.17509e-05 1.7010392e-12)
(-2.6417713e-06 1.2776601e-05 1.385279e-12)
(-1.7940319e-06 1.2185559e-05 1.0629262e-12)
(-1.0396882e-06 1.6020394e-05 4.8548638e-13)
(-3.4612254e-07 1.2335484e-05 3.5008871e-13)
(-6.1112923e-05 -1.2444282e-05 8.4592527e-12)
(-5.8159664e-05 -1.3799164e-05 1.1314295e-11)
(-5.4931191e-05 -1.462258e-05 1.2179852e-11)
(-5.1427251e-05 -1.4979854e-05 1.1904117e-11)
(-4.7749415e-05 -1.4930381e-05 1.1047819e-11)
(-4.3964493e-05 -1.4373249e-05 9.9408662e-12)
(-4.0174765e-05 -1.3557021e-05 8.8410007e-12)
(-3.6450081e-05 -1.2464343e-05 7.8328657e-12)
(-3.2846164e-05 -1.1057838e-05 6.9166072e-12)
(-2.9406717e-05 -9.4520519e-06 6.0805217e-12)
(-2.6160221e-05 -7.6692403e-06 5.3265407e-12)
(-2.3119342e-05 -5.7704641e-06 4.66744e-12)
(-2.0284287e-05 -3.8408221e-06 4.1019135e-12)
(-1.7656995e-05 -1.9605444e-06 3.6203906e-12)
(-1.5239088e-05 -1.8016669e-07 3.2102332e-12)
(-1.3032187e-05 1.4997352e-06 2.8565092e-12)
(-1.1031454e-05 3.1283993e-06 2.5584813e-12)
(-9.2233599e-06 4.7223353e-06 2.2995288e-12)
(-7.5908216e-06 6.1382844e-06 2.0579094e-12)
(-6.1170487e-06 7.2775828e-06 1.821136e-12)
(-4.7843744e-06 8.0763614e-06 1.5714436e-12)
(-3.5745434e-06 9.0372999e-06 1.2777756e-12)
(-2.4687873e-06 8.5084894e-06 9.7883661e-13)
(-1.4445782e-06 1.2153335e-05 4.353609e-13)
(-4.8048376e-07 8.8275215e-06 3.0858498e-13)
(-5.7568098e-05 -1.0714194e-05 5.7082021e-12)
(-5.5193685e-05 -1.1906536e-05 8.6457597e-12)
(-5.2449222e-05 -1.2755459e-05 9.7889578e-12)
(-4.9478983e-05 -1.3272729e-05 9.8391055e-12)
(-4.6327561e-05 -1.3374986e-05 9.2615712e-12)
(-4.3079802e-05 -1.3118695e-05 8.4560106e-12)
(-3.9789147e-05 -1.2597663e-05 7.5906781e-12)
(-3.651884e-05 -1.1769462e-05 6.7506092e-12)
(-3.3284447e-05 -1.0755197e-05 6.0023182e-12)
(-3.0165953e-05 -9.5753709e-06 5.3242241e-12)
(-2.718392e-05 -8.242534e-06 4.7110607e-12)
(-2.4354865e-05 -6.7958305e-06 4.1638773e-12)
(-2.1680679e-05 -5.264313e-06 3.679185e-12)
(-1.9162988e-05 -3.7203984e-06 3.2546076e-12)
(-1.6800859e-05 -2.2220959e-06 2.8862221e-12)
(-1.4593637e-05 -7.8362136e-07 2.568136e-12)
(-1.2540794e-05 5.705386e-07 2.2969239e-12)
(-1.0637767e-05 1.7641585e-06 2.0603732e-12)
(-8.8770061e-06 2.8103183e-06 1.8441465e-12)
(-7.2465736e-06 3.773695e-06 1.6330727e-12)
(-5.7337643e-06 4.51272e-06 1.4093503e-12)
(-4.325428e-06 5.4270324e-06 1.1430915e-12)
(-3.0083776e-06 4.8434134e-06 8.756463e-13)
(-1.7666133e-06 8.1578073e-06 3.7508685e-13)
(-5.8478294e-07 5.32822e-06 2.6772697e-13)
(-5.4389633e-05 -9.4715625e-06 3.8845099e-12)
(-5.2404653e-05 -1.0582479e-05 6.7259957e-12)
(-5.0128401e-05 -1.1408314e-05 7.8663541e-12)
(-4.7606344e-05 -1.1974361e-05 8.0770926e-12)
(-4.4889131e-05 -1.2268809e-05 7.7730449e-12)
(-4.2061717e-05 -1.2275175e-05 7.2183804e-12)
(-3.9156225e-05 -1.2005464e-05 6.5620533e-12)
(-3.6221034e-05 -1.1463089e-05 5.8807467e-12)
(-3.3346584e-05 -1.0729439e-05 5.2462306e-12)
(-3.052288e-05 -9.8841851e-06 4.6792327e-12)
(-2.778291e-05 -8.9246933e-06 4.170555e-12)
(-2.5149034e-05 -7.8606247e-06 3.7153897e-12)
(-2.2622589e-05 -6.6905918e-06 3.3088851e-12)
(-2.0203123e-05 -5.4986452e-06 2.9472481e-12)
(-1.7908634e-05 -4.3422893e-06 2.6271997e-12)
(-1.5729372e-05 -3.2010982e-06 2.345789e-12)
(-1.3665502e-05 -2.1125299e-06 2.0983501e-12)
(-1.1711881e-05 -1.108215e-06 1.8773654e-12)
(-9.8659299e-06 -2.1038961e-07 1.6759022e-12)
(-8.1220356e-06 5.8791114e-07 1.4807888e-12)
(-6.4732351e-06 1.1940384e-06 1.2757995e-12)
(-4.9116381e-06 1.971163e-06 1.0321361e-12)
(-3.4273001e-06 1.3615378e-06 7.8909974e-13)
(-2.0153582e-06 4.5912227e-06 3.1831753e-13)
(-6.6149124e-07 1.9489012e-06 2.3325748e-13)
(-5.1499838e-05 -8.4827538e-06 2.3959791e-12)
(-4.9824377e-05 -9.5768857e-06 5.2033147e-12)
(-4.789468e-05 -1.0435243e-05 6.4311287e-12)
(-4.5744635e-05 -1.1090063e-05 6.7534463e-12)
(-4.3418088e-05 -1.1485327e-05 6.5964974e-12)
(-4.0938039e-05 -1.1606783e-05 6.1866282e-12)
(-3.8360748e-05 -1.1546208e-05 5.6862246e-12)
(-3.573179e-05 -1.134626e-05 5.1706683e-12)
(-3.3133185e-05 -1.093811e-05 4.6529977e-12)
(-3.0544705e-05 -1.0323139e-05 4.1666453e-12)
(-2.799638e-05 -9.6198657e-06 3.732173e-12)
(-2.5506926e-05 -8.8325509e-06 3.3433684e-12)
(-2.3108359e-05 -8.0150999e-06 2.9989862e-12)
(-2.0806583e-05 -7.1824844e-06 2.6930267e-12)
(-1.8588703e-05 -6.3144411e-06 2.4174907e-12)
(-1.6456775e-05 -5.4356449e-06 2.1709236e-12)
(-1.4404792e-05 -4.5908797e-06 1.9497627e-12)
(-1.2436091e-05 -3.8096958e-06 1.7489296e-12)
(-1.054749e-05 -3.0855692e-06 1.5626764e-12)
(-8.7371359e-06 -2.4345885e-06 1.3805078e-12)
(-7.0014447e-06 -1.9542007e-06 1.1893263e-12)
(-5.3360837e-06 -1.2787738e-06 9.6161099e-13)
(-3.7344847e-06 -1.8435776e-06 7.3532206e-13)
(-2.1993755e-06 1.4793616e-06 2.8680716e-13)
(-7.2102138e-07 -1.2666753e-06 2.1856226e-13)
(-4.8823551e-05 -7.7303443e-06 1.1083826e-12)
(-4.7391926e-05 -8.790581e-06 3.9172176e-12)
(-4.5735212e-05 -9.6841212e-06 5.2733044e-12)
(-4.3876307e-05 -1.0369025e-05 5.7289703e-12)
(-4.1846326e-05 -1.0929986e-05 5.6794998e-12)
(-3.9675004e-05 -1.1254885e-05 5.3781742e-12)
(-3.7404945e-05 -1.1340651e-05 4.9901152e-12)
(-3.5076076e-05 -1.1314437e-05 4.5807349e-12)
(-3.2683578e-05 -1.1124128e-05 4.1644668e-12)
(-3.0292471e-05 -1.0784068e-05 3.7634327e-12)
(-2.7917823e-05 -1.032445e-05 3.388195e-12)
(-2.5575199e-05 -9.7996352e-06 3.0464872e-12)
(-2.3293715e-05 -9.2571018e-06 2.7437259e-12)
(-2.1085771e-05 -8.6581651e-06 2.4737214e-12)
(-1.8934102e-05 -8.0137662e-06 2.2322696e-12)
(-1.6845659e-05 -7.3998819e-06 2.0168274e-12)
(-1.4816528e-05 -6.7950088e-06 1.8212578e-12)
(-1.2851147e-05 -6.1912075e-06 1.640671e-12)
(-1.0948391e-05 -5.6301748e-06 1.4706995e-12)
(-9.1071365e-06 -5.125236e-06 1.3028174e-12)
(-7.3257726e-06 -4.7236688e-06 1.1238916e-12)
(-5.6008235e-06 -4.1049799e-06 9.0997856e-13)
(-3.9310391e-06 -4.6313052e-06 6.975862e-13)
(-2.3177297e-06 -1.3358026e-06 2.6701533e-13)
(-7.6018921e-07 -3.9304615e-06 2.0539822e-13)
(-4.6297778e-05 -7.2000674e-06 7.5637255e-14)
(-4.5060036e-05 -8.2289939e-06 2.8789025e-12)
(-4.3621065e-05 -9.1389581e-06 4.3138422e-12)
(-4.1997016e-05 -9.8912941e-06 4.8808168e-12)
(-4.0209524e-05 -1.0505479e-05 4.9561543e-12)
(-3.8285326e-05 -1.0974447e-05 4.7524233e-12)
(-3.6253023e-05 -1.1244449e-05 4.4245584e-12)
(-3.4141347e-05 -1.1356553e-05 4.0818165e-12)
(-3.1970443e-05 -1.1366001e-05 3.750052e-12)
(-2.9774292e-05 -1.1257661e-05 3.4206633e-12)
(-2.7575899e-05 -1.1045846e-05 3.1036711e-12)
(-2.539462e-05 -1.0751178e-05 2.8063591e-12)
(-2.3230896e-05 -1.0385598e-05 2.5309038e-12)
(-2.1093748e-05 -9.9718681e-06 2.28396e-12)
(-1.9002837e-05 -9.5286493e-06 2.065312e-12)
(-1.6958083e-05 -9.0788912e-06 1.8703723e-12)
(-1.4964418e-05 -8.6317782e-06 1.6946056e-12)
(-1.3018072e-05 -8.1872447e-06 1.5321846e-12)
(-1.1120971e-05 -7.7573013e-06 1.3777602e-12)
(-9.2734942e-06 -7.357982e-06 1.2240514e-12)
(-7.4759659e-06 -7.0256981e-06 1.0577706e-12)
(-5.7276637e-06 -6.5041255e-06 8.5853904e-13)
(-4.0287466e-06 -7.0316417e-06 6.6137404e-13)
(-2.3754156e-06 -3.8822173e-06 2.5252457e-13)
(-7.7482356e-07 -6.231549e-06 1.9545501e-13)
(-4.3875732e-05 -6.8384967e-06 -6.8265477e-13)
(-4.2793727e-05 -7.8635503e-06 2.0611918e-12)
(-4.1530635e-05 -8.7756356e-06 3.5128292e-12)
(-4.0097573e-05 -9.5567781e-06 4.1490336e-12)
(-3.8510561e-05 -1.0235925e-05 4.3230495e-12)
(-3.6789854e-05 -1.0796273e-05 4.2216358e-12)
(-3.4958182e-05 -1.1200751e-05 3.9707628e-12)
(-3.3038011e-05 -1.1455317e-05 3.6666716e-12)
(-3.1051467e-05 -1.1612089e-05 3.3760317e-12)
(-2.9022984e-05 -1.1681238e-05 3.0988001e-12)
(-2.6972936e-05 -1.1653029e-05 2.8284785e-12)
(-2.49175e-05 -1.1545445e-05 2.5721762e-12)
(-2.2866172e-05 -1.1363317e-05 2.3317626e-12)
(-2.0828892e-05 -1.1127913e-05 2.1129201e-12)
(-1.8816725e-05 -1.0850036e-05 1.9151267e-12)
(-1.6835017e-05 -1.0536866e-05 1.7355038e-12)
(-1.4888429e-05 -1.0205145e-05 1.5720427e-12)
(-1.2978426e-05 -9.8696246e-06 1.4226327e-12)
(-1.1106775e-05 -9.5343725e-06 1.281499e-12)
(-9.2753099e-06 -9.2068892e-06 1.1402078e-12)
(-7.4860108e-06 -8.9154961e-06 9.8680635e-13)
(-5.7420059e-06 -8.4233155e-06 8.0193737e-13)
(-4.0416405e-06 -9.0055398e-06 6.2020731e-13)
(-2.3852577e-06 -6.1392796e-06 2.347197e-13)
(-7.7915409e-07 -8.0510474e-06 1.8054913e-13)
(-4.1532035e-05 -6.5879378e-06 -1.2735535e-12)
(-4.0574605e-05 -7.6235208e-06 1.3588314e-12)
(-3.9453843e-05 -8.5403116e-06 2.8219124e-12)
(-3.8177247e-05 -9.3483497e-06 3.522645e-12)
(-3.6756496e-05 -1.0071332e-05 3.761872e-12)
(-3.5206869e-05 -1.0703809e-05 3.7355117e-12)
(-3.3546139e-05 -1.1209863e-05 3.5595918e-12)
(-3.1793223e-05 -1.1589802e-05 3.3111747e-12)
(-2.9967426e-05 -1.1862156e-05 3.0421412e-12)
(-2.8088694e-05 -1.2034727e-05 2.7852949e-12)
(-2.617492e-05 -1.2142107e-05 2.5523589e-12)
(-2.424113e-05 -1.2180244e-05 2.3332146e-12)
(-2.2299203e-05 -1.2145536e-05 2.1268814e-12)
(-2.0359405e-05 -1.2057756e-05 1.9371274e-12)
(-1.8431073e-05 -1.1918133e-05 1.7621236e-12)
(-1.6520949e-05 -1.1732646e-05 1.6013149e-12)
(-1.4634167e-05 -1.1510935e-05 1.4536304e-12)
(-1.2774323e-05 -1.1264312e-05 1.3170938e-12)
(-1.0944432e-05 -1.0999858e-05 1.1871955e-12)
(-9.1473922e-06 -1.0727371e-05 1.0571841e-12)
(-7.3864646e-06 -1.0479169e-05 9.1604822e-13)
(-5.6656434e-06 -9.9179672e-06 7.4365803e-13)
(-3.986651e-06 -1.0607742e-05 5.7749209e-13)
(-2.3517078e-06 -8.17411e-06 2.1733208e-13)
(-7.6774245e-07 -9.4597614e-06 1.6422272e-13)
(-3.9257682e-05 -6.4927869e-06 -1.7252046e-12)
(-3.8399653e-05 -7.4890511e-06 7.8645438e-13)
(-3.7393685e-05 -8.3753253e-06 2.2144345e-12)
(-3.6245159e-05 -9.184929e-06 2.9418434e-12)
(-3.4962444e-05 -9.9570868e-06 3.2332723e-12)
(-3.3557163e-05 -1.0652983e-05 3.2658315e-12)
(-3.2043309e-05 -1.1228838e-05 3.1503716e-12)
(-3.0436632e-05 -1.1692647e-05 2.9579368e-12)
(-2.8753455e-05 -1.2068064e-05 2.7342414e-12)
(-2.7010499e-05 -1.2363355e-05 2.5098959e-12)
(-2.5223527e-05 -1.2573465e-05 2.2965314e-12)
(-2.3406581e-05 -1.2689373e-05 2.0992603e-12)
(-2.1571658e-05 -1.2755203e-05 1.9218867e-12)
(-1.9729383e-05 -1.2779204e-05 1.758176e-12)
(-1.7888793e-05 -1.2742303e-05 1.6048081e-12)
(-1.6057194e-05 -1.2657175e-05 1.4632908e-12)
(-1.4240387e-05 -1.2531767e-05 1.3334421e-12)
(-1.2442968e-05 -1.2368503e-05 1.211916e-12)
(-1.0668845e-05 -1.2170424e-05 1.0941956e-12)
(-8.9215114e-06 -1.1948739e-05 9.7539176e-13)
(-7.2046678e-06 -1.1731464e-05 8.4571236e-13)
(-5.5230199e-06 -1.1280999e-05 6.8710968e-13)
(-3.881549e-06 -1.184559e-05 5.3399227e-13)
(-2.2918524e-06 -9.3961516e-06 1.9763792e-13)
(-7.5593345e-07 -1.0798803e-05 1.4988329e-13)
(-3.7046433e-05 -6.2677789e-06 -2.1154676e-12)
(-3.6269033e-05 -7.2578078e-06 3.4684559e-13)
(-3.5357343e-05 -8.2118586e-06 1.7482095e-12)
(-3.4314871e-05 -9.1126549e-06 2.4613909e-12)
(-3.3147839e-05 -9.9013512e-06 2.7541576e-12)
(-3.1865264e-05 -1.0613026e-05 2.8143566e-12)
(-3.0478499e-05 -1.1225497e-05 2.7467692e-12)
(-2.900017e-05 -1.1741531e-05 2.6054101e-12)
(-2.7444356e-05 -1.2205281e-05 2.4298368e-12)
(-2.5825299e-05 -1.2592211e-05 2.2450131e-12)
(-2.4156793e-05 -1.2886127e-05 2.0636184e-12)
(-2.2451707e-05 -1.3106368e-05 1.8929793e-12)
(-2.0721668e-05 -1.3249976e-05 1.7331518e-12)
(-1.8977191e-05 -1.3323567e-05 1.5851321e-12)
(-1.7227275e-05 -1.3355098e-05 1.450677e-12)
(-1.5479591e-05 -1.3343978e-05 1.3274366e-12)
(-1.3740532e-05 -1.3289312e-05 1.2136924e-12)
(-1.2015392e-05 -1.3187708e-05 1.1063512e-12)
(-1.0308624e-05 -1.3039066e-05 1.0010725e-12)
(-8.6240772e-06 -1.2854477e-05 8.9365399e-13)
(-6.9655583e-06 -1.2662629e-05 7.7568385e-13)
(-5.3380709e-06 -1.2226932e-05 6.3008998e-13)
(-3.7473646e-06 -1.2742585e-05 4.8814216e-13)
(-2.2186466e-06 -1.0402372e-05 1.7345793e-13)
(-7.4423856e-07 -1.1661963e-05 1.3214724e-13)
(-3.4883685e-05 -6.0923001e-06 -2.4362424e-12)
(-3.4176996e-05 -7.0958864e-06 -3.985113e-14)
(-3.3346764e-05 -8.0518605e-06 1.3385126e-12)
(-3.2395569e-05 -8.9477824e-06 2.0511671e-12)
(-3.1328605e-05 -9.7558619e-06 2.3577327e-12)
(-3.0152798e-05 -1.0477585e-05 2.4349509e-12)
(-2.887767e-05 -1.1156669e-05 2.3893797e-12)
(-2.7513657e-05 -1.1766075e-05 2.2790829e-12)
(-2.6072824e-05 -1.2275516e-05 2.1399392e-12)
(-2.4567493e-05 -1.271135e-05 1.9911278e-12)
(-2.3009968e-05 -1.3073136e-05 1.8409028e-12)
(-2.1412008e-05 -1.3351628e-05 1.6957601e-12)
(-1.9784506e-05 -1.3552174e-05 1.5582231e-12)
(-1.8137527e-05 -1.3700072e-05 1.430396e-12)
(-1.6480139e-05 -1.3797231e-05 1.3129816e-12)
(-1.4820145e-05 -1.3833333e-05 1.2034002e-12)
(-1.3164354e-05 -1.3813767e-05 1.1003434e-12)
(-1.1518596e-05 -1.3742432e-05 1.0035385e-12)
(-9.8877401e-06 -1.3625713e-05 9.1004965e-13)
(-8.2761398e-06 -1.3471256e-05 8.1440535e-13)
(-6.6873607e-06 -1.3289162e-05 7.0783653e-13)
(-5.1246633e-06 -1.2829951e-05 5.7623363e-13)
(-3.5849661e-06 -1.336778e-05 4.4541161e-13)
(-2.1139582e-06 -1.1221757e-05 1.5057471e-13)
(-7.0661262e-07 -1.2317926e-05 1.1917157e-13)
(-3.2763865e-05 -5.9454769e-06 -2.6904107e-12)
(-3.2119925e-05 -6.9389466e-06 -3.8593123e-13)
(-3.1361974e-05 -7.8797065e-06 9.6074604e-13)
(-3.0492063e-05 -8.769019e-06 1.6801392e-12)
(-2.9514266e-05 -9.5931885e-06 2.010434e-12)
(-2.843442e-05 -1.0342017e-05 2.1131485e-12)
(-2.7260071e-05 -1.1042616e-05 2.0936085e-12)
(-2.6000398e-05 -1.167531e-05 2.0077613e-12)
(-2.4665468e-05 -1.2213042e-05 1.8902239e-12)
(-2.326605e-05 -1.2676165e-05 1.7639709e-12)
(-2.1813436e-05 -1.306911e-05 1.6371214e-12)
(-2.0318339e-05 -1.3410905e-05 1.5141609e-12)
(-1.8790898e-05 -1.3691762e-05 1.3966834e-12)
(-1.7240732e-05 -1.389006e-05 1.2861559e-12)
(-1.5676674e-05 -1.4019289e-05 1.1833813e-12)
(-1.4106582e-05 -1.4088565e-05 1.0871686e-12)
(-1.2537443e-05 -1.409906e-05 9.9642323e-13)
(-1.097547e-05 -1.406319e-05 9.1096552e-13)
(-9.4260531e-06 -1.3976117e-05 8.2805543e-13)
(-7.8939256e-06 -1.3834614e-05 7.4223035e-13)
(-6.3821632e-06 -1.3658376e-05 6.4544565e-13)
(-4.8912822e-06 -1.3261171e-05 5.2539784e-13)
(-3.3965656e-06 -1.3706415e-05 4.0661705e-13)
(-1.991306e-06 -1.160183e-05 1.3272523e-13)
(-6.762767e-07 -1.2671387e-05 1.0688679e-13)
(-3.0692882e-05 -5.7888437e-06 -2.9113034e-12)
(-3.0102741e-05 -6.7580044e-06 -6.9387072e-13)
(-2.9408655e-05 -7.6787966e-06 6.1756099e-13)
(-2.8611686e-05 -8.5566333e-06 1.3376984e-12)
(-2.7714635e-05 -9.3810836e-06 1.6896484e-12)
(-2.6722409e-05 -1.0145777e-05 1.8223853e-12)
(-2.5640949e-05 -1.0849996e-05 1.8306753e-12)
(-2.4477995e-05 -1.1492757e-05 1.7734536e-12)
(-2.3242261e-05 -1.2059754e-05 1.6812197e-12)
(-2.1943305e-05 -1.2549378e-05 1.5737762e-12)
(-2.0591029e-05 -1.297262e-05 1.4641137e-12)
(-1.9195276e-05 -1.3336319e-05 1.3569435e-12)
(-1.7765704e-05 -1.3634266e-05 1.2537569e-12)
(-1.6311319e-05 -1.3860804e-05 1.156372e-12)
(-1.4840558e-05 -1.4020518e-05 1.0656324e-12)
(-1.336126e-05 -1.411715e-05 9.8118401e-13)
(-1.1880498e-05 -1.4154325e-05 9.0221995e-13)
(-1.0404674e-05 -1.4137007e-05 8.2737207e-13)
(-8.939644e-06 -1.4064078e-05 7.5389354e-13)
(-7.4904743e-06 -1.3936324e-05 6.7702442e-13)
(-6.060921e-06 -1.378398e-05 5.8921098e-13)
(-4.6580397e-06 -1.3391772e-05 4.7816311e-13)
(-3.2216234e-06 -1.3790944e-05 3.7141394e-13)
(-1.9011564e-06 -1.1871025e-05 1.1986837e-13)
(-6.4206938e-07 -1.2778962e-05 9.5991684e-14)
(-2.8678876e-05 -5.5904638e-06 -3.1503597e-12)
(-2.8137066e-05 -6.5343685e-06 -9.9348328e-13)
(-2.7500034e-05 -7.4429128e-06 3.0642298e-13)
(-2.6768564e-05 -8.3049937e-06 1.0290787e-12)
(-2.5944833e-05 -9.1186312e-06 1.3969393e-12)
(-2.5032524e-05 -9.8791313e-06 1.5535094e-12)
(-2.4036704e-05 -1.0578113e-05 1.5879735e-12)
(-2.2963891e-05 -1.1218425e-05 1.5563966e-12)
(-2.182158e-05 -1.1796943e-05 1.4896978e-12)
(-2.0618163e-05 -1.230514e-05 1.4043281e-12)
(-1.9362203e-05 -1.274512e-05 1.3116979e-12)
(-1.8062752e-05 -1.3118364e-05 1.2187338e-12)
(-1.672868e-05 -1.3425386e-05 1.1285859e-12)
(-1.5368523e-05 -1.366633e-05 1.0428726e-12)
(-1.3990367e-05 -1.3842371e-05 9.6266253e-13)
(-1.2601815e-05 -1.3956415e-05 8.8831085e-13)
(-1.1209887e-05 -1.4011194e-05 8.1896286e-13)
(-9.820982e-06 -1.4005394e-05 7.5264516e-13)
(-8.4409991e-06 -1.3942543e-05 6.8712014e-13)
(-7.0752685e-06 -1.3827683e-05 6.1837913e-13)
(-5.729111e-06 -1.3686458e-05 5.3898234e-13)
(-4.4092738e-06 -1.3254786e-05 4.3643087e-13)
(-3.1296423e-06 -1.3672431e-05 3.4190844e-13)
(-1.8416149e-06 -1.2015812e-05 1.1262669e-13)
(-5.5890793e-07 -1.2633806e-05 8.8751564e-14)
(-2.673561e-05 -5.359505e-06 -3.3859128e-12)
(-2.6237406e-05 -6.2822077e-06 -1.2751536e-12)
(-2.5651928e-05 -7.1703608e-06 1.9255793e-14)
(-2.4979758e-05 -8.0088115e-06 7.4699667e-13)
(-2.42226e-05 -8.8010277e-06 1.128078e-12)
(-2.3383456e-05 -9.5426285e-06 1.302869e-12)
(-2.2466628e-05 -1.0228687e-05 1.3596667e-12)
(-2.1477618e-05 -1.0858568e-05 1.3513737e-12)
(-2.0422869e-05 -1.1430205e-05 1.3068921e-12)
(-1.9309601e-05 -1.1938388e-05 1.2416856e-12)
(-1.8145501e-05 -1.2381656e-05 1.1666083e-12)
(-1.6938644e-05 -1.2758752e-05 1.0886721e-12)
(-1.5697178e-05 -1.306999e-05 1.011845e-12)
(-1.4429033e-05 -1.3318617e-05 9.3860307e-13)
(-1.3141863e-05 -1.3504905e-05 8.6939403e-13)
(-1.1842911e-05 -1.3628077e-05 8.0416683e-13)
(-1.0538951e-05 -1.3690536e-05 7.4279809e-13)
(-9.236232e-06 -1.3692595e-05 6.8393186e-13)
(-7.9404894e-06 -1.3637924e-05 6.2563251e-13)
(-6.6570388e-06 -1.3531297e-05 5.6417852e-13)
(-5.3915209e-06 -1.3398695e-05 4.9306171e-13)
(-4.1452194e-06 -1.3000894e-05 3.9925169e-13)
(-2.9894313e-06 -1.339911e-05 3.1611025e-13)
(-1.7537997e-06 -1.1857204e-05 1.0749057e-13)
(-5.1899723e-07 -1.2318625e-05 8.3297673e-14)
(-2.4875166e-05 -5.1337816e-06 -3.5502532e-12)
(-2.441681e-05 -6.0087965e-06 -1.5232054e-12)
(-2.3878455e-05 -6.8524684e-06 -2.5795409e-13)
(-2.3260551e-05 -7.6603604e-06 4.7666247e-13)
(-2.2564473e-05 -8.4248359e-06 8.7444494e-13)
(-2.179271e-05 -9.1405391e-06 1.0685937e-12)
(-2.0948903e-05 -9.8042802e-06 1.1446146e-12)
(-2.0037701e-05 -1.0414951e-05 1.155053e-12)
(-1.9064669e-05 -1.0967974e-05 1.1283328e-12)
(-1.8036119e-05 -1.1462926e-05 1.0812177e-12)
(-1.6958912e-05 -1.1897906e-05 1.0233446e-12)
(-1.5840291e-05 -1.226868e-05 9.6030789e-13)
(-1.4687614e-05 -1.2579113e-05 8.9753783e-13)
(-1.3508207e-05 -1.2830325e-05 8.3708691e-13)
(-1.2309206e-05 -1.3019188e-05 7.7871995e-13)
(-1.1097417e-05 -1.3146692e-05 7.2283723e-13)
(-9.879246e-06 -1.3215113e-05 6.6958193e-13)
(-8.6607309e-06 -1.3225317e-05 6.1814588e-13)
(-7.4474552e-06 -1.3178762e-05 5.6666193e-13)
(-6.2446883e-06 -1.3079707e-05 5.1193574e-13)
(-5.0576214e-06 -1.2971237e-05 4.4884493e-13)
(-3.8902477e-06 -1.2630813e-05 3.6317345e-13)
(-2.7647322e-06 -1.2908047e-05 2.893375e-13)
(-1.6376106e-06 -1.1387811e-05 9.9930366e-14)
(-5.1963465e-07 -1.1935421e-05 7.6790727e-14)
(-2.3108387e-05 -4.8579982e-06 -3.766546e-12)
(-2.2686821e-05 -5.6922173e-06 -1.7856404e-12)
(-2.2191861e-05 -6.485927e-06 -5.4086169e-13)
(-2.1623897e-05 -7.2494322e-06 1.9925227e-13)
(-2.0984112e-05 -7.9829539e-06 6.2099237e-13)
(-2.0274609e-05 -8.6705306e-06 8.4079257e-13)
(-1.9498406e-05 -9.3060182e-06 9.3825764e-13)
(-1.8659477e-05 -9.891594e-06 9.6695994e-13)
(-1.7762642e-05 -1.0418457e-05 9.5580686e-13)
(-1.6813439e-05 -1.0891326e-05 9.2432914e-13)
(-1.5817957e-05 -1.1310089e-05 8.8227108e-13)
(-1.4782695e-05 -1.1670105e-05 8.3497213e-13)
(-1.3714268e-05 -1.1974024e-05 7.8632404e-13)
(-1.2619413e-05 -1.2218387e-05 7.3728404e-13)
(-1.1504701e-05 -1.2403475e-05 6.8905709e-13)
(-1.0376493e-05 -1.2531828e-05 6.4255813e-13)
(-9.2408496e-06 -1.2603988e-05 5.9765928e-13)
(-8.1035408e-06 -1.262031e-05 5.5360007e-13)
(-6.9700002e-06 -1.2582734e-05 5.0893996e-13)
(-5.8454291e-06 -1.2493921e-05 4.6094726e-13)
(-4.7348935e-06 -1.2394168e-05 4.0513048e-13)
(-3.642992e-06 -1.2087097e-05 3.2794039e-13)
(-2.5794897e-06 -1.2292575e-05 2.6254794e-13)
(-1.5276921e-06 -1.0823727e-05 9.1880908e-14)
(-4.8943512e-07 -1.141432e-05 7.0929689e-14)
(-2.1445413e-05 -4.5509497e-06 -4.005054e-12)
(-2.105783e-05 -5.3394304e-06 -2.0522058e-12)
(-2.0602931e-05 -6.0886447e-06 -8.0990281e-13)
(-2.0081016e-05 -6.8044256e-06 -6.090252e-14)
(-1.9493111e-05 -7.4814894e-06 3.6866981e-13)
(-1.8841006e-05 -8.1221492e-06 6.0583825e-13)
(-1.8127248e-05 -8.7248848e-06 7.2873144e-13)
(-1.7355263e-05 -9.2824281e-06 7.8098723e-13)
(-1.6529249e-05 -9.7879897e-06 7.9132165e-13)
(-1.5654009e-05 -1.0240085e-05 7.7793934e-13)
(-1.473493e-05 -1.0636667e-05 7.5041624e-13)
(-1.3777781e-05 -1.0978896e-05 7.1625996e-13)
(-1.2788592e-05 -1.126901e-05 6.7969906e-13)
(-1.1773461e-05 -1.1502925e-05 6.4156219e-13)
(-1.0738442e-05 -1.1681459e-05 6.0318447e-13)
(-9.6894566e-06 -1.1806462e-05 5.654275e-13)
(-8.6322468e-06 -1.1878115e-05 5.2829958e-13)
(-7.5722918e-06 -1.1896774e-05 4.9126556e-13)
(-6.5148705e-06 -1.1864467e-05 4.531784e-13)
(-5.4650559e-06 -1.1783827e-05 4.1176467e-13)
(-4.427755e-06 -1.1683505e-05 3.6277272e-13)
(-3.4074652e-06 -1.1402492e-05 2.9454561e-13)
(-2.4095589e-06 -1.1566072e-05 2.3594602e-13)
(-1.4260943e-06 -1.0182059e-05 8.1857169e-14)
(-4.5727648e-07 -1.071936e-05 6.3259734e-14)
(-1.9895553e-05 -4.2244983e-06 -4.2369578e-12)
(-1.9539225e-05 -4.9510141e-06 -2.3141063e-12)
(-1.9121164e-05 -5.649514e-06 -1.0743711e-12)
(-1.8641601e-05 -6.3164427e-06 -3.1366796e-13)
(-1.8101375e-05 -6.9463936e-06 1.3310745e-13)
(-1.7501982e-05 -7.5426108e-06 3.903349e-13)
(-1.684565e-05 -8.1004642e-06 5.3223005e-13)
(-1.6135326e-05 -8.612687e-06 6.0365578e-13)
(-1.5374649e-05 -9.0842354e-06 6.3472241e-13)
(-1.4567828e-05 -9.5109027e-06 6.3997979e-13)
(-1.3719607e-05 -9.8861948e-06 6.2856565e-13)
(-1.2835072e-05 -1.0210246e-05 6.0722436e-13)
(-1.1919707e-05 -1.048175e-05 5.8058576e-13)
(-1.0979014e-05 -1.0701485e-05 5.5183509e-13)
(-1.0018565e-05 -1.0870023e-05 5.2214297e-13)
(-9.0438652e-06 -1.0988111e-05 4.9217688e-13)
(-8.0603053e-06 -1.1056575e-05 4.6222889e-13)
(-7.0731001e-06 -1.1076229e-05 4.319498e-13)
(-6.0872971e-06 -1.1047694e-05 4.001982e-13)
(-5.1077476e-06 -1.0973469e-05 3.6504425e-13)
(-4.1390667e-06 -1.0872172e-05 3.2264226e-13)
(-3.1853908e-06 -1.0619813e-05 2.6270977e-13)
(-2.2507728e-06 -1.0757742e-05 2.1034e-13)
(-1.3315198e-06 -9.4793926e-06 7.1819613e-14)
(-4.2845552e-07 -9.9921398e-06 5.7521972e-14)
(-1.8467045e-05 -3.8753652e-06 -4.4606019e-12)
(-1.8139306e-05 -4.5369116e-06 -2.5653062e-12)
(-1.7754895e-05 -5.1793065e-06 -1.3278616e-12)
(-1.7313999e-05 -5.793019e-06 -5.54108e-13)
(-1.6817309e-05 -6.3742989e-06 -8.7796096e-14)
(-1.6266081e-05 -6.9236926e-06 1.8958271e-13)
(-1.566223e-05 -7.4359552e-06 3.5061241e-13)
(-1.5008286e-05 -7.9058875e-06 4.4000097e-13)
(-1.4307387e-05 -8.3374128e-06 4.8785834e-13)
(-1.356326e-05 -8.729132e-06 5.093064e-13)
(-1.2780069e-05 -9.0790371e-06 5.1348485e-13)
(-1.1962386e-05 -9.3785462e-06 5.0475632e-13)
(-1.1115055e-05 -9.6266295e-06 4.8772525e-13)
(-1.0243092e-05 -9.8300402e-06 4.6739365e-13)
(-9.3516182e-06 -9.985907e-06 4.4519486e-13)
(-8.4457287e-06 -1.0094963e-05 4.2218942e-13)
(-7.5304585e-06 -1.0158277e-05 3.9876674e-13)
(-6.6107292e-06 -1.0176706e-05 3.746077e-13)
(-5.6913066e-06 -1.0150172e-05 3.4869437e-13)
(-4.7767675e-06 -1.0081039e-05 3.1940983e-13)
(-3.8714493e-06 -9.9875598e-06 2.8360828e-13)
(-2.9792985e-06 -9.7557767e-06 2.3084627e-13)
(-2.1043481e-06 -9.8805973e-06 1.8573326e-13)
(-1.2441368e-06 -8.7164142e-06 6.2398547e-14)
(-4.0154395e-07 -9.1708324e-06 5.115673e-14)
(-1.7166776e-05 -3.5051876e-06 -4.6835721e-12)
(-1.6865026e-05 -4.102505e-06 -2.8065269e-12)
(-1.6511137e-05 -4.6865634e-06 -1.5689005e-12)
(-1.6105275e-05 -5.2421154e-06 -7.8364144e-13)
(-1.5648005e-05 -5.7698849e-06 -2.9954309e-13)
(-1.5140384e-05 -6.2686219e-06 -3.6797553e-15)
(-1.4584033e-05 -6.7339141e-06 1.7536912e-13)
(-1.3981126e-05 -7.1631035e-06 2.8279142e-13)
(-1.333439e-05 -7.5564711e-06 3.4674036e-13)
(-1.2647085e-05 -7.910963e-06 3.8204282e-13)
(-1.1922912e-05 -8.2229563e-06 3.9782603e-13)
(-1.1165967e-05 -8.4927115e-06 4.008774e-13)
(-1.038053e-05 -8.720695e-06 3.9518299e-13)
(-9.5712168e-06 -8.9046529e-06 3.8360203e-13)
(-8.7426897e-06 -9.0452168e-06 3.6899133e-13)
(-7.8996645e-06 -9.144218e-06 3.529635e-13)
(-7.0468302e-06 -9.2010243e-06 3.357813e-13)
(-6.1887822e-06 -9.2163006e-06 3.1731707e-13)
(-5.3299833e-06 -9.1907692e-06 2.9693428e-13)
(-4.4747322e-06 -9.1270336e-06 2.7331501e-13)
(-3.6271476e-06 -9.0438558e-06 2.4378492e-13)
(-2.7911521e-06 -8.8320683e-06 1.9867448e-13)
(-1.970822e-06 -8.9509007e-06 1.6095062e-13)
(-1.1648858e-06 -7.9084665e-06 5.234649e-14)
(-3.7648375e-07 -8.3078486e-06 4.4675955e-14)
(-1.5999942e-05 -3.1200187e-06 -4.9241605e-12)
(-1.5721545e-05 -3.651735e-06 -3.0552837e-12)
(-1.5395076e-05 -4.1736767e-06 -1.8132031e-12)
(-1.5020637e-05 -4.6675119e-06 -1.0163604e-12)
(-1.4598672e-05 -5.1381401e-06 -5.1523043e-13)
(-1.4130063e-05 -5.5833832e-06 -2.0134563e-13)
(-1.3616181e-05 -5.998897e-06 -4.7046209e-15)
(-1.3058898e-05 -6.3834233e-06 1.1970588e-13)
(-1.2460593e-05 -6.7354436e-06 1.9843839e-13)
(-1.1824131e-05 -7.0512894e-06 2.4677353e-13)
(-1.11528e-05 -7.3294404e-06 2.7520442e-13)
(-1.0450235e-05 -7.572464e-06 2.910549e-13)
(-9.7203537e-06 -7.7744891e-06 2.9643429e-13)
(-8.9673068e-06 -7.9343855e-06 2.9403528e-13)
(-8.1953666e-06 -8.0590258e-06 2.8793307e-13)
(-7.4089106e-06 -8.1466503e-06 2.7938877e-13)
(-6.6122828e-06 -8.1962526e-06 2.6888102e-13)
(-5.8097655e-06 -8.2089155e-06 2.5660117e-13)
(-5.0055223e-06 -8.1852909e-06 2.4213316e-13)
(-4.2035827e-06 -8.1268615e-06 2.2433797e-13)
(-3.4078415e-06 -8.0518737e-06 2.009611e-13)
(-2.6221739e-06 -7.8617999e-06 1.6439752e-13)
(-1.8507542e-06 -7.9732924e-06 1.3389426e-13)
(-1.0938292e-06 -7.0591289e-06 3.9941399e-14)
(-3.5376323e-07 -7.3940847e-06 3.6205896e-14)
(-1.4969962e-05 -2.7259677e-06 -5.2084745e-12)
(-1.471222e-05 -3.1890443e-06 -3.3389758e-12)
(-1.4409981e-05 -3.640759e-06 -2.0861927e-12)
(-1.4063272e-05 -4.07172e-06 -1.2728903e-12)
(-1.3672429e-05 -4.4825451e-06 -7.5226527e-13)
(-1.3238188e-05 -4.8713671e-06 -4.1880957e-13)
(-1.2761708e-05 -5.2339321e-06 -2.0326814e-13)
(-1.2244602e-05 -5.5691992e-06 -6.1506365e-14)
(-1.1688952e-05 -5.8765166e-06 3.2786799e-14)
(-1.1097286e-05 -6.1524598e-06 9.5432609e-14)
(-1.0472528e-05 -6.3951374e-06 1.3713775e-13)
(-9.8179464e-06 -6.6061484e-06 1.6505466e-13)
(-9.1371189e-06 -6.7850288e-06 1.829997e-13)
(-8.4337958e-06 -6.9298643e-06 1.9305263e-13)
(-7.7119192e-06 -7.0384207e-06 1.968235e-13)
(-6.97552e-06 -7.1115634e-06 1.9631355e-13)
(-6.2286408e-06 -7.1529348e-06 1.9324162e-13)
(-5.4752877e-06 -7.1630081e-06 1.8795583e-13)
(-4.7193743e-06 -7.1417908e-06 1.8015334e-13)
(-3.9646825e-06 -7.0875026e-06 1.6881141e-13)
(-3.214881e-06 -7.0213198e-06 1.5239253e-13)
(-2.4736294e-06 -6.8544622e-06 1.2516682e-13)
(-1.7450984e-06 -6.9569021e-06 1.024303e-13)
(-1.0310309e-06 -6.1836515e-06 2.4651211e-14)
(-3.3360078e-07 -6.4479177e-06 2.6185245e-14)
(-1.407989e-05 -2.3194938e-06 -5.5528361e-12)
(-1.383999e-05 -2.7118054e-06 -3.6741189e-12)
(-1.3558636e-05 -3.0935668e-06 -2.4039609e-12)
(-1.3235825e-05 -3.4608431e-06 -1.5683238e-12)
(-1.2871816e-05 -3.8081343e-06 -1.0237144e-12)
(-1.2467214e-05 -4.1346311e-06 -6.6745324e-13)
(-1.2023005e-05 -4.4396518e-06 -4.3049538e-13)
(-1.1540586e-05 -4.721853e-06 -2.6918888e-13)
(-1.1021779e-05 -4.9794035e-06 -1.5708561e-13)
(-1.0468824e-05 -5.2113399e-06 -7.7963321e-14)
(-9.8843319e-06 -5.4180083e-06 -2.1238672e-14)
(-9.2712579e-06 -5.5981122e-06 1.999044e-14)
(-8.6328521e-06 -5.7509279e-06 5.0377569e-14)
(-7.9725761e-06 -5.8762135e-06 7.2729144e-14)
(-7.2940632e-06 -5.9722409e-06 8.84756e-14)
(-6.6010343e-06 -6.0380797e-06 9.884034e-14)
(-5.897275e-06 -6.0741348e-06 1.0500014e-13)
(-5.1865599e-06 -6.0810913e-06 1.0773285e-13)
(-4.4726063e-06 -6.0611512e-06 1.0745979e-13)
(-3.7590271e-06 -6.0155649e-06 1.0370102e-13)
(-3.0493121e-06 -5.9578099e-06 9.5199434e-14)
(-2.3468323e-06 -5.8107736e-06 7.7781269e-14)
(-1.6552144e-06 -5.9064215e-06 6.4078509e-14)
(-9.7694823e-07 -5.2778942e-06 4.3545083e-15)
(-3.1450838e-07 -5.4766607e-06 1.3202313e-14)
(-1.3334677e-05 -1.8939355e-06 -5.9256378e-12)
(-1.3109664e-05 -2.2113919e-06 -4.0380631e-12)
(-1.2845731e-05 -2.5212393e-06 -2.7510274e-12)
(-1.2542864e-05 -2.8216006e-06 -1.8929445e-12)
(-1.2201266e-05 -3.1047855e-06 -1.3232222e-12)
(-1.1821435e-05 -3.3706357e-06 -9.4252515e-13)
(-1.1404219e-05 -3.6187202e-06 -6.8241349e-13)
(-1.0950836e-05 -3.8484686e-06 -4.9955424e-13)
(-1.0462894e-05 -4.0582506e-06 -3.6781651e-13)
(-9.9423798e-06 -4.247442e-06 -2.7064357e-13)
(-9.3916472e-06 -4.4157524e-06 -1.974389e-13)
(-8.8133798e-06 -4.5621445e-06 -1.4132008e-13)
(-8.210547e-06 -4.6859135e-06 -9.7592473e-14)
(-7.5863531e-06 -4.7869213e-06 -6.3115904e-14)
(-6.9441785e-06 -4.8650939e-06 -3.5787879e-14)
(-6.2875179e-06 -4.9205981e-06 -1.41362e-14)
(-5.6199385e-06 -4.9531433e-06 2.7821149e-15)
(-4.9450299e-06 -4.9619815e-06 1.5477192e-14)
(-4.2663624e-06 -4.9472982e-06 2.4214935e-14)
(-3.5874457e-06 -4.9108849e-06 2.895416e-14)
(-2.9116637e-06 -4.861326e-06 2.9097209e-14)
(-2.2421873e-06 -4.7404547e-06 2.2099682e-14)
(-1.582003e-06 -4.8257088e-06 1.8410609e-14)
(-9.3216446e-07 -4.3254244e-06 -2.2014032e-14)
(-2.9586722e-07 -4.4752928e-06 -3.7572668e-15)
(-1.2740692e-05 -1.4514783e-06 -6.1974751e-12)
(-1.2527551e-05 -1.6957631e-06 -4.3299683e-12)
(-1.2277505e-05 -1.9324189e-06 -3.0487782e-12)
(-1.1990532e-05 -2.1610995e-06 -2.1855531e-12)
(-1.1666789e-05 -2.3790994e-06 -1.6027292e-12)
(-1.1306697e-05 -2.5835441e-06 -1.204548e-12)
(-1.0910986e-05 -2.7741314e-06 -9.256628e-13)
(-1.0480737e-05 -2.9511596e-06 -7.2412603e-13)
(-1.0017387e-05 -3.1128202e-06 -5.7462871e-13)
(-9.5227314e-06 -3.2583089e-06 -4.6085789e-13)
(-8.9989121e-06 -3.3873054e-06 -3.7225946e-13)
(-8.4483934e-06 -3.4993293e-06 -3.0195127e-13)
(-7.8739222e-06 -3.5939001e-06 -2.4528791e-13)
(-7.2784873e-06 -3.6707751e-06 -1.9903898e-13)
(-6.6652669e-06 -3.7301197e-06 -1.6084788e-13)
(-6.0375772e-06 -3.7723699e-06 -1.2902799e-13)
(-5.3988219e-06 -3.7976838e-06 -1.0246602e-13)
(-4.7524493e-06 -3.8057666e-06 -8.0522774e-14)
(-4.1019086e-06 -3.7966076e-06 -6.28526e-14)
(-3.4506165e-06 -3.7713263e-06 -4.9343678e-14)
(-2.8018866e-06 -3.7346745e-06 -4.0263149e-14)
(-2.1587621e-06 -3.6450661e-06 -3.694305e-14)
(-1.524005e-06 -3.713522e-06 -3.0638724e-14)
(-8.9652907e-07 -3.3233183e-06 -5.1698597e-14)
(-2.8014105e-07 -3.4422505e-06 -2.3483078e-14)
(-1.2311063e-05 -1.0025272e-06 -6.1063248e-12)
(-1.2106533e-05 -1.1721753e-06 -4.3468843e-12)
(-1.1866566e-05 -1.3357125e-06 -3.1380771e-12)
(-1.1591115e-05 -1.4930837e-06 -2.3175829e-12)
(-1.12803e-05 -1.643026e-06 -1.7567629e-12)
(-1.0934483e-05 -1.7842161e-06 -1.3658608e-12)
(-1.0554315e-05 -1.916896e-06 -1.0857532e-12)
(-1.0140774e-05 -2.0403781e-06 -8.7884439e-13)
(-9.6951841e-06 -2.153198e-06 -7.2178855e-13)
(-9.219201e-06 -2.2544186e-06 -5.9954873e-13)
(-8.7148193e-06 -2.3440019e-06 -5.022161e-13)
(-8.1843477e-06 -2.4217905e-06 -4.2325973e-13)
(-7.6303757e-06 -2.4875409e-06 -3.5826284e-13)
(-7.0557338e-06 -2.5410602e-06 -3.0409579e-13)
(-6.4634492e-06 -2.5823444e-06 -2.5846745e-13)
(-5.8566978e-06 -2.6115088e-06 -2.1973624e-13)
(-5.2387552e-06 -2.6287374e-06 -1.8672985e-13)
(-4.6129493e-06 -2.6344422e-06 -1.5852436e-13)
(-3.9826156e-06 -2.6291098e-06 -1.3453775e-13)
(-3.3510583e-06 -2.6134226e-06 -1.1457093e-13)
(-2.7214797e-06 -2.5894949e-06 -9.8641646e-14)
(-2.0968335e-06 -2.5314691e-06 -8.714899e-14)
(-1.4797676e-06 -2.5812377e-06 -7.297976e-14)
(-8.7005852e-07 -2.2908958e-06 -7.7032529e-14)
(-2.7128764e-07 -2.3946829e-06 -4.1557885e-14)
(-1.2056004e-05 -5.5770685e-07 -5.2828054e-12)
(-1.1856601e-05 -6.5258221e-07 -3.8067919e-12)
(-1.1622641e-05 -7.4421286e-07 -2.796793e-12)
(-1.1354055e-05 -8.3216067e-07 -2.1084314e-12)
(-1.1050937e-05 -9.1565907e-07 -1.6331391e-12)
(-1.0713611e-05 -9.9506572e-07 -1.2967867e-12)
(-1.0342682e-05 -1.0696258e-06 -1.0519048e-12)
(-9.9390698e-06 -1.1380394e-06 -8.682529e-13)
(-9.504026e-06 -1.2009278e-06 -7.2633841e-13)
(-9.0391314e-06 -1.2582252e-06 -6.1372214e-13)
(-8.5462962e-06 -1.3091587e-06 -5.2276547e-13)
(-8.0277393e-06 -1.3534636e-06 -4.479851e-13)
(-7.4859562e-06 -1.3910062e-06 -3.8564147e-13)
(-6.9236819e-06 -1.4216701e-06 -3.330609e-13)
(-6.3438477e-06 -1.4454016e-06 -2.8828426e-13)
(-5.749535e-06 -1.4621997e-06 -2.4989002e-13)
(-5.143926e-06 -1.472089e-06 -2.1683919e-13)
(-4.5302513e-06 -1.4753299e-06 -1.882802e-13)
(-3.911743e-06 -1.4724852e-06 -1.6354981e-13)
(-3.2915823e-06 -1.4641533e-06 -1.4228116e-13)
(-2.6728457e-06 -1.4512267e-06 -1.242737e-13)
(-2.0584578e-06 -1.4206616e-06 -1.0939479e-13)
(-1.4511177e-06 -1.4514135e-06 -9.2521319e-14)
(-8.5353857e-07 -1.2697776e-06 -8.5487212e-14)
(-2.6935063e-07 -1.3504517e-06 -5.0161192e-14)
(-1.1959356e-05 -1.3079854e-07 -3.3545337e-12)
(-1.1761581e-05 -1.5341668e-07 -2.4332441e-12)
(-1.152956e-05 -1.7532804e-07 -1.8078498e-12)
(-1.1263223e-05 -1.963572e-07 -1.3810197e-12)
(-1.0962665e-05 -2.1639254e-07 -1.084136e-12)
(-1.062821e-05 -2.3556431e-07 -8.7177137e-13)
(-1.0260455e-05 -2.535303e-07 -7.1525554e-13)
(-9.8603026e-06 -2.6994109e-07 -5.9646014e-13)
(-9.4289834e-06 -2.8503572e-07 -5.035905e-13)
(-8.9680653e-06 -2.9916198e-07 -4.2861049e-13)
(-8.4794385e-06 -3.1182326e-07 -3.6798246e-13)
(-7.965294e-06 -3.2307738e-07 -3.178222e-13)
(-7.4280952e-06 -3.3270065e-07 -2.7571221e-13)
(-6.8705402e-06 -3.4063206e-07 -2.3996571e-13)
(-6.2955199e-06 -3.4684678e-07 -2.0934843e-13)
(-5.7060709e-06 -3.5133575e-07 -1.8295027e-13)
(-5.1053245e-06 -3.5406841e-07 -1.6009682e-13)
(-4.4964524e-06 -3.5499026e-07 -1.4027409e-13)
(-3.8826095e-06 -3.541542e-07 -1.2307147e-13)
(-3.2668816e-06 -3.5201973e-07 -1.0811215e-13)
(-2.6522569e-06 -3.4930702e-07 -9.5080115e-14)
(-2.0417323e-06 -3.3926573e-07 -8.3852158e-14)
(-1.439624e-06 -3.5256057e-07 -7.1829423e-14)
(-8.4756068e-07 -2.867237e-07 -6.3254533e-14)
(-2.6793191e-07 -3.1712757e-07 -4.0955976e-14)
)
;

boundaryField
{
    Walls
    {
        type            noSlip;
    }
    Inlet
    {
        type            pressureInletVelocity;
        value           nonuniform List<vector> 3((1.4691534 -0 -0) (1.5031181 -0 -0) (1.6104227 -0 -0));
    }
    Outlet
    {
        type            pressureInletOutletVelocity;
        value           nonuniform List<vector> 
86
(
(-1.2383197e-05 0 0)
(-1.2403994e-05 0 0)
(-1.2347789e-05 0 0)
(-1.225267e-05 0 0)
(-1.2123031e-05 0 0)
(-1.1959356e-05 0 0)
(-1.1761581e-05 8.1612362e-20 1.4387838e-19)
(-1.152956e-05 -8.0002392e-20 1.2223474e-19)
(-1.1263223e-05 0 0)
(-1.0962665e-05 0 0)
(-1.062821e-05 0 0)
(-1.0260455e-05 0 0)
(-9.8603026e-06 -6.8419594e-20 -6.2722508e-20)
(-9.4289834e-06 6.5426715e-20 -5.5535961e-20)
(-8.9680653e-06 0 0)
(-8.4794385e-06 0 0)
(-7.965294e-06 0 0)
(-7.4280952e-06 0 0)
(-6.8705402e-06 0 0)
(-6.2955199e-06 0 0)
(-5.7060709e-06 0 0)
(-5.1053245e-06 0 0)
(-4.4964524e-06 0 0)
(-3.8826095e-06 0 0)
(-3.2668816e-06 0 0)
(-2.6522569e-06 0 0)
(-2.0417323e-06 0 0)
(-1.439624e-06 1.9978797e-20 0)
(-8.4756068e-07 -1.1762267e-20 0)
(-2.6793191e-07 0 0)
(-2.4406863e-06 0.10296975 -1.5788534e-07)
(8.2472867e-05 0.071461367 -1.4225657e-07)
(2.4710296e-05 0.021280264 -1.0077743e-07)
(0 -0.0071228645 0)
(0 -0.011583482 0)
(0 -0.0056686134 0)
(0 -0.0011102871 0)
(-6.6145444e-07 0.00029480662 -9.3969109e-10)
(-1.0749151e-06 0.0002426396 -3.6789496e-10)
(0 -1.8675226e-05 0)
(0 -0.00011337628 0)
(0 -9.0787332e-05 0)
(0 -3.8471465e-05 0)
(6.9859968e-07 3.7544962e-06 4.8229324e-12)
(6.9287742e-07 2.4414118e-05 1.7415182e-12)
(5.7119545e-07 2.9892929e-05 2.3082694e-13)
(3.7441839e-07 2.7906489e-05 -9.8501848e-14)
(1.8361406e-07 2.3994843e-05 6.0048662e-14)
(1.0262497e-09 1.9972644e-05 2.5299177e-13)
(-1.8523641e-07 1.6042031e-05 3.4765529e-13)
(-3.4612254e-07 1.2335484e-05 3.5008871e-13)
(-4.8048376e-07 8.8275215e-06 3.0858498e-13)
(-5.8478294e-07 5.32822e-06 2.6772697e-13)
(-6.6149124e-07 1.9489012e-06 2.3325748e-13)
(0 -1.2666753e-06 0)
(0 -3.9304615e-06 0)
(0 -6.231549e-06 0)
(0 -8.0510474e-06 0)
(0 -9.4597614e-06 0)
(0 -1.0798803e-05 0)
(0 -1.1661963e-05 0)
(0 -1.2317926e-05 0)
(0 -1.2671387e-05 0)
(0 -1.2778962e-05 0)
(0 -1.2633806e-05 0)
(0 -1.2318625e-05 0)
(0 -1.1935421e-05 0)
(0 -1.141432e-05 0)
(0 -1.071936e-05 0)
(0 -9.9921398e-06 0)
(0 -9.1708324e-06 0)
(0 -8.3078486e-06 0)
(0 -7.3940847e-06 0)
(0 -6.4479177e-06 0)
(0 -5.4766607e-06 0)
(0 -4.4752928e-06 0)
(0 -3.4422505e-06 0)
(0 -2.3946829e-06 0)
(0 -1.3504517e-06 0)
(0 -3.1712757e-07 0)
(0 -0.00049560597 0)
(0 -0.004204737 0)
(0 -0.01029267 0)
(0 -0.0076080403 0)
(-1.8094566e-05 0.018100129 -9.8817728e-08)
(-8.1614372e-05 0.067934568 -1.4087135e-07)
)
;
    }
    Front
    {
        type            wedge;
    }
    Back
    {
        type            wedge;
    }
    defaultFaces
    {
        type            empty;
    }
}


// ************************************************************************* //
