/*--------------------------------*- C++ -*----------------------------------*\
| =========                 |                                                 |
| \\      /  F ield         | OpenFOAM: The Open Source CFD Toolbox           |
|  \\    /   O peration     | Version:  4.0                                   |
|   \\  /    A nd           | Web:      www.OpenFOAM.org                      |
|    \\/     M anipulation  |                                                 |
\*---------------------------------------------------------------------------*/
FoamFile
{
    version     2.0;
    format      ascii;
    class       volVectorField;
    location    "0.39";
    object      U;
}
// * * * * * * * * * * * * * * * * * * * * * * * * * * * * * * * * * * * * * //

dimensions      [0 1 -1 0 0 0 0];

internalField   nonuniform List<vector> 
1740
(
(1.5935646 0.0063844519 3.7201485e-06)
(1.4826986 -0.0038959592 7.3926665e-07)
(1.6253099 -0.0051165564 3.7823431e-08)
(1.6087307 0.02567585 7.8573322e-06)
(1.5010444 -0.008902861 1.398831e-06)
(1.6177083 -0.017507462 2.9023057e-07)
(1.4623199 0.018758155 1.0877294e-05)
(1.567262 -0.016754641 2.4384373e-06)
(1.5765472 -0.021089339 4.5248308e-07)
(1.5044435 -0.014972205 1.2885161e-05)
(1.6790284 -0.013849504 3.3616277e-06)
(1.5808565 -0.0087647122 5.9928171e-07)
(1.5416116 -0.017346219 1.5245618e-05)
(1.6133307 0.0040299382 4.2712087e-06)
(1.532068 0.0024923927 7.8967011e-07)
(1.5166684 -0.008452856 1.6532411e-05)
(1.6128023 -0.0020991778 5.0846841e-06)
(1.5629191 -0.0016835849 9.8453815e-07)
(1.5705674 -0.011849335 1.7547631e-05)
(1.6204444 -0.016234836 5.9322307e-06)
(1.5426408 -0.01097792 1.1571558e-06)
(1.5703065 -0.012908421 1.8112914e-05)
(1.6579808 -0.011807448 6.3964297e-06)
(1.5186597 -0.0058241447 1.3331788e-06)
(1.6143124 -0.021775763 1.837272e-05)
(1.6386232 -0.0005151019 7.2311362e-06)
(1.5278234 0.0039220358 1.5487297e-06)
(1.7283201 0.0052017849 1.8859647e-05)
(1.5412811 0.0088371922 7.8599163e-06)
(1.5472406 0.0070263871 1.7080647e-06)
(1.6323512 0.026648404 1.9705077e-05)
(1.6046738 0.015709059 8.3641408e-06)
(1.5580065 -0.0032401257 1.9253139e-06)
(1.5412776 0.006981515 2.0327163e-05)
(1.6034909 0.015091778 9.0952071e-06)
(1.5219332 0.0042279719 2.1440974e-06)
(1.6089084 0.0018694648 2.0416351e-05)
(1.5505894 0.012059528 9.6526319e-06)
(1.5991419 0.0071064461 2.2919603e-06)
(1.5784085 -0.0030251107 2.0384741e-05)
(1.589813 0.0076733639 1.0059786e-05)
(1.5939203 0.0011305085 2.5351656e-06)
(1.5660213 -0.018750127 2.0641756e-05)
(1.543674 -0.011414427 1.0645015e-05)
(1.5740874 -0.00068042945 2.7088568e-06)
(1.7144405 -0.01325641 2.0856972e-05)
(1.5049357 -0.015413834 1.1010316e-05)
(1.5986257 -0.0070042245 2.8870298e-06)
(1.6199014 0.023030569 2.0812998e-05)
(1.5315204 0.0018543255 1.1347782e-05)
(1.5264996 -0.0070706907 3.1060904e-06)
(1.5831189 0.025981728 2.1155685e-05)
(1.5893588 0.007091308 1.1727199e-05)
(1.5953622 -0.0082157854 3.3042065e-06)
(1.5533608 0.013997906 2.1491619e-05)
(1.6493555 0.0091091735 1.2163938e-05)
(1.5538759 0.0010738398 3.4670599e-06)
(1.4745773 -0.0010391941 2.1325886e-05)
(1.5452649 0.030539298 1.2483922e-05)
(1.5484864 0.01842179 3.6238671e-06)
(1.5598399 -0.0077835232 2.1347787e-05)
(1.5143673 0.0060953259 1.2895914e-05)
(1.6954083 0.01258596 3.7789946e-06)
(1.5577248 -0.0062009499 2.1867734e-05)
(1.5329324 -0.014507047 1.3259944e-05)
(1.6151761 -0.0094744355 3.9489505e-06)
(1.5058612 0.0069052571 2.2313526e-05)
(1.5304767 -0.010971358 1.3557922e-05)
(1.5219283 -0.008343094 4.1094702e-06)
(1.5167028 0.00456093 2.2718521e-05)
(1.6328324 -0.0042116047 1.3829935e-05)
(1.6024891 -0.0016987313 4.2577298e-06)
(1.4972643 -0.0050050688 2.2824591e-05)
(1.6015978 -0.011863404 1.41924e-05)
(1.5871853 -0.0056026619 4.4550039e-06)
(1.5075314 -0.014520051 2.2861692e-05)
(1.6016634 -0.0162946 1.4411602e-05)
(1.4898791 -0.0055876044 4.5635573e-06)
(1.5193099 -0.0068432415 2.2491809e-05)
(1.6102834 0.00037918539 1.4673574e-05)
(1.5137767 0.0038228253 4.6908215e-06)
(1.4876506 -0.0047613256 2.2471698e-05)
(1.5750358 0.0010851327 1.4879519e-05)
(1.5064291 0.0021019403 4.8462253e-06)
(1.4965335 -0.0029473713 2.2003329e-05)
(1.5051267 0.010475662 1.5084625e-05)
(1.5324823 -0.00028492476 4.8273947e-06)
(1.3335575 0.044525742 2.3313442e-05)
(1.2796768 0.096942885 1.5679034e-05)
(1.414065 0.054230246 5.5392137e-06)
(0.83127114 0.37518015 1.1620472e-05)
(0.81061798 0.93107347 9.9114656e-06)
(0.74612469 1.2536282 5.389068e-06)
(0.22754875 0.11368526 1.4638217e-06)
(0.1910354 0.36800093 3.0821364e-06)
(0.093764483 0.50642891 7.1136877e-07)
(-0.02800501 -0.013402941 1.2276747e-06)
(-0.026302302 -0.027732578 1.6902721e-06)
(-0.017646933 -0.03174447 5.8217278e-07)
(-0.0061509544 -0.0028551965 4.4714483e-07)
(-0.0061374569 -0.0074246181 7.3429921e-07)
(-0.0052634951 -0.010160098 3.3751133e-07)
(0.00050273253 -0.00024395465 1.2127327e-07)
(0.00020321726 -0.00068631923 2.4527166e-07)
(-0.00015376483 -0.0011405208 1.129667e-07)
(0.0012304655 1.5412633e-05 2.779324e-08)
(0.0010960409 2.2220086e-05 5.8262461e-08)
(0.00086155874 1.2262962e-05 -1.1959103e-09)
(0.0011982485 8.9943491e-05 -2.5010734e-09)
(0.0011080086 0.00018244268 -8.9965235e-09)
(0.00093464151 0.00022512305 -4.6356649e-08)
(0.00099431464 9.7204885e-05 -1.2057929e-08)
(0.0009326442 0.00021417363 -3.0028335e-08)
(0.00080747068 0.00030238561 -5.779588e-08)
(0.00078323278 7.1027387e-05 -1.2587815e-08)
(0.00074161655 0.0001679065 -3.1629121e-08)
(0.00065322038 0.00025331519 -5.327873e-08)
(0.00061969974 4.32823e-05 -9.8018184e-09)
(0.0005908084 0.00010061116 -2.5856404e-08)
(0.00052581854 0.00014960015 -4.2690928e-08)
(0.0005076369 2.3461849e-05 -6.7380283e-09)
(0.00048697328 5.373345e-05 -1.8862274e-08)
(0.00043900649 8.032633e-05 -3.1554839e-08)
(0.00043184806 1.6166392e-05 -4.4996729e-09)
(0.00041682294 3.5941497e-05 -1.3102951e-08)
(0.00038143158 5.2633776e-05 -2.2258058e-08)
(0.00037458372 1.4896449e-05 -3.0986326e-09)
(0.00036345898 3.3244322e-05 -9.0020704e-09)
(0.00033681356 4.8982892e-05 -1.5303395e-08)
(0.00032665103 1.4406015e-05 -2.2020763e-09)
(0.0003182521 3.3205859e-05 -6.1603005e-09)
(0.00029780798 5.0594336e-05 -1.0323677e-08)
(0.00028472426 1.3642395e-05 -1.5758483e-09)
(0.00027832185 3.202547e-05 -4.1665293e-09)
(0.0002624885 4.9422681e-05 -6.8106871e-09)
(0.00024787403 1.2009567e-05 -1.0884495e-09)
(0.00024294904 2.8373966e-05 -2.7370549e-09)
(0.00023059207 4.3994541e-05 -4.3608765e-09)
(0.00021619385 9.9572472e-06 -7.106701e-10)
(0.00021239318 2.3591479e-05 -1.7214062e-09)
(0.00020270201 3.6686714e-05 -2.6873578e-09)
(0.00018948943 8.1271014e-06 -4.4155467e-10)
(0.00018655903 1.9233404e-05 -1.0322419e-09)
(0.00017892423 3.0054408e-05 -1.5874336e-09)
(0.00016701796 6.7322366e-06 -2.7042702e-10)
(0.00016474598 1.589693e-05 -5.9787162e-10)
(0.00015866783 2.4896445e-05 -9.0201891e-10)
(0.00014796401 5.6857205e-06 -1.6986599e-10)
(0.00014618238 1.3417777e-05 -3.42874e-10)
(0.00014128068 2.104157e-05 -4.987313e-10)
(0.0001316708 4.8803149e-06 -1.1470088e-10)
(0.00013025681 1.1492887e-05 -2.0229364e-10)
(0.00012626163 1.8133881e-05 -2.737444e-10)
(0.0001176531 4.2141842e-06 -8.4431096e-11)
(0.00011652026 9.9793261e-06 -1.2685875e-10)
(0.00011323252 1.5816749e-05 -1.531796e-10)
(0.00010554732 3.6504406e-06 -6.6784556e-11)
(0.00010463232 8.6809207e-06 -8.6137286e-11)
(0.00010189584 1.3809469e-05 -9.0175262e-11)
(9.5069606e-05 3.1675602e-06 -5.7044993e-11)
(9.4324485e-05 7.545645e-06 -6.442863e-11)
(9.2026439e-05 1.20185e-05 -5.7761696e-11)
(8.6000163e-05 2.747487e-06 -5.1933137e-11)
(8.5389861e-05 6.5522166e-06 -5.2933164e-11)
(8.3448756e-05 1.0416015e-05 -4.1151416e-11)
(7.8164977e-05 2.3764113e-06 -4.8665583e-11)
(7.7663613e-05 5.6916659e-06 -4.6689016e-11)
(7.6014853e-05 9.0236497e-06 -3.2840871e-11)
(7.1417213e-05 2.0399643e-06 -4.5372008e-11)
(7.1004733e-05 4.9147483e-06 -4.2407027e-11)
(6.9596568e-05 7.8082458e-06 -2.871595e-11)
(6.5629009e-05 1.7380799e-06 -4.2602975e-11)
(6.5289333e-05 4.1924264e-06 -3.8930717e-11)
(6.4080132e-05 6.7112868e-06 -2.6462902e-11)
(6.0686822e-05 1.477558e-06 -4.0983003e-11)
(6.0407053e-05 3.5655551e-06 -3.6678396e-11)
(5.9363033e-05 5.7002009e-06 -2.4996019e-11)
(5.6488355e-05 1.2515171e-06 -3.9970879e-11)
(5.6258202e-05 3.0270626e-06 -3.5265382e-11)
(5.5351835e-05 4.8270017e-06 -2.4266893e-11)
(5.2941448e-05 1.0504967e-06 -3.8965645e-11)
(5.275253e-05 2.549718e-06 -3.4079958e-11)
(5.1961217e-05 4.0622041e-06 -2.3864161e-11)
(4.9963535e-05 8.7144261e-07 -3.8017781e-11)
(4.9809174e-05 2.1252642e-06 -3.3030665e-11)
(4.9114011e-05 3.3846823e-06 -2.3516741e-11)
(4.7479771e-05 7.2286178e-07 -3.7722184e-11)
(4.7354562e-05 1.7730717e-06 -3.2603269e-11)
(4.6739709e-05 2.819215e-06 -2.3534558e-11)
(4.5421745e-05 5.9225737e-07 -3.6984211e-11)
(4.5321032e-05 1.4659299e-06 -3.1933123e-11)
(4.47733e-05 2.3314158e-06 -2.3450243e-11)
(4.3727961e-05 4.8025752e-07 -3.6159086e-11)
(4.3647783e-05 1.196256e-06 -3.1006872e-11)
(4.3156126e-05 1.9060812e-06 -2.3156703e-11)
(4.2343737e-05 3.8679677e-07 -3.5459443e-11)
(4.2280809e-05 9.7003476e-07 -3.0193433e-11)
(4.1835897e-05 1.5428172e-06 -2.2840289e-11)
(4.1220521e-05 3.0895669e-07 -3.4811904e-11)
(4.1172101e-05 7.8175902e-07 -2.9472496e-11)
(4.0766036e-05 1.2404458e-06 -2.2561407e-11)
(4.0315584e-05 2.4418863e-07 -3.4145283e-11)
(4.027935e-05 6.2454551e-07 -2.8751406e-11)
(3.9905473e-05 9.8962353e-07 -2.227807e-11)
(3.9591714e-05 1.9129407e-07 -3.3570798e-11)
(3.9565686e-05 4.9540709e-07 -2.817223e-11)
(3.9218393e-05 7.8348293e-07 -2.206337e-11)
(3.9016805e-05 1.482584e-07 -3.3045209e-11)
(3.8999301e-05 3.894577e-07 -2.7676258e-11)
(3.8673878e-05 6.1433503e-07 -2.1893114e-11)
(3.8563362e-05 1.1357817e-07 -3.2562181e-11)
(3.8552944e-05 3.0314811e-07 -2.7240484e-11)
(3.8245428e-05 4.7669174e-07 -2.1761608e-11)
(3.8208049e-05 8.6148846e-08 -3.2156553e-11)
(3.8203489e-05 2.3421699e-07 -2.6913917e-11)
(3.7910546e-05 3.6712331e-07 -2.1716008e-11)
(3.7931711e-05 6.4637104e-08 -3.1833781e-11)
(3.7931955e-05 1.793197e-07 -2.6700034e-11)
(3.765079e-05 2.7990953e-07 -2.1749493e-11)
(3.7719531e-05 4.8071118e-08 -3.1612e-11)
(3.7723685e-05 1.3614943e-07 -2.6610584e-11)
(3.7451963e-05 2.1149482e-07 -2.1863217e-11)
(3.7559732e-05 3.5342415e-08 -3.1509556e-11)
(3.7567041e-05 1.0302018e-07 -2.6657028e-11)
(3.7302808e-05 1.5997696e-07 -2.2047954e-11)
(3.7440791e-05 2.649182e-08 -3.15242e-11)
(3.7450602e-05 7.9677415e-08 -2.6793675e-11)
(3.7192213e-05 1.2480651e-07 -2.2216682e-11)
(3.7348516e-05 2.0943084e-08 -3.1595583e-11)
(3.7360238e-05 6.4032843e-08 -2.6832906e-11)
(3.7106296e-05 1.015754e-07 -2.2103616e-11)
(3.7264105e-05 1.813068e-08 -3.1582999e-11)
(3.7277157e-05 5.4527383e-08 -2.63508e-11)
(3.7026508e-05 8.6832973e-08 -2.1212584e-11)
(3.7217828e-05 1.7833261e-08 -3.1054428e-11)
(3.7231747e-05 4.8777777e-08 -2.4331593e-11)
(3.6983205e-05 7.4896551e-08 -1.8617338e-11)
(3.708844e-05 1.3714447e-08 -2.813885e-11)
(3.7102244e-05 3.5267943e-08 -1.8269062e-11)
(3.6855449e-05 5.3802615e-08 -1.2712298e-11)
(-0.045244982 1.9649121 -3.676183e-07)
(-0.032582829 1.7065884 -3.4355839e-06)
(-0.060789886 0.348722 -2.4203495e-07)
(-0.043000637 0.15717566 -1.0077069e-06)
(-0.014862997 -0.039047114 -2.0405905e-07)
(-0.011452753 -0.041542822 -6.191192e-07)
(-0.0046454662 -0.012594956 -9.8156212e-08)
(-0.0044321502 -0.013911172 -3.9266284e-07)
(-0.00057384776 -0.0019165453 -9.7864465e-08)
(-0.00096644576 -0.0028041979 -2.7746763e-07)
(0.00054031831 -0.00011525422 -1.0804525e-07)
(0.00024919683 -0.00035383493 -2.1386108e-07)
(0.00070951578 0.00025050159 -1.0676039e-07)
(0.00050336531 0.0002532695 -1.7077293e-07)
(0.00064709051 0.00037165564 -9.5629891e-08)
(0.0004882333 0.00041817421 -1.3615772e-07)
(0.00053733368 0.00030788057 -7.8932746e-08)
(0.00041677334 0.00033188943 -1.0580492e-07)
(0.00043818682 0.00018629285 -6.0917597e-08)
(0.00034538586 0.00019997801 -7.9379266e-08)
(0.00037319931 0.0001021373 -4.466028e-08)
(0.00030044843 0.00011125778 -5.757358e-08)
(0.00033224897 6.4114228e-05 -3.1523525e-08)
(0.0002754577 7.0748802e-05 -4.0503953e-08)
(0.00029937174 6.0378001e-05 -2.1637786e-08)
(0.00025539304 6.6886536e-05 -2.7730595e-08)
(0.00026886873 6.4479374e-05 -1.4488409e-08)
(0.00023441391 7.2461808e-05 -1.8482862e-08)
(0.0002399577 6.2845789e-05 -9.443864e-09)
(0.00021283709 7.1890047e-05 -1.1967755e-08)
(0.00021295534 5.6433744e-05 -5.9661433e-09)
(0.00019170165 6.5547456e-05 -7.5028849e-09)
(0.00018883768 4.7991771e-05 -3.634533e-09)
(0.00017202016 5.6471981e-05 -4.5392421e-09)
(0.00016793605 3.9625946e-05 -2.1290149e-09)
(0.00015438126 4.7289168e-05 -2.6448274e-09)
(0.00014984671 3.2983832e-05 -1.2000468e-09)
(0.00013884475 3.9629998e-05 -1.48414e-09)
(0.00013412809 2.8068895e-05 -6.5399569e-10)
(0.00012514387 3.3960332e-05 -8.0341174e-10)
(0.00012040389 2.4296156e-05 -3.4744228e-10)
(0.00011298704 2.9529461e-05 -4.2072286e-10)
(0.0001083809 2.1207083e-05 -1.8238888e-10)
(0.00010220343 2.5885665e-05 -2.1414002e-10)
(9.784192e-05 1.8568363e-05 -9.6813111e-11)
(9.2660737e-05 2.2756288e-05 -1.0692941e-10)
(8.8616887e-05 1.6241745e-05 -5.3816543e-11)
(8.4242876e-05 1.9959472e-05 -5.3238061e-11)
(8.0563197e-05 1.4106345e-05 -3.2418895e-11)
(7.6848484e-05 1.7401851e-05 -2.7049681e-11)
(7.3558486e-05 1.2200342e-05 -2.2068443e-11)
(7.0386352e-05 1.5087387e-05 -1.4723559e-11)
(6.7494196e-05 1.0530533e-05 -1.7400023e-11)
(6.4771408e-05 1.3019384e-05 -9.3513698e-12)
(6.2271237e-05 9.0685356e-06 -1.5573897e-11)
(5.9922458e-05 1.1192717e-05 -7.4649738e-12)
(5.779822e-05 7.7579163e-06 -1.4975458e-11)
(5.5761826e-05 9.599447e-06 -7.2628557e-12)
(5.3990767e-05 6.5720526e-06 -1.4886286e-11)
(5.2215928e-05 8.166468e-06 -7.6802982e-12)
(5.0770911e-05 5.5251565e-06 -1.5049468e-11)
(4.9215353e-05 6.8709269e-06 -8.2564671e-12)
(4.8066495e-05 4.5931078e-06 -1.5197453e-11)
(4.6694648e-05 5.7085818e-06 -8.7916792e-12)
(4.5811184e-05 3.8186006e-06 -1.5600078e-11)
(4.4593102e-05 4.7344274e-06 -9.4544319e-12)
(4.394425e-05 3.1536938e-06 -1.5930133e-11)
(4.2854847e-05 3.9073964e-06 -1.007188e-11)
(4.2410253e-05 2.5814348e-06 -1.6118473e-11)
(4.142837e-05 3.1914686e-06 -1.0567998e-11)
(4.1159272e-05 2.0899664e-06 -1.6240288e-11)
(4.0266968e-05 2.5824749e-06 -1.0996401e-11)
(4.0146879e-05 1.6783843e-06 -1.6347263e-11)
(3.9328968e-05 2.0732757e-06 -1.1383338e-11)
(3.9333856e-05 1.3380846e-06 -1.6430626e-11)
(3.8577513e-05 1.6523949e-06 -1.1724516e-11)
(3.8685963e-05 1.0573942e-06 -1.6515243e-11)
(3.7980379e-05 1.3031143e-06 -1.2024123e-11)
(3.8173615e-05 8.2745128e-07 -1.6613704e-11)
(3.7509697e-05 1.0175234e-06 -1.2315665e-11)
(3.7771438e-05 6.4131971e-07 -1.6740149e-11)
(3.7141548e-05 7.8782709e-07 -1.2624315e-11)
(3.7457885e-05 4.9304031e-07 -1.6919711e-11)
(3.6855619e-05 6.0352993e-07 -1.2955193e-11)
(3.7215323e-05 3.7483927e-07 -1.7140143e-11)
(3.6635318e-05 4.5744188e-07 -1.3301047e-11)
(3.703024e-05 2.8242411e-07 -1.7396401e-11)
(3.6468027e-05 3.4387186e-07 -1.3651238e-11)
(3.6891956e-05 2.1342953e-07 -1.7661479e-11)
(3.6343814e-05 2.5955802e-07 -1.396891e-11)
(3.678982e-05 1.6705663e-07 -1.7828916e-11)
(3.6252624e-05 2.0354153e-07 -1.414592e-11)
(3.6710337e-05 1.3697973e-07 -1.7628621e-11)
(3.6181469e-05 1.68019e-07 -1.3943194e-11)
(3.6635336e-05 1.178242e-07 -1.6614711e-11)
(3.6112678e-05 1.4565793e-07 -1.2995531e-11)
(3.6595098e-05 1.0108101e-07 -1.4091024e-11)
(3.6076408e-05 1.2527971e-07 -1.080006e-11)
(3.647001e-05 7.2800068e-08 -9.1247483e-12)
(3.5954831e-05 9.0921338e-08 -6.7932601e-12)
(-0.0033770882 2.3610293e-05 -9.9831456e-08)
(-0.0032812973 5.9119474e-06 -2.3620496e-07)
(-0.0030889857 2.2170903e-05 -3.3313174e-07)
(-0.00286741 -4.8729068e-06 -3.9332394e-07)
(-0.0026438755 -2.0015102e-05 -4.2465911e-07)
(-0.0024311397 -4.5145592e-05 -4.360527e-07)
(-0.0022349436 -6.7194848e-05 -4.3433225e-07)
(-0.0020539076 -9.6128875e-05 -4.2434626e-07)
(-0.0018839903 -0.00013300823 -4.0946437e-07)
(-0.0017219074 -0.00017733823 -3.9200204e-07)
(-0.0015658767 -0.00023018979 -3.7354973e-07)
(-0.001415532 -0.00028989991 -3.5504329e-07)
(-0.0012710794 -0.00035366858 -3.3690594e-07)
(-0.0011329183 -0.00041908186 -3.191845e-07)
(-0.0010013941 -0.0004831149 -3.017209e-07)
(-0.00087676657 -0.00054353706 -2.8424363e-07)
(-0.00075928222 -0.00060016473 -2.6638505e-07)
(-0.00064890496 -0.00065105497 -2.4763054e-07)
(-0.00054512454 -0.00069322361 -2.2741144e-07)
(-0.00044750328 -0.00072628366 -2.0506582e-07)
(-0.00035561596 -0.00074963296 -1.7986842e-07)
(-0.00026899938 -0.00076305761 -1.5076036e-07)
(-0.00018709568 -0.00076682877 -1.1681245e-07)
(-0.00010953381 -0.00076500225 -7.7485424e-08)
(-3.5683635e-05 -0.0007253902 -3.2245808e-08)
(0.00019763556 -9.3301691e-05 -1.1606408e-07)
(0.00021955139 -0.00043968977 -2.7077115e-07)
(0.00024196867 -0.0006306326 -3.7463307e-07)
(0.00025496003 -0.00093770923 -4.3319428e-07)
(0.00026276949 -0.001181633 -4.5916231e-07)
(0.00027220947 -0.0014444052 -4.649272e-07)
(0.00029091243 -0.0017016221 -4.5842805e-07)
(0.00031794069 -0.0019788423 -4.4476045e-07)
(0.00034339427 -0.0022767332 -4.2708092e-07)
(0.00036204502 -0.0025738106 -4.0744674e-07)
(0.00037166293 -0.0028681492 -3.8741386e-07)
(0.00037181668 -0.0031561315 -3.6779411e-07)
(0.00036361166 -0.0034315935 -3.4889912e-07)
(0.00034866465 -0.003690811 -3.3062597e-07)
(0.00032816519 -0.0039312397 -3.127318e-07)
(0.00030320106 -0.0041537743 -2.9491969e-07)
(0.00027490479 -0.0043683169 -2.7686741e-07)
(0.00024423433 -0.0045657601 -2.5794049e-07)
(0.00021169349 -0.0047221274 -2.3760975e-07)
(0.00017785354 -0.0048303172 -2.1515636e-07)
(0.00014339064 -0.0048877115 -1.9011037e-07)
(0.00010886386 -0.004896664 -1.6080802e-07)
(7.4892294e-05 -0.0048605926 -1.2602076e-07)
(4.2040574e-05 -0.0047649604 -8.4201296e-08)
(1.152795e-05 -0.0045495139 -3.6527738e-08)
(0.0010187861 -0.00028134082 -1.5490785e-07)
(0.0010652986 -0.0014345787 -3.4804789e-07)
(0.0011063828 -0.0019287132 -4.6198057e-07)
(0.0011391871 -0.0027832896 -5.1228261e-07)
(0.0011709787 -0.0034729063 -5.2542513e-07)
(0.0011959048 -0.0041953585 -5.1945645e-07)
(0.0012111587 -0.0049213366 -5.0343946e-07)
(0.0012095595 -0.0058229925 -4.8284295e-07)
(0.0011914055 -0.0068701794 -4.6001543e-07)
(0.0011572333 -0.007849599 -4.3621581e-07)
(0.0011085361 -0.0087109459 -4.1324071e-07)
(0.001047997 -0.0094452519 -3.9158012e-07)
(0.00097886912 -0.010048584 -3.7139007e-07)
(0.00090337542 -0.010529359 -3.5219783e-07)
(0.00082325499 -0.010894832 -3.3359976e-07)
(0.000740135 -0.011146332 -3.1524618e-07)
(0.00065570208 -0.011276383 -2.9717377e-07)
(0.00057107489 -0.011304643 -2.7815134e-07)
(0.00048693491 -0.011260059 -2.5802765e-07)
(0.00040416019 -0.011157255 -2.3611409e-07)
(0.00032384706 -0.011006284 -2.1156483e-07)
(0.0002457338 -0.010816151 -1.8301214e-07)
(0.00017016181 -0.010593537 -1.485519e-07)
(9.7601279e-05 -0.010309416 -1.0493866e-07)
(2.9976804e-05 -0.0099192411 -5.1776799e-08)
(0.003512016 -0.0010012264 -2.3794931e-07)
(0.0034871837 -0.00458704 -4.9103253e-07)
(0.0034400215 -0.0058217838 -6.0560901e-07)
(0.0032801704 -0.0089034033 -6.3214808e-07)
(0.0030947064 -0.01166397 -6.2179532e-07)
(0.0028770759 -0.014179262 -5.9732824e-07)
(0.0026464804 -0.016005847 -5.6715547e-07)
(0.00240397 -0.016997863 -5.3794267e-07)
(0.0021652178 -0.017315303 -5.0929876e-07)
(0.0019352945 -0.017214737 -4.7955669e-07)
(0.001717459 -0.016799269 -4.5267663e-07)
(0.0015143695 -0.016183959 -4.2816497e-07)
(0.0013261051 -0.015387169 -4.0644952e-07)
(0.0011434397 -0.014463738 -3.8610245e-07)
(0.00097844006 -0.01346773 -3.6656695e-07)
(0.0008312592 -0.012444953 -3.4759068e-07)
(0.0007005479 -0.011434521 -3.2885886e-07)
(0.00058466358 -0.010470311 -3.0995845e-07)
(0.0004821085 -0.0095756801 -2.9041556e-07)
(0.0003908318 -0.0087704246 -2.6962479e-07)
(0.00030838789 -0.0080691915 -2.4680629e-07)
(0.0002336576 -0.007477649 -2.2081536e-07)
(0.00016481938 -0.0069953991 -1.8991294e-07)
(0.00010004826 -0.0065808003 -1.5116217e-07)
(3.7041654e-05 -0.0062848429 -9.5355652e-08)
(0.01115226 -0.0086239357 -4.2633645e-07)
(0.0087843249 -0.025352697 -7.3318941e-07)
(0.0076553788 -0.027575521 -8.1328422e-07)
(0.005997339 -0.031720375 -7.9910955e-07)
(0.0046407021 -0.029148825 -7.583745e-07)
(0.0034619059 -0.025416376 -7.0977712e-07)
(0.0024697127 -0.020812538 -6.6201872e-07)
(0.0016764097 -0.015932888 -6.1763616e-07)
(0.0010552148 -0.011037038 -5.7840669e-07)
(0.00057381842 -0.0065108114 -5.4246282e-07)
(0.00020869525 -0.0024150216 -5.1014938e-07)
(-5.7645717e-05 0.0011119665 -4.8017835e-07)
(-0.00024542454 0.0043864317 -4.5633441e-07)
(-0.00036586209 0.0075160127 -4.3382131e-07)
(-0.00044076638 0.010403728 -4.1216633e-07)
(-0.00047694346 0.012911841 -3.9156207e-07)
(-0.00048242945 0.015007074 -3.7171118e-07)
(-0.00046384857 0.016706152 -3.522474e-07)
(-0.00042651608 0.018036529 -3.3275303e-07)
(-0.00037501165 0.01902662 -3.1275603e-07)
(-0.00031360716 0.019703136 -2.9166581e-07)
(-0.0002447931 0.020092865 -2.6864214e-07)
(-0.00017123656 0.020192873 -2.4230849e-07)
(-9.6230317e-05 0.020060648 -2.1669034e-07)
(-2.1782111e-05 0.019354609 -1.9117565e-07)
(0.013200257 0.024428796 -7.9160568e-07)
(0.0026966292 2.7548991e-05 -1.1177458e-06)
(0.00026949752 0.049405951 -1.1191749e-06)
(-0.0013605821 0.052194815 -1.0454388e-06)
(-0.0028439575 0.066225376 -9.6825195e-07)
(-0.0039675075 0.07633419 -8.8186201e-07)
(-0.0045959094 0.083378771 -8.0435637e-07)
(-0.0047812496 0.089261603 -7.3689512e-07)
(-0.0046901939 0.093582609 -6.7818749e-07)
(-0.0044630605 0.096266092 -6.2785939e-07)
(-0.0041671893 0.097789833 -5.8521963e-07)
(-0.003811541 0.098232097 -5.4068345e-07)
(-0.003452395 0.097941282 -5.1530677e-07)
(-0.0031042871 0.096628336 -4.8785338e-07)
(-0.0027541509 0.094455212 -4.6069506e-07)
(-0.002413492 0.092017617 -4.3639933e-07)
(-0.0020920028 0.089378828 -4.1388371e-07)
(-0.0017906205 0.086622922 -3.9255116e-07)
(-0.0015084945 0.083826496 -3.719343e-07)
(-0.0012436276 0.081047232 -3.515968e-07)
(-0.00099320316 0.078322074 -3.3107721e-07)
(-0.00075552352 0.075693352 -3.0981163e-07)
(-0.00052801026 0.073132924 -2.8721004e-07)
(-0.00030884799 0.070828542 -2.6406511e-07)
(-9.2457372e-05 0.067341264 -2.4148925e-07)
(-0.0025147068 1.1801395 -2.5070935e-06)
(-0.0012134471 0.96482107 -1.9953023e-06)
(-0.0013313934 0.86793534 -1.6189566e-06)
(-0.00093735095 0.77464238 -1.3301046e-06)
(-0.00075499369 0.67824891 -1.1150072e-06)
(-0.00062073097 0.58675126 -9.5793005e-07)
(-0.0005066125 0.50829817 -8.4159453e-07)
(-0.00041570016 0.44456096 -7.5471498e-07)
(-0.00034054262 0.39199284 -6.8419866e-07)
(-0.00027882142 0.34712513 -6.3021224e-07)
(-0.00022450682 0.30839659 -5.8838264e-07)
(-0.00018144598 0.27506358 -5.5144528e-07)
(-0.0001465539 0.24656005 -5.2037102e-07)
(-0.0001245301 0.22215797 -4.9298953e-07)
(-0.00010387753 0.20120101 -4.6809121e-07)
(-8.6214394e-05 0.1832076 -4.4509973e-07)
(-7.105227e-05 0.1677469 -4.2346678e-07)
(-5.8458071e-05 0.15445607 -4.0279116e-07)
(-4.776979e-05 0.14303267 -3.8275541e-07)
(-3.8466244e-05 0.13322732 -3.630579e-07)
(-3.0110891e-05 0.12482376 -3.4337089e-07)
(-2.2490588e-05 0.11767996 -3.2324656e-07)
(-1.54086e-05 0.1115539 -3.0243027e-07)
(-8.8040841e-06 0.1067289 -2.8071289e-07)
(-2.4575213e-06 0.10071078 -2.5743779e-07)
(-0.01286049 0.094534882 -1.2258694e-06)
(-0.0023003841 0.10149962 -1.2655014e-06)
(5.5401594e-05 0.10656955 -1.2196107e-06)
(0.0016557888 0.10770302 -1.1287093e-06)
(0.0030988864 0.1092871 -1.0258756e-06)
(0.0041817108 0.11060469 -9.2580816e-07)
(0.0047733308 0.11201711 -8.3626537e-07)
(0.004924316 0.11336674 -7.5904387e-07)
(0.0047896634 0.11403678 -6.7687552e-07)
(0.0045229076 0.11399655 -6.3333087e-07)
(0.0042224216 0.11323247 -5.9173735e-07)
(0.003882714 0.11151941 -5.4807171e-07)
(0.0035104282 0.10896731 -5.1139679e-07)
(0.0031382553 0.10591873 -4.7987078e-07)
(0.0027777952 0.10262181 -4.5211651e-07)
(0.002435187 0.099200601 -4.271799e-07)
(0.0021121212 0.095737208 -4.0435181e-07)
(0.0018071169 0.092299493 -3.8305887e-07)
(0.0015210792 0.088939026 -3.628034e-07)
(0.0012527604 0.085693239 -3.4311468e-07)
(0.0010000902 0.082583381 -3.2347752e-07)
(0.00076070308 0.079638919 -3.0321836e-07)
(0.00053192619 0.076822103 -2.8267937e-07)
(0.00031157653 0.074324903 -2.6072366e-07)
(9.3821764e-05 0.070623563 -2.3881819e-07)
(-0.0090144152 -0.039421122 -8.4294429e-07)
(-0.0075720617 -0.037226001 -9.0683973e-07)
(-0.0061633855 -0.035540741 -8.9330394e-07)
(-0.0048036226 -0.032196164 -8.4696441e-07)
(-0.003575716 -0.027423811 -7.8857054e-07)
(-0.002519125 -0.022021311 -7.271973e-07)
(-0.0016479008 -0.016447953 -6.7031831e-07)
(-0.00096088762 -0.010979655 -6.1835828e-07)
(-0.00043587917 -0.0060716082 -5.700612e-07)
(-3.8100812e-05 -0.0017212877 -5.3385813e-07)
(0.00025233028 0.0020293472 -5.0060681e-07)
(0.00045559069 0.0057071097 -4.6958124e-07)
(0.00058818057 0.0092214122 -4.416723e-07)
(0.00066636944 0.01236967 -4.1656118e-07)
(0.00070076159 0.015079131 -3.9369207e-07)
(0.00069910355 0.0173506 -3.7256764e-07)
(0.00067013627 0.019217972 -3.5279711e-07)
(0.000622957 0.020719838 -3.339332e-07)
(0.00056037667 0.021877663 -3.1552229e-07)
(0.00048562401 0.022711405 -2.970527e-07)
(0.00040171647 0.023242017 -2.7781117e-07)
(0.00031132813 0.02349008 -2.5650463e-07)
(0.00021740834 0.023465562 -2.359355e-07)
(0.00012307599 0.023212381 -2.1121653e-07)
(3.0024661e-05 0.022355164 -1.8712764e-07)
(-0.0044298819 -0.015315977 -5.6371714e-07)
(-0.0042053888 -0.017639681 -6.3794824e-07)
(-0.0039058494 -0.020253707 -6.518909e-07)
(-0.0035928426 -0.0221762 -6.3472713e-07)
(-0.0032731926 -0.023420744 -6.0495018e-07)
(-0.0029540725 -0.023879187 -5.7296859e-07)
(-0.0026474765 -0.023704885 -5.3373102e-07)
(-0.0023504401 -0.023101439 -4.9717445e-07)
(-0.002068769 -0.02222201 -4.640378e-07)
(-0.0018139806 -0.021130538 -4.3580449e-07)
(-0.0015834949 -0.019910866 -4.1021747e-07)
(-0.0013643677 -0.0185472 -3.8668487e-07)
(-0.0011653796 -0.017109725 -3.6515302e-07)
(-0.00098883955 -0.01565221 -3.4543892e-07)
(-0.00083415363 -0.014211998 -3.2704236e-07)
(-0.0007008027 -0.012826425 -3.0955863e-07)
(-0.00058558991 -0.011533344 -2.9292055e-07)
(-0.00048334321 -0.010362479 -2.7658663e-07)
(-0.00039398681 -0.0093212866 -2.6007572e-07)
(-0.00031617253 -0.0084107458 -2.428167e-07)
(-0.00024814877 -0.0076316706 -2.2402318e-07)
(-0.00018795241 -0.0069839962 -2.026086e-07)
(-0.00013357325 -0.0064645719 -1.7745908e-07)
(-8.2678886e-05 -0.006033233 -1.4351338e-07)
(-3.2365321e-05 -0.0057427414 -9.2323723e-08)
(-0.0012445738 -0.0037554801 -3.9982681e-07)
(-0.0013589421 -0.0046508756 -4.6719264e-07)
(-0.001410355 -0.0055128591 -4.9296429e-07)
(-0.0014515107 -0.0062887221 -4.9286e-07)
(-0.0014755082 -0.0070938431 -4.7849852e-07)
(-0.0014732855 -0.0081166036 -4.5693902e-07)
(-0.0014554782 -0.009283956 -4.3078119e-07)
(-0.0014161396 -0.010330665 -4.044655e-07)
(-0.0013572078 -0.011228147 -3.7981919e-07)
(-0.0012853214 -0.0119641 -3.5751263e-07)
(-0.0012041612 -0.012553496 -3.37086e-07)
(-0.0011151136 -0.01299749 -3.1822262e-07)
(-0.0010239768 -0.013301449 -3.0073739e-07)
(-0.00093192115 -0.013450749 -2.848192e-07)
(-0.0008400001 -0.013476536 -2.6956491e-07)
(-0.00074779384 -0.01341721 -2.5510074e-07)
(-0.00065699481 -0.01329497 -2.4074834e-07)
(-0.00057005184 -0.013124343 -2.2626214e-07)
(-0.00048552393 -0.012915674 -2.1119828e-07)
(-0.00040316655 -0.012676304 -1.9498827e-07)
(-0.00032298533 -0.012412099 -1.7677023e-07)
(-0.00024508411 -0.012128775 -1.5527311e-07)
(-0.00016972605 -0.011829937 -1.2861963e-07)
(-9.7436375e-05 -0.011477982 -9.287316e-08)
(-3.0199615e-05 -0.011033456 -4.7203089e-08)
(3.7301716e-05 -0.00069955502 -2.9593586e-07)
(-6.9056664e-05 -0.0010684726 -3.4865517e-07)
(-0.00013584338 -0.0014488163 -3.75251e-07)
(-0.00019274174 -0.0018329353 -3.8279053e-07)
(-0.00025225376 -0.002211253 -3.7790349e-07)
(-0.00030888377 -0.0026017396 -3.6549345e-07)
(-0.00035909013 -0.0030059223 -3.4872548e-07)
(-0.00040057613 -0.0034031471 -3.3038428e-07)
(-0.0004297097 -0.003789583 -3.1214344e-07)
(-0.00044620671 -0.0041552292 -2.9480221e-07)
(-0.00045215691 -0.0044960657 -2.7851496e-07)
(-0.00044988789 -0.0048148381 -2.6325356e-07)
(-0.00043683047 -0.0051227937 -2.4894955e-07)
(-0.00041660887 -0.0054383329 -2.3554178e-07)
(-0.00039046001 -0.005747888 -2.2272167e-07)
(-0.00035936347 -0.0060147035 -2.1028635e-07)
(-0.00032448522 -0.0062306621 -1.9786859e-07)
(-0.00028736993 -0.0063937984 -1.8513337e-07)
(-0.00024851715 -0.0065041381 -1.7164644e-07)
(-0.00020846494 -0.0065614334 -1.5702931e-07)
(-0.00016776866 -0.0065671296 -1.4047894e-07)
(-0.00012704858 -0.0065242997 -1.2081632e-07)
(-8.7041804e-05 -0.0064378648 -9.6839055e-08)
(-4.8524781e-05 -0.0062902676 -6.6523599e-08)
(-1.324669e-05 -0.0060093167 -3.0432031e-08)
(0.00035540473 0.00022416034 -2.2491148e-07)
(0.00027940095 0.00015889447 -2.6357259e-07)
(0.00023831732 7.639467e-05 -2.8644788e-07)
(0.00021165813 -1.2214665e-06 -2.9623624e-07)
(0.00018277943 -8.5248204e-05 -2.9639215e-07)
(0.00014847126 -0.0001933871 -2.9002741e-07)
(0.00011954346 -0.00032085843 -2.7959791e-07)
(8.9140215e-05 -0.00045115872 -2.6708716e-07)
(5.8313127e-05 -0.00058520894 -2.5385724e-07)
(2.89923e-05 -0.00072079979 -2.4070145e-07)
(1.0694444e-06 -0.00085709927 -2.2798252e-07)
(-2.405402e-05 -0.00098670754 -2.1583617e-07)
(-4.1158181e-05 -0.0011058845 -2.0428272e-07)
(-5.2042591e-05 -0.0012171884 -1.9326626e-07)
(-5.7752377e-05 -0.0013180148 -1.8262683e-07)
(-5.9352953e-05 -0.0014051975 -1.7216983e-07)
(-5.8020104e-05 -0.0014789822 -1.6163618e-07)
(-5.4489988e-05 -0.0015387363 -1.5073704e-07)
(-4.9332198e-05 -0.0015839633 -1.3913095e-07)
(-4.2933469e-05 -0.0016141161 -1.2643692e-07)
(-3.5641306e-05 -0.0016289636 -1.1219516e-07)
(-2.7777033e-05 -0.0016289313 -9.5735893e-08)
(-1.961245e-05 -0.0016165032 -7.6371862e-08)
(-1.1221866e-05 -0.0015908775 -5.3429435e-08)
(-2.8432781e-06 -0.0015118761 -2.6041423e-08)
(0.00035739335 0.00044228235 -1.7212186e-07)
(0.00026804249 0.00045913908 -1.9959801e-07)
(0.00022689709 0.00047437553 -2.176823e-07)
(0.00020823267 0.00048576035 -2.2709447e-07)
(0.00019879209 0.00049788061 -2.2948667e-07)
(0.0001844486 0.00051254646 -2.267132e-07)
(0.00016703897 0.00052135703 -2.2044939e-07)
(0.00015020869 0.00051681039 -2.1209653e-07)
(0.00013271596 0.00049888385 -2.0270133e-07)
(0.00011437642 0.00047081569 -1.9294952e-07)
(9.6259568e-05 0.00043847283 -1.8323671e-07)
(8.0676511e-05 0.00040558504 -1.7376488e-07)
(6.5734861e-05 0.0003742152 -1.6460757e-07)
(5.3402515e-05 0.00034494373 -1.5574859e-07)
(4.3152794e-05 0.00031851188 -1.4709469e-07)
(3.5005489e-05 0.00029503711 -1.3850078e-07)
(2.8199559e-05 0.00027482636 -1.2977622e-07)
(2.2413734e-05 0.00025733459 -1.2069848e-07)
(1.7517225e-05 0.00024184353 -1.1101712e-07)
(1.3349959e-05 0.00022821802 -1.0046578e-07)
(9.7648335e-06 0.00021635101 -8.877661e-08)
(6.6621835e-06 0.00020597646 -7.572176e-08)
(3.9936013e-06 0.00019638542 -6.1330452e-08)
(1.8612445e-06 0.00018616659 -4.6397275e-08)
(5.5401242e-07 0.00017884737 -3.3831681e-08)
(0.00030857596 0.0003516364 -1.3026683e-07)
(0.00022296092 0.00036696874 -1.4988245e-07)
(0.00016848992 0.00038167483 -1.6363979e-07)
(0.00014351675 0.00040566497 -1.7165846e-07)
(0.00013462735 0.00043441069 -1.7472411e-07)
(0.00012946078 0.00046370792 -1.7389757e-07)
(0.00012199427 0.00049179592 -1.7025989e-07)
(0.00011353273 0.00051315931 -1.6477162e-07)
(0.00010448132 0.00052815108 -1.5819942e-07)
(9.3955962e-05 0.00053703876 -1.510973e-07)
(8.3180723e-05 0.00053865748 -1.4382492e-07)
(7.2237055e-05 0.00053439959 -1.3658594e-07)
(6.1070067e-05 0.00052594443 -1.2947505e-07)
(5.0341835e-05 0.00051479772 -1.2250358e-07)
(4.1097907e-05 0.00050239309 -1.1561878e-07)
(3.3199142e-05 0.00048986289 -1.0872025e-07)
(2.6753295e-05 0.00047761788 -1.0167126e-07)
(2.124478e-05 0.00046575781 -9.4311095e-08)
(1.6577501e-05 0.00045413146 -8.6467628e-08)
(1.265889e-05 0.0004425326 -7.7979335e-08)
(9.3619239e-06 0.0004307883 -6.8728187e-08)
(6.5588325e-06 0.00041890037 -5.8716633e-08)
(4.1768055e-06 0.00040686675 -4.8257186e-08)
(2.1485597e-06 0.00039398855 -3.8342851e-08)
(5.5638598e-07 0.00037536596 -3.1314641e-08)
(0.00025986964 0.00019806236 -9.6300787e-08)
(0.00019017532 0.00019525059 -1.1027201e-07)
(0.00014085724 0.00019382443 -1.2054515e-07)
(0.00010974339 0.00019331507 -1.2703098e-07)
(9.2161324e-05 0.00019960102 -1.3007633e-07)
(8.5620112e-05 0.00021350114 -1.3026993e-07)
(8.2747774e-05 0.00023018431 -1.2828386e-07)
(7.9463544e-05 0.00024561659 -1.2476541e-07)
(7.5187507e-05 0.00025740763 -1.2026323e-07)
(6.9534856e-05 0.00026497303 -1.1519859e-07)
(6.3376253e-05 0.00026800511 -1.0986641e-07)
(5.6963849e-05 0.00026669376 -1.0445082e-07)
(4.9522901e-05 0.0002627945 -9.9047812e-08)
(4.1587807e-05 0.00025662432 -9.3684743e-08)
(3.4232538e-05 0.00024795955 -8.8335522e-08)
(2.7776078e-05 0.00023811531 -8.2934664e-08)
(2.2425729e-05 0.00022786796 -7.7388305e-08)
(1.7907528e-05 0.00021751439 -7.1586477e-08)
(1.4000381e-05 0.0002075565 -6.5417446e-08)
(1.0680821e-05 0.00019822609 -5.8788957e-08)
(7.908719e-06 0.00018961837 -5.1659496e-08)
(5.6029091e-06 0.00018172469 -4.4092666e-08)
(3.6900421e-06 0.00017431794 -3.6356397e-08)
(1.9910679e-06 0.00016876966 -2.9074283e-08)
(3.6315111e-07 0.00016036924 -2.3276082e-08)
(0.0002315471 0.00010078463 -6.9413621e-08)
(0.00017284554 8.3501034e-05 -7.9366854e-08)
(0.00012815366 6.8424463e-05 -8.6934598e-08)
(9.7364418e-05 5.4700737e-05 -9.1955432e-08)
(7.8118687e-05 4.4641428e-05 -9.4584488e-08)
(6.8176551e-05 4.0844666e-05 -9.5170987e-08)
(6.3513926e-05 4.2170997e-05 -9.413706e-08)
(6.1103817e-05 4.7373528e-05 -9.190732e-08)
(5.8408248e-05 5.2282098e-05 -8.88613e-08)
(5.5387841e-05 5.3702584e-05 -8.5306119e-08)
(5.2048124e-05 5.4586633e-05 -8.1468208e-08)
(4.8373971e-05 5.4849723e-05 -7.749849e-08)
(4.3881041e-05 5.3424576e-05 -7.3482214e-08)
(3.9179008e-05 5.0275561e-05 -6.9452033e-08)
(3.4149739e-05 4.565822e-05 -6.5398902e-08)
(2.9317124e-05 3.9597509e-05 -6.1282727e-08)
(2.4589493e-05 3.2533488e-05 -5.704224e-08)
(2.02641e-05 2.5439727e-05 -5.2605488e-08)
(1.6419959e-05 1.8663892e-05 -4.7902016e-08)
(1.2987361e-05 1.2436303e-05 -4.2877702e-08)
(9.9486412e-06 7.0751286e-06 -3.7512469e-08)
(7.2907757e-06 2.6722383e-06 -3.1835969e-08)
(4.9481082e-06 -1.9265568e-06 -2.5918851e-08)
(2.8267039e-06 -5.6974259e-07 -1.9736372e-08)
(8.6634913e-07 -5.2823639e-06 -1.2429666e-08)
(0.00021910014 6.5715487e-05 -4.8724356e-08)
(0.00016882341 4.9658793e-05 -5.5705597e-08)
(0.00012809559 3.1795279e-05 -6.1121285e-08)
(9.8034971e-05 1.6049739e-05 -6.485296e-08)
(7.7705991e-05 2.2740654e-06 -6.6964066e-08)
(6.5131361e-05 -9.0443009e-06 -6.7638713e-08)
(5.7923546e-05 -1.6239859e-05 -6.7135206e-08)
(5.4042863e-05 -1.9293805e-05 -6.573295e-08)
(5.1997511e-05 -1.8997351e-05 -6.3690884e-08)
(5.0698959e-05 -1.751157e-05 -6.1227114e-08)
(4.9100812e-05 -1.6733653e-05 -5.8509388e-08)
(4.6833117e-05 -1.6826989e-05 -5.565375e-08)
(4.3981613e-05 -1.7012527e-05 -5.2730911e-08)
(4.0624498e-05 -1.7352618e-05 -4.9772984e-08)
(3.6798856e-05 -1.8784421e-05 -4.678056e-08)
(3.2686048e-05 -2.1204473e-05 -4.3731271e-08)
(2.8405516e-05 -2.4303388e-05 -4.0587347e-08)
(2.4219012e-05 -2.7900357e-05 -3.7303547e-08)
(2.0288381e-05 -3.1524293e-05 -3.3836017e-08)
(1.6591307e-05 -3.4641962e-05 -3.0150295e-08)
(1.3114429e-05 -3.7132876e-05 -2.6227801e-08)
(9.8766989e-06 -3.8857851e-05 -2.2059924e-08)
(6.8605775e-06 -4.0627731e-05 -1.7610303e-08)
(4.0472081e-06 -3.7222756e-05 -1.2678272e-08)
(1.3920239e-06 -3.7940349e-05 -6.5472227e-09)
(0.00020963609 6.4743374e-05 -3.3303303e-08)
(0.00016717174 5.544123e-05 -3.8068634e-08)
(0.00013102537 4.2601259e-05 -4.1817153e-08)
(0.00010260341 2.9170709e-05 -4.4462781e-08)
(8.1834232e-05 1.7693856e-05 -4.6026359e-08)
(6.7532149e-05 7.6222253e-06 -4.6610639e-08)
(5.8189275e-05 -5.8512761e-07 -4.6373809e-08)
(5.2425388e-05 -5.751145e-06 -4.5490444e-08)
(4.9042708e-05 -7.7069683e-06 -4.413231e-08)
(4.7207444e-05 -7.3951127e-06 -4.2448797e-08)
(4.5998775e-05 -6.1882712e-06 -4.055872e-08)
(4.4908045e-05 -4.6690888e-06 -3.8548736e-08)
(4.3527497e-05 -3.1959166e-06 -3.6473129e-08)
(4.1128069e-05 -2.1904698e-06 -3.4359365e-08)
(3.799994e-05 -1.5007266e-06 -3.2213641e-08)
(3.424705e-05 -1.3297709e-06 -3.0025474e-08)
(3.0399948e-05 -1.908539e-06 -2.7773201e-08)
(2.6535601e-05 -3.0103965e-06 -2.5429936e-08)
(2.2661456e-05 -4.4477766e-06 -2.2968506e-08)
(1.8863116e-05 -5.873557e-06 -2.0366228e-08)
(1.5161587e-05 -7.1067263e-06 -1.7605075e-08)
(1.1570647e-05 -8.0961486e-06 -1.466372e-08)
(8.1127116e-06 -9.7920785e-06 -1.1492775e-08)
(4.7472858e-06 -6.6955539e-06 -7.9631211e-09)
(1.4916076e-06 -9.2236083e-06 -3.812069e-09)
(0.00019778843 7.4505219e-05 -2.2136942e-08)
(0.00016264842 6.9884014e-05 -2.5277027e-08)
(0.00013146906 6.269154e-05 -2.7771203e-08)
(0.00010559125 5.5090587e-05 -2.9558707e-08)
(8.5340786e-05 4.6790444e-05 -3.0642152e-08)
(7.0300507e-05 3.9281326e-05 -3.1078404e-08)
(5.9615792e-05 3.2816147e-05 -3.0958994e-08)
(5.2363661e-05 2.9088669e-05 -3.0393363e-08)
(4.7703333e-05 2.7628486e-05 -2.9492751e-08)
(4.4801383e-05 2.737773e-05 -2.8356736e-08)
(4.2929617e-05 2.8381628e-05 -2.7066107e-08)
(4.1491867e-05 3.0235658e-05 -2.5681742e-08)
(4.0319021e-05 3.1814384e-05 -2.4244344e-08)
(3.8793305e-05 3.3120352e-05 -2.2776566e-08)
(3.6519425e-05 3.449414e-05 -2.1286049e-08)
(3.3422774e-05 3.5788827e-05 -1.9769334e-08)
(2.999621e-05 3.6793323e-05 -1.8215126e-08)
(2.6389392e-05 3.7162727e-05 -1.6608169e-08)
(2.2738694e-05 3.6979954e-05 -1.4932381e-08)
(1.9099275e-05 3.6473285e-05 -1.3172881e-08)
(1.5480253e-05 3.5732025e-05 -1.1315407e-08)
(1.1899122e-05 3.4932203e-05 -9.3415387e-09)
(8.3851458e-06 3.2638008e-05 -7.2196369e-09)
(4.9729047e-06 3.5772407e-05 -4.8979708e-09)
(1.6825065e-06 3.0945393e-05 -2.3296567e-09)
(0.00018371609 7.7289137e-05 -1.4275973e-08)
(0.00015490352 7.8325468e-05 -1.6264763e-08)
(0.00012837049 7.4573623e-05 -1.7854128e-08)
(0.00010533819 7.0001919e-05 -1.9002046e-08)
(8.6383989e-05 6.4889096e-05 -1.9705795e-08)
(7.1486824e-05 5.9527977e-05 -1.9994745e-08)
(6.0222045e-05 5.5743589e-05 -1.9921465e-08)
(5.1989927e-05 5.2320141e-05 -1.9554314e-08)
(4.6177059e-05 5.042317e-05 -1.896222e-08)
(4.2116228e-05 5.0572357e-05 -1.8208426e-08)
(3.9261843e-05 5.1661562e-05 -1.7347098e-08)
(3.7047284e-05 5.3205487e-05 -1.64192e-08)
(3.5185485e-05 5.4938016e-05 -1.5453822e-08)
(3.3749869e-05 5.6547141e-05 -1.4467961e-08)
(3.2096686e-05 5.7925276e-05 -1.3469113e-08)
(3.0158388e-05 5.9268798e-05 -1.24572e-08)
(2.7566192e-05 6.0583932e-05 -1.1427112e-08)
(2.454686e-05 6.1558918e-05 -1.0370839e-08)
(2.1259249e-05 6.2097113e-05 -9.2793229e-09)
(1.7902694e-05 6.204365e-05 -8.143308e-09)
(1.4566443e-05 6.1489696e-05 -6.953223e-09)
(1.1252372e-05 6.0960743e-05 -5.6975538e-09)
(7.9760043e-06 5.8551895e-05 -4.3617328e-09)
(4.7724342e-06 6.1280394e-05 -2.9353707e-09)
(1.6007167e-06 5.6008645e-05 -1.4545431e-09)
(0.00016848759 7.1853242e-05 -8.9072491e-09)
(0.00014490845 7.4814865e-05 -1.0118653e-08)
(0.00012248609 7.4469285e-05 -1.1090269e-08)
(0.00010230264 7.1432049e-05 -1.1794115e-08)
(8.5020389e-05 6.7932697e-05 -1.2225443e-08)
(7.0807887e-05 6.4766199e-05 -1.2400372e-08)
(5.9518668e-05 6.1756093e-05 -1.2348614e-08)
(5.0815747e-05 5.9394e-05 -1.2109587e-08)
(4.4234544e-05 5.7843297e-05 -1.1725551e-08)
(3.9340812e-05 5.7050242e-05 -1.1236714e-08)
(3.569419e-05 5.7271628e-05 -1.0677445e-08)
(3.2849905e-05 5.8596933e-05 -1.0074632e-08)
(3.0508283e-05 6.0209061e-05 -9.4475735e-09)
(2.8468136e-05 6.1791089e-05 -8.8085849e-09)
(2.6747965e-05 6.3429476e-05 -8.1639057e-09)
(2.5150635e-05 6.4772324e-05 -7.5148989e-09)
(2.3269909e-05 6.58473e-05 -6.8596904e-09)
(2.1110154e-05 6.6756642e-05 -6.194395e-09)
(1.8649004e-05 6.7403317e-05 -5.5140887e-09)
(1.5913268e-05 6.7744288e-05 -4.8134408e-09)
(1.304585e-05 6.7537221e-05 -4.0866892e-09)
(1.0120702e-05 6.7314308e-05 -3.3276832e-09)
(7.1814021e-06 6.5040772e-05 -2.5309464e-09)
(4.2697555e-06 6.8144439e-05 -1.6984687e-09)
(1.3971211e-06 6.2345195e-05 -8.6070813e-10)
(0.00015334612 6.2161436e-05 -5.3645992e-09)
(0.00013399834 6.5555501e-05 -6.0763565e-09)
(0.00011511757 6.6789354e-05 -6.6476591e-09)
(9.7618587e-05 6.5783154e-05 -7.0612171e-09)
(8.2104821e-05 6.3203208e-05 -7.312861e-09)
(6.8870089e-05 6.0210456e-05 -7.4106005e-09)
(5.7931033e-05 5.7814074e-05 -7.3714054e-09)
(4.9130876e-05 5.6014827e-05 -7.2180052e-09)
(4.219028e-05 5.45813e-05 -6.9756293e-09)
(3.6798643e-05 5.3712081e-05 -6.6683347e-09)
(3.2604246e-05 5.3544377e-05 -6.3172357e-09)
(2.9314079e-05 5.3964959e-05 -5.9393054e-09)
(2.6658383e-05 5.4865645e-05 -5.5469918e-09)
(2.4415145e-05 5.6148461e-05 -5.1485308e-09)
(2.2440211e-05 5.7518785e-05 -4.748539e-09)
(2.0554698e-05 5.8775022e-05 -4.3487713e-09)
(1.8817218e-05 5.9913567e-05 -3.9488521e-09)
(1.7055265e-05 6.092371e-05 -3.5470043e-09)
(1.5207224e-05 6.1569022e-05 -3.1406813e-09)
(1.3149018e-05 6.187277e-05 -2.7269503e-09)
(1.0893271e-05 6.1775983e-05 -2.3026095e-09)
(8.5168607e-06 6.1672143e-05 -1.8645687e-09)
(6.0735368e-06 5.9570493e-05 -1.4108593e-09)
(3.6078043e-06 6.2887995e-05 -9.443085e-10)
(1.151353e-06 5.7105796e-05 -4.7981134e-10)
(0.00013918331 5.2634681e-05 -3.1148737e-09)
(0.00012321356 5.5992205e-05 -3.5198053e-09)
(0.0001073008 5.7493703e-05 -3.8443585e-09)
(9.2183602e-05 5.7301133e-05 -4.0784638e-09)
(7.8392514e-05 5.5986506e-05 -4.2192729e-09)
(6.6253453e-05 5.3874501e-05 -4.2707872e-09)
(5.5893848e-05 5.1453642e-05 -4.2423854e-09)
(4.7269178e-05 4.9562535e-05 -4.1469242e-09)
(4.0234542e-05 4.8248568e-05 -3.9987418e-09)
(3.4579763e-05 4.7235193e-05 -3.8120477e-09)
(3.0062599e-05 4.6690509e-05 -3.5994618e-09)
(2.6457533e-05 4.6591296e-05 -3.3712201e-09)
(2.3538128e-05 4.6907646e-05 -3.1350251e-09)
(2.112843e-05 4.7573057e-05 -2.8961332e-09)
(1.9071656e-05 4.8466711e-05 -2.6577121e-09)
(1.7213316e-05 4.9396275e-05 -2.4211485e-09)
(1.5507412e-05 5.0374605e-05 -2.186597e-09)
(1.3833798e-05 5.1293122e-05 -1.9533876e-09)
(1.2121588e-05 5.1933651e-05 -1.7202734e-09)
(1.039124e-05 5.2338886e-05 -1.4856408e-09)
(8.601738e-06 5.2355578e-05 -1.2478052e-09)
(6.7434262e-06 5.2413807e-05 -1.0052212e-09)
(4.8572112e-06 5.042681e-05 -7.5701744e-10)
(2.8833632e-06 5.3570383e-05 -5.0471604e-10)
(8.9746795e-07 4.8681263e-05 -2.541083e-10)
(0.00012635195 4.463198e-05 -1.7434707e-09)
(0.00011305398 4.8163956e-05 -1.966887e-09)
(9.9582975e-05 4.9752779e-05 -2.1454664e-09)
(8.6523352e-05 4.9838317e-05 -2.2737722e-09)
(7.4331446e-05 4.9219814e-05 -2.3500385e-09)
(6.3318712e-05 4.7822757e-05 -2.3760885e-09)
(5.3657559e-05 4.6001226e-05 -2.3569911e-09)
(4.5386431e-05 4.4239728e-05 -2.2998508e-09)
(3.8443784e-05 4.2778878e-05 -2.212679e-09)
(3.2705185e-05 4.1634408e-05 -2.1034702e-09)
(2.8011286e-05 4.0792484e-05 -1.9795022e-09)
(2.4191599e-05 4.0306808e-05 -1.8468e-09)
(2.1075299e-05 4.0183662e-05 -1.7099318e-09)
(1.8510946e-05 4.0359321e-05 -1.5721108e-09)
(1.6359619e-05 4.0771961e-05 -1.435327e-09)
(1.4498713e-05 4.1290372e-05 -1.3005935e-09)
(1.2837063e-05 4.1899645e-05 -1.1681845e-09)
(1.1285977e-05 4.2549201e-05 -1.0378509e-09)
(9.7871006e-06 4.3073244e-05 -9.0898281e-10)
(8.3093291e-06 4.344296e-05 -7.8077513e-10)
(6.8306561e-06 4.3501493e-05 -6.5233648e-10)
(5.3378813e-06 4.3770096e-05 -5.2288581e-10)
(3.8875521e-06 4.1763112e-05 -3.919181e-10)
(2.2779572e-06 4.4398209e-05 -2.601231e-10)
(6.982604e-07 4.0771212e-05 -1.2928282e-10)
(0.0001148073 3.8524341e-05 -9.4121794e-10)
(0.00010364741 4.1809201e-05 -1.0603438e-09)
(9.2189661e-05 4.3673444e-05 -1.1555145e-09)
(8.0896283e-05 4.4281252e-05 -1.2237376e-09)
(7.0151017e-05 4.4023351e-05 -1.2638393e-09)
(6.0238186e-05 4.3159333e-05 -1.2766864e-09)
(5.1335393e-05 4.1867017e-05 -1.264843e-09)
(4.3526569e-05 4.0388775e-05 -1.2321167e-09)
(3.6810434e-05 3.8949599e-05 -1.1828667e-09)
(3.1124841e-05 3.7680463e-05 -1.1214682e-09)
(2.6371355e-05 3.6695872e-05 -1.0519418e-09)
(2.2430956e-05 3.5988662e-05 -9.7769171e-10)
(1.9178178e-05 3.5543502e-05 -9.0134914e-10)
(1.6489994e-05 3.5354235e-05 -8.247858e-10)
(1.4250274e-05 3.534996e-05 -7.4919625e-10)
(1.2353903e-05 3.5487578e-05 -6.7523875e-10)
(1.0710639e-05 3.5744863e-05 -6.031566e-10)
(9.2426433e-06 3.6058102e-05 -5.3288039e-10)
(7.8890497e-06 3.6330968e-05 -4.6412802e-10)
(6.6084335e-06 3.6505315e-05 -3.964981e-10)
(5.3731507e-06 3.6427572e-05 -3.2953212e-10)
(4.1726217e-06 3.6629228e-05 -2.6282799e-10)
(3.0253151e-06 3.4889474e-05 -1.9606039e-10)
(1.7685003e-06 3.7811674e-05 -1.29603e-10)
(4.8392512e-07 3.3927317e-05 -6.3832871e-11)
(0.00010437855 3.3708729e-05 -4.9018556e-10)
(9.4978966e-05 3.6772164e-05 -5.5105904e-10)
(8.5204299e-05 3.8865251e-05 -5.9992656e-10)
(7.542977e-05 3.9904236e-05 -6.3499884e-10)
(6.597735e-05 3.9979326e-05 -6.5547326e-10)
(5.7099785e-05 3.9492895e-05 -6.6170598e-10)
(4.8969335e-05 3.8614782e-05 -6.5492958e-10)
(4.1688865e-05 3.7471436e-05 -6.3707057e-10)
(3.5294591e-05 3.6163852e-05 -6.1041847e-10)
(2.9769207e-05 3.4915326e-05 -5.773091e-10)
(2.5058365e-05 3.3847328e-05 -5.3987817e-10)
(2.1084743e-05 3.2977286e-05 -4.9995622e-10)
(1.7759328e-05 3.2306835e-05 -4.589989e-10)
(1.4988259e-05 3.182528e-05 -4.1806488e-10)
(1.2678296e-05 3.1529677e-05 -3.7784604e-10)
(1.0741342e-05 3.1364201e-05 -3.3873375e-10)
(9.097448e-06 3.1294732e-05 -3.0089803e-10)
(7.6760809e-06 3.1270885e-05 -2.6433754e-10)
(6.4185355e-06 3.1256605e-05 -2.2893265e-10)
(5.2784552e-06 3.1214716e-05 -1.9448836e-10)
(4.2164496e-06 3.0975482e-05 -1.6077539e-10)
(3.2128838e-06 3.1113186e-05 -1.2759653e-10)
(2.201268e-06 2.9480375e-05 -9.4726326e-11)
(1.288945e-06 3.2353102e-05 -6.2467907e-11)
(4.1003228e-07 2.8363022e-05 -3.0502676e-11)
(9.4982543e-05 2.9743567e-05 -2.4627051e-10)
(8.7033025e-05 3.2683171e-05 -2.7541752e-10)
(7.867221e-05 3.478277e-05 -2.9913235e-10)
(7.0205059e-05 3.6003143e-05 -3.1631158e-10)
(6.1899943e-05 3.6429273e-05 -3.2639453e-10)
(5.397586e-05 3.6267021e-05 -3.2938354e-10)
(4.6598743e-05 3.5662098e-05 -3.2581315e-10)
(3.9876504e-05 3.477389e-05 -3.1660035e-10)
(3.3865397e-05 3.3704493e-05 -3.0287426e-10)
(2.8579116e-05 3.2525464e-05 -2.8582441e-10)
(2.3995344e-05 3.1372332e-05 -2.6655917e-10)
(2.006712e-05 3.0455604e-05 -2.460273e-10)
(1.6733206e-05 2.966705e-05 -2.2498225e-10)
(1.3925638e-05 2.8948417e-05 -2.0399361e-10)
(1.1573069e-05 2.8400567e-05 -1.8345023e-10)
(9.6046479e-06 2.7965803e-05 -1.6357642e-10)
(7.9524645e-06 2.764514e-05 -1.4448305e-10)
(6.5543412e-06 2.7383563e-05 -1.26188e-10)
(5.3544911e-06 2.7113692e-05 -1.0864237e-10)
(4.3051581e-06 2.6869897e-05 -9.1759192e-11)
(3.3635679e-06 2.6459906e-05 -7.5429495e-11)
(2.4925255e-06 2.6450079e-05 -5.95662e-11)
(1.6218261e-06 2.4890081e-05 -4.4001964e-11)
(9.4956791e-07 2.7814291e-05 -2.9006579e-11)
(4.0306004e-07 2.3920088e-05 -1.4013826e-11)
(8.6568317e-05 2.6274394e-05 -1.1922149e-10)
(7.980811e-05 2.9051219e-05 -1.3147238e-10)
(7.2631155e-05 3.1062974e-05 -1.4184363e-10)
(6.5283898e-05 3.2389087e-05 -1.4959002e-10)
(5.7989404e-05 3.3059076e-05 -1.5426672e-10)
(5.0936627e-05 3.308579e-05 -1.5565502e-10)
(4.4276929e-05 3.2679552e-05 -1.5394012e-10)
(3.8115485e-05 3.2001027e-05 -1.4952261e-10)
(3.2520549e-05 3.1116973e-05 -1.4290563e-10)
(2.7524071e-05 3.0094518e-05 -1.3463903e-10)
(2.3126725e-05 2.9017616e-05 -1.2526381e-10)
(1.9304823e-05 2.7879703e-05 -1.1525224e-10)
(1.6019226e-05 2.6887586e-05 -1.0499092e-10)
(1.3221531e-05 2.6108376e-05 -9.4774313e-11)
(1.0859655e-05 2.5412386e-05 -8.4802493e-11)
(8.876805e-06 2.4811164e-05 -7.5192873e-11)
(7.2171974e-06 2.4261361e-05 -6.6011098e-11)
(5.827842e-06 2.3778093e-05 -5.7282957e-11)
(4.658659e-06 2.3359781e-05 -4.8993558e-11)
(3.6644246e-06 2.2962909e-05 -4.1106709e-11)
(2.8034966e-06 2.2416246e-05 -3.3577093e-11)
(2.0398579e-06 2.2292347e-05 -2.637493e-11)
(1.3377144e-06 2.0765267e-05 -1.9378418e-11)
(7.8322244e-07 2.3509627e-05 -1.2844787e-11)
(2.8785167e-07 2.0102518e-05 -6.1260782e-12)
(7.9072413e-05 2.3115756e-05 -5.5384136e-11)
(7.3295508e-05 2.5668816e-05 -5.8876979e-11)
(6.7112182e-05 2.7582853e-05 -6.2382858e-11)
(6.0721935e-05 2.8911559e-05 -6.5283896e-11)
(5.4311623e-05 2.9661975e-05 -6.715926e-11)
(4.8045061e-05 2.9850023e-05 -6.7756445e-11)
(4.2054466e-05 2.9603727e-05 -6.7052457e-11)
(3.6440481e-05 2.9057338e-05 -6.5161231e-11)
(3.1274475e-05 2.8297349e-05 -6.2279473e-11)
(2.6596421e-05 2.737276e-05 -5.8633749e-11)
(2.2422216e-05 2.6357852e-05 -5.445154e-11)
(1.8748069e-05 2.5304809e-05 -4.9955994e-11)
(1.5553272e-05 2.4236517e-05 -4.5331544e-11)
(1.2804454e-05 2.3216935e-05 -4.0717515e-11)
(1.0463193e-05 2.2347001e-05 -3.6217112e-11)
(8.4845403e-06 2.1617862e-05 -3.1893649e-11)
(6.8236796e-06 2.0935269e-05 -2.7784879e-11)
(5.4359295e-06 2.031158e-05 -2.3909927e-11)
(4.2785235e-06 1.9777267e-05 -2.0269046e-11)
(3.310553e-06 1.9274911e-05 -1.6851695e-11)
(2.4942792e-06 1.869144e-05 -1.3644939e-11)
(1.7976463e-06 1.8530826e-05 -1.0646031e-11)
(1.1906716e-06 1.6923321e-05 -7.7624621e-12)
(6.9095906e-07 1.9237459e-05 -5.2510996e-12)
(2.3962415e-07 1.6511462e-05 -2.4610971e-12)
(7.2436941e-05 2.022362e-05 -2.445063e-11)
(6.7478539e-05 2.2526736e-05 -2.3666615e-11)
(6.2133591e-05 2.4298071e-05 -2.3752599e-11)
(5.6564332e-05 2.5547947e-05 -2.4194806e-11)
(5.0926349e-05 2.6317551e-05 -2.4638484e-11)
(4.5359411e-05 2.6613842e-05 -2.4820946e-11)
(3.9980816e-05 2.6482113e-05 -2.4612278e-11)
(3.4885734e-05 2.6047012e-05 -2.3984212e-11)
(3.0141779e-05 2.5364436e-05 -2.2964775e-11)
(2.5793371e-05 2.4499813e-05 -2.1635384e-11)
(2.1865662e-05 2.3535581e-05 -2.0078527e-11)
(1.8367365e-05 2.2511264e-05 -1.8367643e-11)
(1.5291329e-05 2.1454682e-05 -1.6577594e-11)
(1.2617586e-05 2.0437595e-05 -1.4775849e-11)
(1.0315996e-05 1.9472296e-05 -1.3012947e-11)
(8.3552065e-06 1.8531628e-05 -1.131896e-11)
(6.6993911e-06 1.7689042e-05 -9.7162011e-12)
(5.310831e-06 1.6972818e-05 -8.220603e-12)
(4.152594e-06 1.6364886e-05 -6.8385709e-12)
(3.1889283e-06 1.5786524e-05 -5.5704451e-12)
(2.3859721e-06 1.5150875e-05 -4.4189042e-12)
(1.7145252e-06 1.4897684e-05 -3.3955306e-12)
(1.1470489e-06 1.3368331e-05 -2.427082e-12)
(6.6384714e-07 1.5929195e-05 -1.7700043e-12)
(2.2531427e-07 1.3011197e-05 -7.7593926e-13)
(6.6603792e-05 1.7584219e-05 -1.0121458e-11)
(6.2330399e-05 1.9641805e-05 -7.4317629e-12)
(5.7695494e-05 2.1246507e-05 -5.8997216e-12)
(5.2831706e-05 2.2384707e-05 -5.1128868e-12)
(4.7867909e-05 2.309867e-05 -4.8056674e-12)
(4.2922551e-05 2.3437927e-05 -4.7401765e-12)
(3.8099373e-05 2.3376851e-05 -4.7317233e-12)
(3.3484174e-05 2.3010832e-05 -4.683239e-12)
(2.9141869e-05 2.241196e-05 -4.5447898e-12)
(2.5120047e-05 2.1615802e-05 -4.3152426e-12)
(2.1448432e-05 2.0704636e-05 -4.0087265e-12)
(1.8140902e-05 1.9715675e-05 -3.6361731e-12)
(1.519893e-05 1.8688898e-05 -3.2149529e-12)
(1.2613138e-05 1.7652808e-05 -2.7678059e-12)
(1.0364049e-05 1.6636149e-05 -2.3172399e-12)
(8.4297385e-06 1.5671847e-05 -1.8791915e-12)
(6.7821034e-06 1.4790665e-05 -1.4668971e-12)
(5.389977e-06 1.3986804e-05 -1.0934348e-12)
(4.2213939e-06 1.3223146e-05 -7.6743643e-13)
(3.245004e-06 1.2536767e-05 -4.9526828e-13)
(2.4302748e-06 1.1895849e-05 -2.8654017e-13)
(1.7489735e-06 1.1627386e-05 -1.5931092e-13)
(1.1723107e-06 1.022255e-05 -5.1193504e-14)
(6.7754701e-07 1.2940333e-05 -2.1678998e-13)
(2.2755632e-07 9.9806114e-06 -1.9449125e-14)
(6.1512894e-05 1.5202104e-05 -3.9979063e-12)
(5.7814971e-05 1.7021586e-05 -5.4339272e-13)
(5.3782507e-05 1.845222e-05 1.7002446e-12)
(4.9524224e-05 1.9473617e-05 3.0690973e-12)
(4.514732e-05 2.0110437e-05 3.7784523e-12)
(4.0752493e-05 2.041595e-05 4.0221596e-12)
(3.6429726e-05 2.0391083e-05 3.9903918e-12)
(3.2255077e-05 2.0081948e-05 3.8146882e-12)
(2.8290423e-05 1.9547183e-05 3.5773632e-12)
(2.4582513e-05 1.8824346e-05 3.3276102e-12)
(2.1162904e-05 1.7966719e-05 3.08713e-12)
(1.8049309e-05 1.701795e-05 2.8679872e-12)
(1.5248585e-05 1.6022611e-05 2.6748744e-12)
(1.2758663e-05 1.5006846e-05 2.5083253e-12)
(1.0571074e-05 1.3994813e-05 2.3646678e-12)
(8.6682099e-06 1.3025079e-05 2.2353265e-12)
(7.0287681e-06 1.2117483e-05 2.1109378e-12)
(5.6283153e-06 1.1266626e-05 1.9823901e-12)
(4.4402028e-06 1.0475433e-05 1.84028e-12)
(3.4368263e-06 9.761492e-06 1.6751915e-12)
(2.5907646e-06 9.0827861e-06 1.4754201e-12)
(1.8748428e-06 8.8031638e-06 1.2183277e-12)
(1.2614614e-06 7.4698645e-06 9.6223118e-13)
(7.3175207e-07 1.0098733e-05 4.587169e-13)
(2.4609441e-07 7.2962418e-06 3.1369025e-13)
(5.7102356e-05 1.3078278e-05 -1.8893984e-12)
(5.3889144e-05 1.4661898e-05 1.8588386e-12)
(5.0368331e-05 1.5916871e-05 4.3926141e-12)
(4.6629411e-05 1.6824439e-05 6.0131858e-12)
(4.2761773e-05 1.7393219e-05 6.925969e-12)
(3.8850808e-05 1.764947e-05 7.3098504e-12)
(3.4974345e-05 1.761626e-05 7.3282359e-12)
(3.120009e-05 1.7341432e-05 7.1085136e-12)
(2.7584612e-05 1.685968e-05 6.7515983e-12)
(2.4171834e-05 1.6198609e-05 6.3297064e-12)
(2.0993657e-05 1.5399775e-05 5.8852011e-12)
(1.8070872e-05 1.4506274e-05 5.440993e-12)
(1.5414308e-05 1.3555759e-05 5.0096096e-12)
(1.3026562e-05 1.2577956e-05 4.6001403e-12)
(1.0903965e-05 1.159932e-05 4.2165427e-12)
(9.0347574e-06 1.0650082e-05 3.8561529e-12)
(7.403292e-06 9.7496438e-06 3.5130099e-12)
(5.9906995e-06 8.9041004e-06 3.1799441e-12)
(4.7753049e-06 8.1293081e-06 2.8480566e-12)
(3.7334434e-06 7.4317569e-06 2.5074993e-12)
(2.8404081e-06 6.7531721e-06 2.1462235e-12)
(2.0712578e-06 6.4992548e-06 1.7381042e-12)
(1.4016217e-06 5.2182131e-06 1.3434639e-12)
(8.1706095e-07 7.7090845e-06 7.1779481e-13)
(2.7590828e-07 5.1888008e-06 4.3465207e-13)
(5.3309632e-05 1.1199269e-05 -1.7025711e-12)
(5.0505383e-05 1.2557473e-05 2.1389325e-12)
(4.7419233e-05 1.3643816e-05 4.7820547e-12)
(4.4125166e-05 1.4438079e-05 6.5165045e-12)
(4.0697937e-05 1.4929178e-05 7.5552185e-12)
(3.7209902e-05 1.5146831e-05 8.0479353e-12)
(3.3728225e-05 1.5105076e-05 8.1397278e-12)
(3.0312624e-05 1.4843086e-05 7.9669995e-12)
(2.7013905e-05 1.4396514e-05 7.6223781e-12)
(2.3873094e-05 1.3788741e-05 7.1757048e-12)
(2.0921429e-05 1.3051363e-05 6.6867879e-12)
(1.8180869e-05 1.2214756e-05 6.1887153e-12)
(1.5664758e-05 1.1320654e-05 5.6961481e-12)
(1.3378801e-05 1.039824e-05 5.2193962e-12)
(1.1321762e-05 9.4731916e-06 4.7647741e-12)
(9.4873189e-06 8.5664944e-06 4.3335383e-12)
(7.8643834e-06 7.699542e-06 3.922264e-12)
(6.4382919e-06 6.8896229e-06 3.5248683e-12)
(5.1913759e-06 6.1526133e-06 3.1331328e-12)
(4.1036192e-06 5.5000671e-06 2.737662e-12)
(3.1535431e-06 4.8395922e-06 2.32832e-12)
(2.3189308e-06 4.6326451e-06 1.875512e-12)
(1.5783299e-06 3.3897285e-06 1.4430303e-12)
(9.2222808e-07 5.6426421e-06 7.9379723e-13)
(3.1093597e-07 3.5158965e-06 4.6626683e-13)
(5.0072942e-05 9.5423854e-06 -2.3404606e-12)
(4.761398e-05 1.068931e-05 1.4836854e-12)
(4.4896932e-05 1.1609491e-05 4.1614078e-12)
(4.1983247e-05 1.2295616e-05 5.9479621e-12)
(3.8935528e-05 1.2717787e-05 7.0647292e-12)
(3.5815185e-05 1.2885062e-05 7.6573403e-12)
(3.2679963e-05 1.2838012e-05 7.843258e-12)
(2.9582244e-05 1.2596649e-05 7.7464208e-12)
(2.6567304e-05 1.2180973e-05 7.4632639e-12)
(2.3672902e-05 1.1613963e-05 7.066563e-12)
(2.0928838e-05 1.0927579e-05 6.6107102e-12)
(1.8357087e-05 1.0153697e-05 6.1321006e-12)
(1.5972224e-05 9.3232411e-06 5.6533522e-12)
(1.3782026e-05 8.4667663e-06 5.1858569e-12)
(1.1788165e-05 7.6042205e-06 4.7357825e-12)
(9.9874949e-06 6.7539652e-06 4.3054716e-12)
(8.3724861e-06 5.9397042e-06 3.8932566e-12)
(6.931954e-06 5.1804673e-06 3.4942305e-12)
(5.6517246e-06 4.4907623e-06 3.1010841e-12)
(4.5153013e-06 3.8955116e-06 2.705161e-12)
(3.5045974e-06 3.2732848e-06 2.2981744e-12)
(2.6003518e-06 3.1252371e-06 1.8489412e-12)
(1.7833548e-06 1.9084328e-06 1.4215711e-12)
(1.0440215e-06 3.7969874e-06 7.906438e-13)
(3.4877313e-07 2.1905704e-06 4.5725401e-13)
(4.7332278e-05 8.0486534e-06 -3.1925698e-12)
(4.5164767e-05 9.0248263e-06 5.1521272e-13)
(4.2760821e-05 9.79586e-06 3.1733076e-12)
(4.0171663e-05 1.0364132e-05 4.9904709e-12)
(3.7449809e-05 1.0730705e-05 6.1484988e-12)
(3.4647301e-05 1.087313e-05 6.8110284e-12)
(3.1813916e-05 1.0805523e-05 7.0946568e-12)
(2.8995257e-05 1.0571931e-05 7.0906856e-12)
(2.6231625e-05 1.0185435e-05 6.8913596e-12)
(2.35573e-05 9.664271e-06 6.5693003e-12)
(2.100015e-05 9.036264e-06 6.1766414e-12)
(1.8581501e-05 8.329625e-06 5.7503044e-12)
(1.6316366e-05 7.5678306e-06 5.316249e-12)
(1.4213869e-05 6.7718449e-06 4.8881764e-12)
(1.2277833e-05 5.970485e-06 4.4719167e-12)
(1.0507545e-05 5.1887089e-06 4.0704894e-12)
(8.8982859e-06 4.4389157e-06 3.6839253e-12)
(7.4419189e-06 3.7376177e-06 3.3082903e-12)
(6.1275853e-06 3.104481e-06 2.9370025e-12)
(4.9422258e-06 2.5575906e-06 2.5623449e-12)
(3.8709182e-06 1.9762888e-06 2.1772452e-12)
(2.8972544e-06 1.8416555e-06 1.7514328e-12)
(2.0032958e-06 7.3527364e-07 1.3456417e-12)
(1.1752175e-06 2.5170728e-06 7.4909776e-13)
(3.8676845e-07 1.0309806e-06 4.3186122e-13)
(4.5029986e-05 6.7021867e-06 -4.0159769e-12)
(4.310834e-05 7.531684e-06 -4.6640645e-13)
(4.0969543e-05 8.1816718e-06 2.1289644e-12)
(3.8656405e-05 8.650437e-06 3.9451235e-12)
(3.6213213e-05 8.9473493e-06 5.1383258e-12)
(3.3684026e-05 9.0669272e-06 5.8544667e-12)
(3.11118e-05 8.9995582e-06 6.2107471e-12)
(2.8536089e-05 8.7709941e-06 6.2928165e-12)
(2.599267e-05 8.4114069e-06 6.1804594e-12)
(2.3512422e-05 7.9338917e-06 5.939614e-12)
(2.1121052e-05 7.3597907e-06 5.6199415e-12)
(1.8838856e-05 6.7170237e-06 5.2580514e-12)
(1.6680784e-05 6.0241185e-06 4.8798502e-12)
(1.4656737e-05 5.3011879e-06 4.5007724e-12)
(1.2771993e-05 4.5728739e-06 4.1279789e-12)
(1.1027761e-05 3.8623475e-06 3.7647296e-12)
(9.4216312e-06 3.1812114e-06 3.4119762e-12)
(7.9481333e-06 2.5424077e-06 3.0673045e-12)
(6.5993271e-06 1.961459e-06 2.7254172e-12)
(5.3652394e-06 1.4610362e-06 2.378853e-12)
(4.2340677e-06 9.297173e-07 2.021315e-12)
(3.1920331e-06 8.0433949e-07 1.6255865e-12)
(2.2220481e-06 -1.8276415e-07 1.2478235e-12)
(1.3037381e-06 1.6675632e-06 6.8972496e-13)
(4.203018e-07 1.1151423e-07 3.9660668e-13)
(4.3111791e-05 5.540327e-06 -4.8247404e-12)
(4.1397128e-05 6.2158988e-06 -1.3788402e-12)
(3.9482255e-05 6.7573265e-06 1.1454509e-12)
(3.740307e-05 7.1456621e-06 2.9415899e-12)
(3.519705e-05 7.3733056e-06 4.1660411e-12)
(3.2901843e-05 7.4524567e-06 4.9338801e-12)
(3.0554057e-05 7.3929448e-06 5.3431903e-12)
(2.818824e-05 7.1864509e-06 5.4906935e-12)
(2.5835952e-05 6.8621158e-06 5.4530714e-12)
(2.3524927e-05 6.4258818e-06 5.2864378e-12)
(2.1278666e-05 5.8979036e-06 5.0376993e-12)
(1.9116241e-05 5.3194495e-06 4.7411987e-12)
(1.7052221e-05 4.694544e-06 4.421149e-12)
(1.5096885e-05 4.0449668e-06 4.0928611e-12)
(1.3256504e-05 3.3907022e-06 3.7654822e-12)
(1.1533761e-05 2.7490497e-06 3.4436091e-12)
(9.9281148e-06 2.1351116e-06 3.1279053e-12)
(8.4362826e-06 1.5626437e-06 2.8163744e-12)
(7.0527145e-06 1.0442759e-06 2.5051183e-12)
(5.7700283e-06 5.9887582e-07 2.1879618e-12)
(4.5793536e-06 1.464835e-07 1.8585561e-12)
(3.4701521e-06 3.6597574e-08 1.4949354e-12)
(2.4289245e-06 -8.7981953e-07 1.1453981e-12)
(1.4251008e-06 9.5093978e-07 6.2402494e-13)
(4.4731567e-07 -5.4438613e-07 3.6116468e-13)
(4.1527186e-05 4.5663655e-06 -5.61766e-12)
(3.9986245e-05 5.1132507e-06 -2.2693404e-12)
(3.8259875e-05 5.5410783e-06 2.2198941e-13)
(3.637831e-05 5.841592e-06 2.0209868e-12)
(3.4373282e-05 6.0119767e-06 3.2668761e-12)
(3.2277068e-05 6.0582861e-06 4.0731256e-12)
(3.0120917e-05 5.9869792e-06 4.5362371e-12)
(2.7935044e-05 5.8020945e-06 4.7413849e-12)
(2.5747215e-05 5.5120815e-06 4.7630953e-12)
(2.3582253e-05 5.1219796e-06 4.6599944e-12)
(2.1461529e-05 4.6531396e-06 4.4737341e-12)
(1.9402806e-05 4.1328953e-06 4.235562e-12)
(1.7420122e-05 3.5761216e-06 3.9685667e-12)
(1.5523863e-05 2.997908e-06 3.6888686e-12)
(1.3720958e-05 2.4140024e-06 3.4065734e-12)
(1.201518e-05 1.8402829e-06 3.1260439e-12)
(1.0407453e-05 1.2935131e-06 2.8477004e-12)
(8.89621e-06 7.8696658e-07 2.5701316e-12)
(7.4777806e-06 3.3300139e-07 2.2900464e-12)
(6.1467461e-06 -5.8799488e-08 2.0027144e-12)
(4.8963382e-06 -4.3367191e-07 1.701793e-12)
(3.7188047e-06 -4.9672487e-07 1.3697805e-12)
(2.6057638e-06 -1.3852291e-06 1.0484574e-12)
(1.5352335e-06 2.8146616e-07 5.6403462e-13)
(4.9016559e-07 -9.972546e-07 3.2846178e-13)
(4.0229214e-05 3.7252751e-06 -6.3070277e-12)
(3.8833796e-05 4.1675654e-06 -3.0642248e-12)
(3.7265659e-05 4.5049379e-06 -6.1612776e-13)
(3.5550397e-05 4.736796e-06 1.1739555e-12)
(3.3714955e-05 4.865221e-06 2.4299727e-12)
(3.1786871e-05 4.8828968e-06 3.269799e-12)
(2.9793319e-05 4.7945978e-06 3.7845078e-12)
(2.7760545e-05 4.6159782e-06 4.0470802e-12)
(2.5713023e-05 4.3530619e-06 4.1257503e-12)
(2.3672916e-05 4.0130184e-06 4.07721e-12)
(2.1659631e-05 3.6016609e-06 3.9445455e-12)
(1.968962e-05 3.1386348e-06 3.7578444e-12)
(1.7776302e-05 2.6469585e-06 3.5387974e-12)
(1.5929988e-05 2.1373638e-06 3.3037502e-12)
(1.4158026e-05 1.623266e-06 3.0627364e-12)
(1.2464995e-05 1.1190472e-06 2.8202132e-12)
(1.0852975e-05 6.3917819e-07 2.5771648e-12)
(9.3217985e-06 1.9606539e-07 2.3326858e-12)
(7.869315e-06 -1.9934838e-07 2.0838471e-12)
(6.4916289e-06 -5.3968985e-07 1.8262083e-12)
(5.1833733e-06 -8.5838891e-07 1.5538713e-12)
(3.9383301e-06 -8.8778935e-07 1.2517815e-12)
(2.7511948e-06 -1.7279771e-06 9.5923701e-13)
(1.6310826e-06 -2.0597813e-07 5.1272357e-13)
(5.5434388e-07 -1.2815287e-06 2.9768776e-13)
(3.9174989e-05 3.0114879e-06 -6.9252681e-12)
(3.7901153e-05 3.3670411e-06 -3.7924457e-12)
(3.6465409e-05 3.633058e-06 -1.3949515e-12)
(3.4889507e-05 3.8091468e-06 3.848048e-13)
(3.3196464e-05 3.898326e-06 1.6548887e-12)
(3.1409884e-05 3.8949197e-06 2.5247023e-12)
(2.9553445e-05 3.8032438e-06 3.0808673e-12)
(2.7650009e-05 3.6283232e-06 3.3976034e-12)
(2.5721197e-05 3.3797785e-06 3.5343134e-12)
(2.378683e-05 3.0724725e-06 3.5392225e-12)
(2.1864558e-05 2.7155377e-06 3.4546343e-12)
(1.9969616e-05 2.3147254e-06 3.3138517e-12)
(1.8114716e-05 1.881716e-06 3.1396496e-12)
(1.6309983e-05 1.4344098e-06 2.9460087e-12)
(1.4563036e-05 9.8748163e-07 2.7421276e-12)
(1.2879099e-05 5.5244058e-07 2.533405e-12)
(1.1261215e-05 1.3898997e-07 2.3221612e-12)
(9.7104483e-06 -2.4296492e-07 2.1079543e-12)
(8.226095e-06 -5.8505032e-07 1.8883163e-12)
(6.8059176e-06 -8.7717381e-07 1.6589094e-12)
(5.4464123e-06 -1.1588925e-06 1.4145813e-12)
(4.1435262e-06 -1.1741186e-06 1.1406503e-12)
(2.8942705e-06 -1.9468156e-06 8.7654559e-13)
(1.7183393e-06 -4.9193117e-07 4.6806598e-13)
(5.9392686e-07 -1.4737603e-06 2.7123748e-13)
(3.8326076e-05 2.414732e-06 -7.4882872e-12)
(3.715342e-05 2.6940402e-06 -4.4574961e-12)
(3.5828e-05 2.9039596e-06 -2.1185676e-12)
(3.4368399e-05 3.0376926e-06 -3.5469515e-13)
(3.2794382e-05 3.0918013e-06 9.3401924e-13)
(3.1126352e-05 3.0694272e-06 1.8351801e-12)
(2.938487e-05 2.9778409e-06 2.4277801e-12)
(2.7590007e-05 2.8143328e-06 2.7891994e-12)
(2.5760916e-05 2.5864505e-06 2.9755124e-12)
(2.3915387e-05 2.3100915e-06 3.0301673e-12)
(2.2069513e-05 1.9923947e-06 2.9942465e-12)
(2.0237439e-05 1.6417628e-06 2.8986497e-12)
(1.8431185e-05 1.2680657e-06 2.7655733e-12)
(1.666065e-05 8.8098338e-07 2.6102238e-12)
(1.4933613e-05 4.9302041e-07 2.4416824e-12)
(1.3255845e-05 1.1649302e-07 2.2653456e-12)
(1.1631239e-05 -2.4013736e-07 2.0839976e-12)
(1.0061998e-05 -5.6781493e-07 1.897686e-12)
(8.548883e-06 -8.6051674e-07 1.7047145e-12)
(7.0915308e-06 -1.1075472e-06 1.5014099e-12)
(5.6889229e-06 -1.3612522e-06 1.2838058e-12)
(4.3401063e-06 -1.3301313e-06 1.0371044e-12)
(3.0448022e-06 -2.0489945e-06 7.9946023e-13)
(1.8050998e-06 -7.3683107e-07 4.2750367e-13)
(6.0645536e-07 -1.5165185e-06 2.4800667e-13)
(3.7648405e-05 1.920271e-06 -7.9924294e-12)
(3.6559614e-05 2.1358902e-06 -5.0589238e-12)
(3.5325734e-05 2.2959199e-06 -2.7739526e-12)
(3.3962764e-05 2.393621e-06 -1.0297156e-12)
(3.2487766e-05 2.4260763e-06 2.6433272e-13)
(3.091847e-05 2.3936915e-06 1.1881835e-12)
(2.927283e-05 2.3007692e-06 1.817041e-12)
(2.7568558e-05 2.1495598e-06 2.2190979e-12)
(2.5822707e-05 1.9466495e-06 2.4476733e-12)
(2.4051312e-05 1.7017177e-06 2.5473473e-12)
(2.2269094e-05 1.4210816e-06 2.5565021e-12)
(2.048921e-05 1.1137676e-06 2.5037837e-12)
(1.8723096e-05 7.8898558e-07 2.410398e-12)
(1.6980422e-05 4.5660358e-07 2.2910799e-12)
(1.5269087e-05 1.240825e-07 2.1556619e-12)
(1.359531e-05 -2.0152017e-07 2.0102339e-12)
(1.1963727e-05 -5.0995635e-07 1.8574198e-12)
(1.0377582e-05 -7.9212696e-07 1.6976749e-12)
(8.8389669e-06 -1.0426948e-06 1.5299419e-12)
(7.3491518e-06 -1.2527414e-06 1.3512544e-12)
(5.909063e-06 -1.475079e-06 1.1587613e-12)
(4.5196187e-06 -1.4726932e-06 9.3886979e-13)
(3.1811848e-06 -2.0695463e-06 7.25533e-13)
(1.8858744e-06 -7.7530773e-07 3.8767591e-13)
(6.2473369e-07 -1.644423e-06 2.2692215e-13)
(3.7112136e-05 1.5120993e-06 -8.4406655e-12)
(3.6092563e-05 1.6779e-06 -5.6012506e-12)
(3.4934296e-05 1.7966639e-06 -3.3691522e-12)
(3.3651207e-05 1.864118e-06 -1.6462779e-12)
(3.2258148e-05 1.8786625e-06 -3.5145589e-13)
(3.0770624e-05 1.843176e-06 5.8761922e-13)
(2.9204436e-05 1.756194e-06 1.2443741e-12)
(2.7575307e-05 1.6186127e-06 1.6818189e-12)
(2.5898513e-05 1.4388385e-06 1.9493864e-12)
(2.4188595e-05 1.2232553e-06 2.0902419e-12)
(2.2459076e-05 9.782079e-07 2.1401426e-12)
(2.0722247e-05 7.1152679e-07 2.1265515e-12)
(1.8989029e-05 4.3038339e-07 2.0700363e-12)
(1.726889e-05 1.4315572e-07 1.9849393e-12)
(1.5569838e-05 -1.4298105e-07 1.88092e-12)
(1.3898462e-05 -4.1989348e-07 1.7639392e-12)
(1.2260038e-05 -6.8227401e-07 1.6376364e-12)
(1.0658687e-05 -9.2398971e-07 1.5031965e-12)
(9.0975644e-06 -1.1383748e-06 1.3596322e-12)
(7.579092e-06 -1.3147427e-06 1.2043651e-12)
(6.1051721e-06 -1.5133404e-06 1.0357267e-12)
(4.6771214e-06 -1.5065421e-06 8.4049641e-13)
(3.2946099e-06 -1.9989581e-06 6.5037057e-13)
(1.9534612e-06 -7.5779858e-07 3.4529639e-13)
(6.4618815e-07 -1.5941296e-06 2.0306054e-13)
(3.6691428e-05 1.178375e-06 -8.8613911e-12)
(3.5728718e-05 1.3037502e-06 -6.1021622e-12)
(3.4632596e-05 1.3903787e-06 -3.916623e-12)
(3.3415197e-05 1.4354792e-06 -2.2151527e-12)
(3.2089561e-05 1.4370885e-06 -9.2116005e-13)
(3.0669369e-05 1.3976011e-06 3.2888336e-14)
(2.9168653e-05 1.3161591e-06 7.1393788e-13)
(2.7601472e-05 1.1958736e-06 1.1804802e-12)
(2.5981621e-05 1.0405561e-06 1.4816267e-12)
(2.4322372e-05 8.5263012e-07 1.6589317e-12)
(2.263622e-05 6.405427e-07 1.745174e-12)
(2.0934713e-05 4.1086928e-07 1.7668055e-12)
(1.9228306e-05 1.6937202e-07 1.743625e-12)
(1.7526285e-05 -7.6661081e-08 1.6895213e-12)
(1.5836737e-05 -3.207892e-07 1.6142727e-12)
(1.4166566e-05 -5.558921e-07 1.5240843e-12)
(1.252158e-05 -7.7893036e-07 1.4230364e-12)
(1.0906585e-05 -9.8332097e-07 1.3124975e-12)
(9.3255202e-06 -1.1626479e-06 1.1918388e-12)
(7.781566e-06 -1.3139668e-06 1.0594564e-12)
(6.2771549e-06 -1.4785272e-06 9.1347178e-13)
(4.8138169e-06 -1.4465684e-06 7.4180305e-13)
(3.391695e-06 -1.8821321e-06 5.7568178e-13)
(2.0105322e-06 -7.4000942e-07 3.0388592e-13)
(6.6329397e-07 -1.4991697e-06 1.7942324e-13)
(3.6364099e-05 9.0903535e-07 -9.2825055e-12)
(3.5447849e-05 1.0015006e-06 -6.5882751e-12)
(3.4402517e-05 1.062574e-06 -4.4358625e-12)
(3.3238822e-05 1.0898956e-06 -2.747592e-12)
(3.1968326e-05 1.0827232e-06 -1.4524012e-12)
(3.0603223e-05 1.0418951e-06 -4.8449034e-13)
(2.9156088e-05 9.6714614e-07 2.1854998e-13)
(2.7639617e-05 8.6050493e-07 7.1241652e-13)
(2.6066382e-05 7.2567986e-07 1.0437506e-12)
(2.4448587e-05 5.6618349e-07 1.2520288e-12)
(2.2797868e-05 3.8655644e-07 1.3696549e-12)
(2.1125133e-05 1.9084439e-07 1.4223337e-12)
(1.9440426e-05 -1.4179149e-08 1.428812e-12)
(1.7752857e-05 -2.2230162e-07 1.4027624e-12)
(1.6070555e-05 -4.2858298e-07 1.3540762e-12)
(1.4400676e-05 -6.2762152e-07 1.2892227e-12)
(1.2749438e-05 -8.1535047e-07 1.2121364e-12)
(1.112217e-05 -9.8641798e-07 1.1244399e-12)
(9.5233758e-06 -1.1363013e-06 1.0261568e-12)
(7.9567696e-06 -1.2638665e-06 9.162045e-13)
(6.4252455e-06 -1.395317e-06 7.9255071e-13)
(4.9308331e-06 -1.3527817e-06 6.4513275e-13)
(3.4748683e-06 -1.744841e-06 5.0316238e-13)
(2.0591336e-06 -7.1467343e-07 2.6483125e-13)
(6.7765003e-07 -1.3840165e-06 1.5774848e-13)
(3.6111309e-05 6.9365092e-07 -9.7086965e-12)
(3.5232777e-05 7.6128313e-07 -7.0696093e-12)
(3.4228684e-05 8.0279523e-07 -4.9439782e-12)
(3.31086e-05 8.1674346e-07 -3.2636487e-12)
(3.1882882e-05 8.029415e-07 -1.9624496e-12)
(3.0562511e-05 7.6223652e-07 -9.7873606e-13)
(2.9158875e-05 6.9466158e-07 -2.5418815e-13)
(2.7683554e-05 6.0105007e-07 2.648177e-13)
(2.614811e-05 4.8536706e-07 6.2327859e-13)
(2.4563878e-05 3.5017195e-07 8.5996466e-13)
(2.2941789e-05 1.9859821e-07 1.0064348e-12)
(2.1292215e-05 3.5151461e-08 1.087206e-12)
(1.9624854e-05 -1.3608006e-07 1.1210018e-12)
(1.7948651e-05 -3.1096496e-07 1.1214771e-12)
(1.6271754e-05 -4.8422299e-07 1.0981285e-12)
(1.46015e-05 -6.5107299e-07 1.0574039e-12)
(1.2944409e-05 -8.0761974e-07 1.0033015e-12)
(1.13062e-05 -9.496302e-07 9.3774635e-13)
(9.6918145e-06 -1.07366e-06 8.6127729e-13)
(8.1054095e-06 -1.1790368e-06 7.7328316e-13)
(6.5503722e-06 -1.2823087e-06 6.7190533e-13)
(5.0294143e-06 -1.2430411e-06 5.4930099e-13)
(3.5449106e-06 -1.5909494e-06 4.3082565e-13)
(2.1000919e-06 -6.7193032e-07 2.2549279e-13)
(6.8992695e-07 -1.2470412e-06 1.3582121e-13)
(3.5917715e-05 5.2364082e-07 -1.0132905e-11)
(3.5069582e-05 5.7216355e-07 -7.5408129e-12)
(3.4098733e-05 6.0035459e-07 -5.4421632e-12)
(3.3013803e-05 6.0634209e-07 -3.7715565e-12)
(3.1824178e-05 5.8940656e-07 -2.4652994e-12)
(3.0539842e-05 5.4960754e-07 -1.4653486e-12)
(2.9171219e-05 4.885061e-07 -7.1919357e-13)
(2.7728978e-05 4.0790997e-07 -1.7656622e-13)
(2.6223857e-05 3.1000298e-07 2.075491e-13)
(2.4666483e-05 1.9646851e-07 4.7147957e-13)
(2.3067215e-05 7.0063637e-08 6.457448e-13)
(2.1436001e-05 -6.5805651e-08 7.5404314e-13)
(1.9782264e-05 -2.0859252e-07 8.146274e-13)
(1.8114819e-05 -3.5455208e-07 8.4082507e-13)
(1.6441818e-05 -4.9848186e-07 8.4202735e-13)
(1.4770716e-05 -6.3642571e-07 8.2473885e-13)
(1.3108253e-05 -7.6553023e-07 7.9316245e-13)
(1.1460451e-05 -8.823075e-07 7.4946273e-13)
(9.8326161e-06 -9.8381849e-07 6.9449781e-13)
(8.2293423e-06 -1.06941e-06 6.2814416e-13)
(6.6545496e-06 -1.150137e-06 5.4902355e-13)
(5.111603e-06 -1.1175696e-06 4.5115679e-13)
(3.6035732e-06 -1.4262156e-06 3.5609552e-13)
(2.134453e-06 -6.2615179e-07 1.8413986e-13)
(7.0001734e-07 -1.1276864e-06 1.1300505e-13)
(3.577177e-05 3.9238633e-07 -1.0543362e-11)
(3.4947943e-05 4.2702931e-07 -7.9903024e-12)
(3.400368e-05 4.4556303e-07 -5.9161609e-12)
(3.2946876e-05 4.4666412e-07 -4.2571638e-12)
(3.1786125e-05 4.3005934e-07 -2.9522613e-12)
(3.0530615e-05 3.9473334e-07 -1.9441893e-12)
(2.9189981e-05 3.4178557e-07 -1.1818773e-12)
(2.7774155e-05 2.7335574e-07 -6.1787592e-13)
(2.6293206e-05 1.9108639e-07 -2.0924626e-13)
(2.4757184e-05 9.6713152e-08 8.0992501e-14)
(2.317598e-05 -7.4745281e-09 2.8244204e-13)
(2.1559197e-05 -1.1885605e-07 4.1780479e-13)
(1.9916035e-05 -2.3607891e-07 5.0465485e-13)
(1.8255204e-05 -3.5640054e-07 5.5615548e-13)
(1.6584847e-05 -4.7430384e-07 5.8164821e-13)
(1.49125e-05 -5.8615502e-07 5.8748808e-13)
(1.3245067e-05 -6.8982603e-07 5.7795289e-13)
(1.1588819e-05 -7.8331315e-07 5.5570175e-13)
(9.9494007e-06 -8.6489168e-07 5.2202329e-13)
(8.331843e-06 -9.3292028e-07 4.7719418e-13)
(6.7406042e-06 -9.9561919e-07 4.2042683e-13)
(5.1796354e-06 -9.6572617e-07 3.4700305e-13)
(3.6524794e-06 -1.2386278e-06 2.7583974e-13)
(2.1632742e-06 -5.6120285e-07 1.3820592e-13)
(7.0860788e-07 -9.6286819e-07 8.7121207e-14)
(3.5664442e-05 2.9574393e-07 -1.090172e-11)
(3.4859848e-05 3.2150722e-07 -8.382237e-12)
(3.3936631e-05 3.3397576e-07 -6.3338573e-12)
(3.2902101e-05 3.3205725e-07 -4.6916092e-12)
(3.1764235e-05 3.1710858e-07 -3.3964092e-12)
(3.0531587e-05 2.8761897e-07 -2.3905606e-12)
(2.9213169e-05 2.4369852e-07 -1.6221102e-12)
(2.781832e-05 1.8709115e-07 -1.0447494e-12)
(2.635657e-05 1.191957e-07 -6.1731915e-13)
(2.4837498e-05 4.1743645e-08 -3.0479882e-13)
(2.3270604e-05 -4.3403356e-08 -7.9115015e-14)
(2.1665185e-05 -1.3386429e-07 8.1271988e-14)
(2.0030232e-05 -2.2559419e-07 1.9293155e-13)
(1.8374338e-05 -3.1618744e-07 2.6842443e-13)
(1.6705622e-05 -4.0604482e-07 3.1700899e-13)
(1.5031679e-05 -4.9320201e-07 3.4510275e-13)
(1.3359557e-05 -5.7418543e-07 3.5703121e-13)
(1.1695749e-05 -6.4671693e-07 3.5571633e-13)
(1.0046209e-05 -7.084561e-07 3.4285015e-13)
(8.4163779e-06 -7.6026859e-07 3.1920268e-13)
(6.8112249e-06 -8.106178e-07 2.8462919e-13)
(5.2352794e-06 -7.8193201e-07 2.3529563e-13)
(3.6926112e-06 -1.0236401e-06 1.884371e-13)
(2.1874696e-06 -4.7547418e-07 8.6026661e-14)
(7.1697012e-07 -7.82423e-07 5.7274149e-14)
(3.5586391e-05 2.3235773e-07 -1.1105393e-11)
(3.4796767e-05 2.5232076e-07 -8.6221655e-12)
(3.3889936e-05 2.6206787e-07 -6.6143039e-12)
(3.2872756e-05 2.6049164e-07 -5.0088656e-12)
(3.175273e-05 2.4901306e-07 -3.7427743e-12)
(3.0537929e-05 2.2704379e-07 -2.7571468e-12)
(2.9236881e-05 1.9403543e-07 -1.9990375e-12)
(2.7858461e-05 1.5132106e-07 -1.4224242e-12)
(2.6411773e-05 9.9609864e-08 -9.8738611e-13)
(2.4906014e-05 4.0143185e-08 -6.6105718e-13)
(2.3350355e-05 -2.5432205e-08 -4.1774921e-13)
(2.1753826e-05 -9.4643044e-08 -2.3793832e-13)
(2.0125219e-05 -1.6493718e-07 -1.0613772e-13)
(1.8473002e-05 -2.3471494e-07 -1.0317758e-14)
(1.6805256e-05 -3.033905e-07 5.8402796e-14)
(1.512963e-05 -3.6967396e-07 1.0637502e-13)
(1.3453298e-05 -4.3138053e-07 1.3795758e-13)
(1.1782952e-05 -4.8677642e-07 1.5613765e-13)
(1.0124809e-05 -5.3411609e-07 1.6283632e-13)
(8.484644e-06 -5.7358704e-07 1.5921483e-13)
(6.8678624e-06 -6.1293459e-07 1.4574527e-13)
(5.2795474e-06 -5.8466962e-07 1.1957265e-13)
(3.7244508e-06 -7.920772e-07 9.6354752e-14)
(2.2074892e-06 -3.6354053e-07 2.8892809e-14)
(7.2570193e-07 -5.9022298e-07 2.3844356e-14)
(3.5525237e-05 1.9330076e-07 -1.0955034e-11)
(3.4747011e-05 2.1083598e-07 -8.5495498e-12)
(3.3852663e-05 2.2110784e-07 -6.6278496e-12)
(3.2848708e-05 2.2404109e-07 -5.1034579e-12)
(3.1742291e-05 2.1705107e-07 -3.9032627e-12)
(3.0541114e-05 2.0248752e-07 -2.9683532e-12)
(2.9253346e-05 1.8200034e-07 -2.2467059e-12)
(2.7887513e-05 1.5391242e-07 -1.6918489e-12)
(2.6452386e-05 1.1822822e-07 -1.2661712e-12)
(2.4956864e-05 7.6340203e-08 -9.4083237e-13)
(2.3409859e-05 3.0000861e-08 -6.9312383e-13)
(2.1820192e-05 -1.9210004e-08 -5.0488019e-13)
(2.0196498e-05 -6.9909906e-08 -3.6176272e-13)
(1.8547156e-05 -1.209804e-07 -2.5270212e-13)
(1.6880223e-05 -1.7132862e-07 -1.6957216e-13)
(1.5203385e-05 -2.1984533e-07 -1.0650857e-13)
(1.3523922e-05 -2.6524803e-07 -5.9380342e-14)
(1.1848682e-05 -3.0634072e-07 -2.5290734e-14)
(1.0184088e-05 -3.4203054e-07 -2.2358859e-15)
(8.5361639e-06 -3.722248e-07 1.1182904e-14)
(6.9106142e-06 -4.0382526e-07 1.5903882e-14)
(5.3129295e-06 -3.8153605e-07 1.0333408e-14)
(3.748443e-06 -5.4640422e-07 7.9905967e-15)
(2.22288e-06 -2.1744911e-07 -2.7058755e-14)
(7.3303133e-07 -3.9278581e-07 -9.7585753e-15)
(3.5463915e-05 1.6939275e-07 -1.0161673e-11)
(3.4694214e-05 1.8695368e-07 -7.9370538e-12)
(3.3809223e-05 1.9955617e-07 -6.1923148e-12)
(3.2815209e-05 2.0764808e-07 -4.8244101e-12)
(3.1719047e-05 2.0760581e-07 -3.7529164e-12)
(3.0528173e-05 2.0212964e-07 -2.918628e-12)
(2.9250488e-05 1.9294801e-07 -2.2718614e-12)
(2.7894266e-05 1.775661e-07 -1.7699852e-12)
(2.6468033e-05 1.5656108e-07 -1.3810365e-12)
(2.4980468e-05 1.3137036e-07 -1.0805362e-12)
(2.3440297e-05 1.0283766e-07 -8.4817061e-13)
(2.1856202e-05 7.1722831e-08 -6.6769211e-13)
(2.0236724e-05 3.8904636e-08 -5.2669976e-13)
(1.8590192e-05 5.2792842e-09 -4.1581609e-13)
(1.6924656e-05 -2.8259724e-08 -3.2813155e-13)
(1.5247834e-05 -6.0911749e-08 -2.5857114e-13)
(1.3567083e-05 -9.1875078e-08 -2.0348637e-13)
(1.1889369e-05 -1.2036523e-07 -1.6025438e-13)
(1.0221267e-05 -1.4577697e-07 -1.2697771e-13)
(8.5689705e-06 -1.6825893e-07 -1.0221195e-13)
(6.9383477e-06 -1.9312067e-07 -8.4771359e-14)
(5.3350387e-06 -1.8058778e-07 -7.5070494e-14)
(3.7645262e-06 -2.9829967e-07 -6.2391831e-14)
(2.23262e-06 -5.7636005e-08 -7.1182305e-14)
(7.3637502e-07 -1.9973315e-07 -3.7833135e-14)
(3.5432412e-05 1.4680284e-07 -8.3581667e-12)
(3.4668146e-05 1.6474219e-07 -6.5078138e-12)
(3.3789106e-05 1.791903e-07 -5.0907559e-12)
(3.2801397e-05 1.9037536e-07 -3.9955468e-12)
(3.171172e-05 1.985695e-07 -3.1444799e-12)
(3.0527328e-05 2.0258043e-07 -2.482165e-12)
(2.9255945e-05 2.0139635e-07 -1.9662357e-12)
(2.7905671e-05 1.9637443e-07 -1.5643323e-12)
(2.6484873e-05 1.8829881e-07 -1.2517338e-12)
(2.5002095e-05 1.7757384e-07 -1.0083012e-12)
(2.3465954e-05 1.6437043e-07 -8.176151e-13)
(2.1885051e-05 1.4909143e-07 -6.6704589e-13)
(2.0267879e-05 1.3227861e-07 -5.4712567e-13)
(1.8622747e-05 1.1447383e-07 -4.5078228e-13)
(1.6957711e-05 9.6281943e-08 -3.7292396e-13)
(1.5280525e-05 7.8129249e-08 -3.0960161e-13)
(1.3598605e-05 6.050593e-08 -2.5791519e-13)
(1.1919014e-05 4.381062e-08 -2.1574976e-13)
(1.0248446e-05 2.8368757e-08 -1.8153395e-13)
(8.5932147e-06 1.4180887e-08 -1.5401709e-13)
(6.9592641e-06 -2.8485446e-09 -1.3204344e-13)
(5.3521643e-06 2.7809841e-09 -1.1539371e-13)
(3.7771215e-06 -6.90112e-08 -9.6623208e-14)
(2.2394062e-06 7.6352413e-08 -8.9264729e-14)
(7.3680491e-07 -1.5590303e-08 -5.2182987e-14)
(3.5315115e-05 1.078424e-07 -5.1785974e-12)
(3.4555815e-05 1.2315742e-07 -4.0012789e-12)
(3.3682332e-05 1.368013e-07 -3.1270101e-12)
(3.2700668e-05 1.4884075e-07 -2.4625668e-12)
(3.1617425e-05 1.5952721e-07 -1.9463724e-12)
(3.0439737e-05 1.6828328e-07 -1.5473624e-12)
(2.9175204e-05 1.7376562e-07 -1.2382396e-12)
(2.7831803e-05 1.7778969e-07 -9.9797738e-13)
(2.6417802e-05 1.806038e-07 -8.1079454e-13)
(2.4941661e-05 1.8198639e-07 -6.6401776e-13)
(2.3411925e-05 1.8191304e-07 -5.4789148e-13)
(2.1837134e-05 1.8053495e-07 -4.5513214e-13)
(2.0225734e-05 1.7799592e-07 -3.8025725e-13)
(1.8585997e-05 1.7442774e-07 -3.1920465e-13)
(1.6925964e-05 1.702704e-07 -2.6931195e-13)
(1.525339e-05 1.6558691e-07 -2.2822e-13)
(1.3575712e-05 1.6054087e-07 -1.9414113e-13)
(1.1900037e-05 1.5527562e-07 -1.6578601e-13)
(1.0233121e-05 1.4991749e-07 -1.4219323e-13)
(8.5813586e-06 1.4440046e-07 -1.2258253e-13)
(6.9507337e-06 1.3760644e-07 -1.0625475e-13)
(5.3466968e-06 1.3959403e-07 -9.275554e-14)
(3.7738421e-06 1.1094339e-07 -7.8563283e-14)
(2.2367614e-06 1.6433805e-07 -6.8632621e-14)
(7.3407567e-07 1.2728716e-07 -4.3727996e-14)
)
;

boundaryField
{
    Walls
    {
        type            noSlip;
    }
    Inlet
    {
        type            pressureInletVelocity;
        value           nonuniform List<vector> 3((1.5965991 -0 -0) (1.4749514 -0 -0) (1.6269024 -0 -0));
    }
    Outlet
    {
        type            pressureInletOutletVelocity;
        value           nonuniform List<vector> 
86
(
(3.708844e-05 1.3714447e-08 -2.813885e-11)
(3.7102244e-05 3.5267943e-08 -1.8269062e-11)
(3.6855449e-05 5.3802615e-08 -1.2712298e-11)
(3.647001e-05 7.2800068e-08 -9.1247483e-12)
(3.5954831e-05 9.0921338e-08 -6.7932601e-12)
(3.5315115e-05 1.078424e-07 -5.1785974e-12)
(3.4555815e-05 1.2315742e-07 -4.0012789e-12)
(3.3682332e-05 1.368013e-07 -3.1270101e-12)
(3.2700668e-05 1.4884075e-07 -2.4625668e-12)
(3.1617425e-05 1.5952721e-07 -1.9463724e-12)
(3.0439737e-05 1.6828328e-07 -1.5473624e-12)
(2.9175204e-05 1.7376562e-07 -1.2382396e-12)
(2.7831803e-05 1.7778969e-07 -9.9797738e-13)
(2.6417802e-05 1.806038e-07 -8.1079454e-13)
(2.4941661e-05 1.8198639e-07 -6.6401776e-13)
(2.3411925e-05 1.8191304e-07 -5.4789148e-13)
(2.1837134e-05 1.8053495e-07 -4.5513214e-13)
(2.0225734e-05 1.7799592e-07 -3.8025725e-13)
(1.8585997e-05 1.7442774e-07 -3.1920465e-13)
(1.6925964e-05 1.702704e-07 -2.6931195e-13)
(1.525339e-05 1.6558691e-07 -2.2822e-13)
(1.3575712e-05 1.6054087e-07 -1.9414113e-13)
(1.1900037e-05 1.5527562e-07 -1.6578601e-13)
(1.0233121e-05 1.4991749e-07 -1.4219323e-13)
(8.5813586e-06 1.4440046e-07 -1.2258253e-13)
(6.9507337e-06 1.3760644e-07 -1.0625475e-13)
(5.3466968e-06 1.3959403e-07 -9.275554e-14)
(3.7738421e-06 1.1094339e-07 -7.8563283e-14)
(2.2367614e-06 1.6433805e-07 -6.8632621e-14)
(7.3407567e-07 1.2728716e-07 -4.3727996e-14)
(-2.4575213e-06 0.10071078 -2.5743779e-07)
(9.3821764e-05 0.070623563 -2.3881819e-07)
(3.0024661e-05 0.022355164 -1.8712764e-07)
(0 -0.0057427414 0)
(0 -0.011033456 0)
(0 -0.0060093167 0)
(0 -0.0015118761 0)
(5.5401242e-07 0.00017884737 -3.3831681e-08)
(5.5638598e-07 0.00037536596 -3.1314641e-08)
(3.6315111e-07 0.00016036924 -2.3276082e-08)
(0 -5.2823639e-06 0)
(0 -3.7940349e-05 0)
(0 -9.2236083e-06 0)
(1.6825065e-06 3.0945393e-05 -2.3296567e-09)
(1.6007167e-06 5.6008645e-05 -1.4545431e-09)
(1.3971211e-06 6.2345195e-05 -8.6070813e-10)
(1.151353e-06 5.7105796e-05 -4.7981134e-10)
(8.9746795e-07 4.8681263e-05 -2.541083e-10)
(6.982604e-07 4.0771212e-05 -1.2928282e-10)
(4.8392512e-07 3.3927317e-05 -6.3832871e-11)
(4.1003228e-07 2.8363022e-05 -3.0502676e-11)
(4.0306004e-07 2.3920088e-05 -1.4013826e-11)
(2.8785167e-07 2.0102518e-05 -6.1260782e-12)
(2.3962415e-07 1.6511462e-05 -2.4610971e-12)
(2.2531427e-07 1.3011197e-05 -7.7593926e-13)
(2.2755632e-07 9.9806114e-06 -1.9449125e-14)
(2.4609441e-07 7.2962418e-06 3.1369025e-13)
(2.7590828e-07 5.1888008e-06 4.3465207e-13)
(3.1093597e-07 3.5158965e-06 4.6626683e-13)
(3.4877313e-07 2.1905704e-06 4.5725401e-13)
(3.8676845e-07 1.0309806e-06 4.3186122e-13)
(4.203018e-07 1.1151423e-07 3.9660668e-13)
(0 -5.4438613e-07 0)
(0 -9.972546e-07 0)
(0 -1.2815287e-06 0)
(0 -1.4737603e-06 0)
(0 -1.5165185e-06 0)
(0 -1.644423e-06 0)
(0 -1.5941296e-06 0)
(0 -1.4991697e-06 0)
(0 -1.3840165e-06 0)
(0 -1.2470412e-06 0)
(0 -1.1276864e-06 0)
(0 -9.6286819e-07 0)
(0 -7.82423e-07 0)
(0 -5.9022298e-07 0)
(0 -3.9278581e-07 0)
(0 -1.9973315e-07 0)
(0 -1.5590303e-08 0)
(7.3407567e-07 1.2728716e-07 -4.3727996e-14)
(0 -0.0007253902 0)
(0 -0.0045495139 0)
(0 -0.0099192411 0)
(0 -0.0062848429 0)
(-2.1782111e-05 0.019354609 -1.9117565e-07)
(-9.2457372e-05 0.067341264 -2.4148925e-07)
)
;
    }
    Front
    {
        type            wedge;
    }
    Back
    {
        type            wedge;
    }
    defaultFaces
    {
        type            empty;
    }
}


// ************************************************************************* //
