/*--------------------------------*- C++ -*----------------------------------*\
| =========                 |                                                 |
| \\      /  F ield         | OpenFOAM: The Open Source CFD Toolbox           |
|  \\    /   O peration     | Version:  4.0                                   |
|   \\  /    A nd           | Web:      www.OpenFOAM.org                      |
|    \\/     M anipulation  |                                                 |
\*---------------------------------------------------------------------------*/
FoamFile
{
    version     2.0;
    format      ascii;
    class       volVectorField;
    location    "0.61";
    object      U;
}
// * * * * * * * * * * * * * * * * * * * * * * * * * * * * * * * * * * * * * //

dimensions      [0 1 -1 0 0 0 0];

internalField   nonuniform List<vector> 
1740
(
(1.497639 -0.002888671 5.063012e-06)
(1.4669813 -0.012601118 8.2191419e-07)
(1.5947722 -0.0062454397 2.250797e-08)
(1.5623919 -0.00030458726 8.2178282e-06)
(1.4922052 -0.038187179 1.530531e-06)
(1.6023275 -0.029018978 3.1064588e-07)
(1.5514238 0.0048906926 1.0987597e-05)
(1.5606556 -0.02723069 2.3334109e-06)
(1.4781146 -0.023250027 4.6239656e-07)
(1.5560361 -0.0053124558 1.3003676e-05)
(1.6518177 0.013084057 3.4083527e-06)
(1.549287 0.002131333 5.5764625e-07)
(1.5350336 -0.0052068781 1.5477879e-05)
(1.5559145 0.023296718 4.4853632e-06)
(1.5564364 0.014666323 8.3201803e-07)
(1.4660511 0.0058398791 1.6280002e-05)
(1.4936239 0.012679171 5.1489704e-06)
(1.4770809 0.0044770306 9.9680271e-07)
(1.4695349 -0.0066252008 1.7124485e-05)
(1.5844312 -0.00031568612 5.8689777e-06)
(1.5753357 -0.0028474675 1.0935141e-06)
(1.5185197 -0.023901772 1.7870796e-05)
(1.5661397 -0.027641181 6.6180686e-06)
(1.561385 -0.013196605 1.3665592e-06)
(1.6341615 -0.0053321441 1.8258305e-05)
(1.5847876 -0.02102491 7.0906269e-06)
(1.4739512 -0.013017781 1.5359075e-06)
(1.5780212 0.018535254 1.9054877e-05)
(1.609046 0.012137754 7.7924413e-06)
(1.5084712 -0.00014519574 1.6499825e-06)
(1.4930224 0.010764557 1.9476374e-05)
(1.6059798 0.0143069 8.2673126e-06)
(1.5141841 0.0020530677 1.933334e-06)
(1.5076193 -0.01822194 1.968617e-05)
(1.6090211 -0.0018944391 8.7927913e-06)
(1.505413 0.0023553746 2.1140935e-06)
(1.6223677 -0.016935824 2.0021977e-05)
(1.5326112 0.00036145336 9.3783395e-06)
(1.5227994 0.003521696 2.2799912e-06)
(1.6108847 0.018187573 2.0511285e-05)
(1.5217618 0.0063556147 9.9740499e-06)
(1.5412734 -0.0027967443 2.5004006e-06)
(1.4881345 0.015550547 2.0522608e-05)
(1.5868841 0.0060150873 1.0337234e-05)
(1.4993696 -0.00088251737 2.6928151e-06)
(1.5684268 -0.0060309811 2.0646692e-05)
(1.5802781 0.01146942 1.0967701e-05)
(1.5690122 0.0084164892 2.8394761e-06)
(1.5648478 0.0021017826 2.1003456e-05)
(1.4854563 0.0018239046 1.1393641e-05)
(1.5849689 -0.00029077633 3.1462482e-06)
(1.4809234 0.0069897837 2.1130828e-05)
(1.5888857 -0.013842721 1.1654459e-05)
(1.4990562 -0.0093176729 3.2837912e-06)
(1.5078037 -0.0098767952 2.1377567e-05)
(1.6015229 0.00057263039 1.2218761e-05)
(1.5134286 0.0032264165 3.4617925e-06)
(1.5382256 -0.0095570743 2.1544307e-05)
(1.5280937 0.0047140397 1.2566573e-05)
(1.525664 0.0067011735 3.6393663e-06)
(1.5304043 -0.0050237646 2.1707383e-05)
(1.5374254 0.011051195 1.2800854e-05)
(1.5286771 0.0070168397 3.7370871e-06)
(1.6014582 -0.012073738 2.236827e-05)
(1.5279961 0.0025274122 1.3332538e-05)
(1.5926514 0.0049368764 3.9516663e-06)
(1.5922999 -0.012455717 2.2792161e-05)
(1.5030871 -0.02236784 1.3644637e-05)
(1.5649237 -0.012956471 4.115568e-06)
(1.5566306 -0.0028526519 2.2402331e-05)
(1.5643081 -0.03260713 1.3845796e-05)
(1.4734041 -0.021011393 4.2630095e-06)
(1.6353119 0.0043202763 2.2143721e-05)
(1.6409435 0.0032459327 1.4171786e-05)
(1.4510056 0.0023195653 4.402824e-06)
(1.6184322 0.019639698 2.2197993e-05)
(1.5208819 0.032987189 1.4396387e-05)
(1.5341196 0.017417339 4.5427173e-06)
(1.5118916 0.013943737 2.2500149e-05)
(1.5180053 0.022342003 1.4646742e-05)
(1.5347701 0.0079296127 4.674355e-06)
(1.458656 -0.001229008 2.2696033e-05)
(1.4921805 -0.0010289138 1.4866249e-05)
(1.5047052 0.0056376047 4.8470311e-06)
(1.4153403 -0.0024178977 2.2122965e-05)
(1.3961144 -0.0004961251 1.5047609e-05)
(1.540089 -0.0069837429 4.8104638e-06)
(1.2483811 0.03503284 2.3406911e-05)
(1.2749804 0.078358571 1.5616533e-05)
(1.3661995 0.050969065 5.5510838e-06)
(0.81135403 0.36506478 1.1530125e-05)
(0.78687788 0.92681516 9.7856215e-06)
(0.73469682 1.2431288 5.3828305e-06)
(0.20448852 0.10568274 1.4519992e-06)
(0.17743361 0.35464908 3.0406552e-06)
(0.086722491 0.48838264 6.8058309e-07)
(-0.032829677 -0.015500822 1.2295075e-06)
(-0.028931771 -0.03126108 1.6712622e-06)
(-0.019276448 -0.036057229 5.7008173e-07)
(-0.0069211741 -0.0033074584 4.5272244e-07)
(-0.0063944733 -0.0080051275 7.2367213e-07)
(-0.0054214385 -0.010741787 3.174659e-07)
(6.7627476e-05 -0.00021415166 1.1377499e-07)
(1.6554409e-05 -0.0006450493 2.309961e-07)
(-0.00024439192 -0.0011148762 8.9398919e-08)
(0.00045479565 4.9635923e-06 1.9320796e-08)
(0.0004560193 2.9491191e-05 4.270083e-08)
(0.00038352514 -1.2875474e-05 -2.5731717e-08)
(0.00051661036 2.4498177e-05 -9.5032707e-09)
(0.00048365633 8.2769451e-05 -2.4580495e-08)
(0.00041103308 0.00012431106 -7.0656139e-08)
(0.00041946828 4.0739333e-05 -1.7918067e-08)
(0.00039099783 0.00011016869 -4.4810034e-08)
(0.0003338035 0.00016068664 -8.1276848e-08)
(0.00030829998 3.0707862e-05 -1.7797873e-08)
(0.00028526046 7.6113247e-05 -4.5466393e-08)
(0.00024636617 0.00011405608 -7.5614828e-08)
(0.00023192234 1.596395e-05 -1.4611257e-08)
(0.00021533819 3.2977068e-05 -3.8758813e-08)
(0.00018646731 4.4072709e-05 -6.3618161e-08)
(0.00019152496 3.1731449e-06 -1.108059e-08)
(0.00018018533 9.4123703e-06 -3.0705279e-08)
(0.00015904702 8.5038192e-06 -5.0823744e-08)
(0.00017239932 1.0806503e-06 -8.3991917e-09)
(0.00016457135 1.4271816e-06 -2.3751815e-08)
(0.00014917808 -2.5872703e-06 -3.9619208e-08)
(0.00016126586 2.3046048e-06 -6.498029e-09)
(0.00015579549 3.2975787e-06 -1.8313831e-08)
(0.00014435413 2.2264535e-06 -3.0532715e-08)
(0.00015102674 3.5455073e-06 -5.0838354e-09)
(0.00014715179 8.2157157e-06 -1.4093826e-08)
(0.00013858287 1.0464795e-05 -2.3326771e-08)
(0.00013925585 4.2714854e-06 -3.9543142e-09)
(0.00013648978 1.1138067e-05 -1.0742916e-08)
(0.00012999402 1.6479982e-05 -1.7605538e-08)
(0.00012634712 4.4997435e-06 -3.0103708e-09)
(0.00012430134 1.1332827e-05 -8.0323094e-09)
(0.00011926962 1.7968537e-05 -1.305089e-08)
(0.00011362875 4.1737828e-06 -2.2170979e-09)
(0.00011206726 1.0258606e-05 -5.84874e-09)
(0.00010805779 1.6544612e-05 -9.4536502e-09)
(0.00010188938 3.671015e-06 -1.5796691e-09)
(0.0001006806 8.9321905e-06 -4.137707e-09)
(9.7450056e-05 1.4431019e-05 -6.6748576e-09)
(9.1245772e-05 3.2696089e-06 -1.0974104e-09)
(9.0311887e-05 7.8614017e-06 -2.850568e-09)
(8.7710342e-05 1.264934e-05 -4.5949608e-09)
(8.1535568e-05 3.0201959e-06 -7.5085221e-10)
(8.0813649e-05 7.1727205e-06 -1.9215611e-09)
(7.8711933e-05 1.1475153e-05 -3.0907139e-09)
(7.2524473e-05 2.8503767e-06 -5.1070001e-10)
(7.1964384e-05 6.80939e-06 -1.2744886e-09)
(7.0232516e-05 1.0912785e-05 -2.0376017e-09)
(6.4007332e-05 2.7777216e-06 -3.489748e-10)
(6.3557728e-05 6.7226673e-06 -8.3721657e-10)
(6.2090744e-05 1.0746535e-05 -1.3218586e-09)
(5.5943814e-05 2.474047e-06 -2.3972146e-10)
(5.5557646e-05 5.9949776e-06 -5.4606696e-10)
(5.435177e-05 9.6948053e-06 -8.4562018e-10)
(4.8429006e-05 2.2583198e-06 -1.6726169e-10)
(4.8103406e-05 5.5663407e-06 -3.5533547e-10)
(4.7118971e-05 8.9761624e-06 -5.3488271e-10)
(4.1523183e-05 2.0931734e-06 -1.191935e-10)
(4.1258029e-05 5.1740344e-06 -2.3208413e-10)
(4.0410681e-05 8.3146894e-06 -3.3576898e-10)
(3.5230895e-05 1.9248749e-06 -8.7533902e-11)
(3.5005344e-05 4.7552482e-06 -1.5356186e-10)
(3.427546e-05 7.6327421e-06 -2.1046831e-10)
(2.9529962e-05 1.7476884e-06 -6.6857156e-11)
(2.9333445e-05 4.3153178e-06 -1.0421213e-10)
(2.8703956e-05 6.9256925e-06 -1.3304839e-10)
(2.439523e-05 1.5689464e-06 -5.3750723e-11)
(2.4222045e-05 3.8727317e-06 -7.3951501e-11)
(2.3679201e-05 6.2112202e-06 -8.6225104e-11)
(1.9809939e-05 1.3968587e-06 -4.5822437e-11)
(1.9656467e-05 3.4523031e-06 -5.616949e-11)
(1.9189415e-05 5.5383915e-06 -5.8927496e-11)
(1.5759402e-05 1.2252378e-06 -4.0777981e-11)
(1.562282e-05 3.0353963e-06 -4.5404668e-11)
(1.5222049e-05 4.8719159e-06 -4.3056568e-11)
(1.2224404e-05 1.0571572e-06 -3.7533636e-11)
(1.2102336e-05 2.632018e-06 -3.881769e-11)
(1.1759134e-05 4.2244155e-06 -3.3866804e-11)
(9.1807081e-06 8.9963303e-07 -3.5441802e-11)
(9.0711987e-06 2.2514432e-06 -3.4739634e-11)
(8.7778933e-06 3.6099349e-06 -2.8584467e-11)
(6.6000963e-06 7.5491267e-07 -3.4095443e-11)
(6.5013454e-06 1.9010104e-06 -3.2167281e-11)
(6.2507438e-06 3.0438996e-06 -2.5593333e-11)
(4.4437195e-06 6.2259601e-07 -3.3285308e-11)
(4.3544722e-06 1.5821352e-06 -3.0592805e-11)
(4.1406783e-06 2.5295009e-06 -2.400402e-11)
(2.6638089e-06 4.9629554e-07 -3.2701219e-11)
(2.5836198e-06 1.2743685e-06 -2.942383e-11)
(2.4028807e-06 2.0388649e-06 -2.3080853e-11)
(1.2215043e-06 3.8975299e-07 -3.2385734e-11)
(1.1498513e-06 1.0154282e-06 -2.8627257e-11)
(9.9849968e-07 1.6202782e-06 -2.26143e-11)
(8.682582e-08 2.9768432e-07 -3.2222238e-11)
(2.2591086e-08 7.9057468e-07 -2.8055435e-11)
(-1.0426987e-07 1.2571662e-06 -2.2400986e-11)
(-7.7749052e-07 2.1820463e-07 -3.2123732e-11)
(-8.3534853e-07 5.9542643e-07 -2.7584965e-11)
(-9.4204204e-07 9.4267322e-07 -2.2256502e-11)
(-1.4141608e-06 1.5104051e-07 -3.2064147e-11)
(-1.4662047e-06 4.2952187e-07 -2.7183933e-11)
(-1.5557472e-06 6.7620793e-07 -2.2168819e-11)
(-1.8618657e-06 9.6079814e-08 -3.2048398e-11)
(-1.9086973e-06 2.92375e-07 -2.6847304e-11)
(-1.9835637e-06 4.5630912e-07 -2.2138663e-11)
(-2.1551494e-06 5.4827217e-08 -3.2190517e-11)
(-2.1978697e-06 1.8722428e-07 -2.6630624e-11)
(-2.2601708e-06 2.845735e-07 -2.2172538e-11)
(-2.326343e-06 2.0129727e-08 -3.220557e-11)
(-2.36526e-06 9.9840318e-08 -2.6401104e-11)
(-2.4172658e-06 1.453347e-07 -2.2202337e-11)
(-2.4044881e-06 -4.2546727e-09 -3.2269768e-11)
(-2.4395371e-06 3.655678e-08 -2.6244706e-11)
(-2.4833878e-06 4.5698781e-08 -2.2259668e-11)
(-2.4150714e-06 -2.0074167e-08 -3.2338484e-11)
(-2.446899e-06 -6.9629156e-09 -2.6134385e-11)
(-2.4841508e-06 -2.2643706e-08 -2.2328916e-11)
(-2.3817847e-06 -2.8027473e-08 -3.2513917e-11)
(-2.4109568e-06 -3.153125e-08 -2.6218041e-11)
(-2.4429931e-06 -6.0517563e-08 -2.25027e-11)
(-2.3282268e-06 -2.8718182e-08 -3.277563e-11)
(-2.3552956e-06 -3.8483151e-08 -2.6413598e-11)
(-2.3833051e-06 -6.9253209e-08 -2.2680664e-11)
(-2.2778646e-06 -2.2258865e-08 -3.2978458e-11)
(-2.3033365e-06 -3.0485714e-08 -2.6391943e-11)
(-2.3285194e-06 -5.4832778e-08 -2.2490315e-11)
(-2.2526759e-06 -8.6978363e-09 -3.2942274e-11)
(-2.2772039e-06 -1.0484655e-08 -2.5681482e-11)
(-2.3006356e-06 -2.4807897e-08 -2.135701e-11)
(-2.260983e-06 -2.6009241e-09 -3.2214987e-11)
(-2.2850005e-06 1.1279847e-08 -2.3369223e-11)
(-2.3070613e-06 1.7311796e-08 -1.8406309e-11)
(-2.3772196e-06 5.4063365e-09 -2.9214691e-11)
(-2.4008444e-06 1.9550384e-08 -1.7391666e-11)
(-2.4205022e-06 2.9506067e-08 -1.2240761e-11)
(-0.04529789 1.9406304 -3.7418375e-07)
(-0.032520796 1.68633 -3.4631979e-06)
(-0.060955759 0.33504301 -2.591312e-07)
(-0.04278505 0.1474863 -1.0142895e-06)
(-0.015395655 -0.042861673 -2.1446223e-07)
(-0.011783706 -0.044423867 -6.4371158e-07)
(-0.0047606952 -0.013326575 -1.2663111e-07)
(-0.0047381613 -0.014921828 -4.257156e-07)
(-0.00047705505 -0.0019062829 -1.296864e-07)
(-0.00083815707 -0.0028275345 -3.1493923e-07)
(0.00032037145 -0.00014135632 -1.4059354e-07)
(0.00024723913 -0.00034103976 -2.5292042e-07)
(0.00037827677 0.00015388299 -1.3907899e-07)
(0.00036091418 0.00017994729 -2.0990342e-07)
(0.00029785278 0.0002202659 -1.2709031e-07)
(0.00029268564 0.00029694486 -1.7460346e-07)
(0.00021700588 0.00015618393 -1.0907985e-07)
(0.00020413046 0.00020194543 -1.4285769e-07)
(0.00016150134 6.0821294e-05 -8.9297063e-08)
(0.00014371262 8.223837e-05 -1.1444002e-07)
(0.00013778972 4.3174378e-06 -7.0864244e-08)
(0.00012141255 2.5275759e-06 -9.0057253e-08)
(0.00013239584 -7.6768967e-06 -5.5188513e-08)
(0.00011826704 -1.4935791e-05 -6.9915065e-08)
(0.00013128897 -4.4606909e-07 -4.245726e-08)
(0.00011955471 -2.6921877e-06 -5.3682223e-08)
(0.00012840541 1.1750485e-05 -3.2309142e-08)
(0.00011882889 1.2845121e-05 -4.0750135e-08)
(0.00012193803 2.0274115e-05 -2.4259601e-08)
(0.00011403485 2.3237907e-05 -3.0509242e-08)
(0.00011274597 2.3105156e-05 -1.7899012e-08)
(0.00010586481 2.6688288e-05 -2.2450131e-08)
(0.00010269517 2.1702614e-05 -1.2925495e-08)
(9.6685411e-05 2.5415985e-05 -1.618159e-08)
(9.3067497e-05 1.9260765e-05 -9.1137391e-09)
(8.8084271e-05 2.2705867e-05 -1.139862e-08)
(8.4148069e-05 1.6935202e-05 -6.2710751e-09)
(8.0071678e-05 2.0384819e-05 -7.8401274e-09)
(7.5791316e-05 1.5603048e-05 -4.2152746e-09)
(7.2407075e-05 1.909426e-05 -5.267663e-09)
(6.7782569e-05 1.4950534e-05 -2.7729665e-09)
(6.4918933e-05 1.8539612e-05 -3.4615979e-09)
(6.0050757e-05 1.4401421e-05 -1.7896601e-09)
(5.7618136e-05 1.753195e-05 -2.2284478e-09)
(5.2658167e-05 1.3342256e-05 -1.1351621e-09)
(5.0590185e-05 1.6548272e-05 -1.4072922e-09)
(4.5671322e-05 1.2455669e-05 -7.0874459e-10)
(4.3884868e-05 1.5588199e-05 -8.7262299e-10)
(3.9172833e-05 1.1593186e-05 -4.36453e-10)
(3.7630327e-05 1.4524882e-05 -5.3178834e-10)
(3.3209984e-05 1.0652845e-05 -2.659772e-10)
(3.1876795e-05 1.3349488e-05 -3.1895052e-10)
(2.7784158e-05 9.6635962e-06 -1.6141189e-10)
(2.6629025e-05 1.2123528e-05 -1.8885434e-10)
(2.288525e-05 8.6570462e-06 -9.8655476e-11)
(2.1885158e-05 1.088497e-05 -1.111016e-10)
(1.8505672e-05 7.6622692e-06 -6.2011893e-11)
(1.7641429e-05 9.6552117e-06 -6.5754081e-11)
(1.4635157e-05 6.7175179e-06 -4.1089507e-11)
(1.3890305e-05 8.4881015e-06 -4.0015542e-11)
(1.1257049e-05 5.819126e-06 -2.9361138e-11)
(1.0618217e-05 7.3867629e-06 -2.5802954e-11)
(8.3497012e-06 4.9653222e-06 -2.2898304e-11)
(7.8042246e-06 6.3379851e-06 -1.8181043e-11)
(5.8862674e-06 4.1810699e-06 -1.9469021e-11)
(5.4221125e-06 5.3346938e-06 -1.4279316e-11)
(3.8317211e-06 3.4692166e-06 -1.7791619e-11)
(3.4388364e-06 4.3918219e-06 -1.2471752e-11)
(2.1435375e-06 2.8015452e-06 -1.7050856e-11)
(1.8140045e-06 3.5398146e-06 -1.1839062e-11)
(7.827626e-07 2.2223267e-06 -1.6864563e-11)
(5.0852252e-07 2.8004339e-06 -1.1835325e-11)
(-2.8350191e-07 1.7196964e-06 -1.6962223e-11)
(-5.1130241e-07 2.157827e-06 -1.2141267e-11)
(-1.0909397e-06 1.286527e-06 -1.7119051e-11)
(-1.2797389e-06 1.6101218e-06 -1.2531369e-11)
(-1.6787822e-06 9.2034193e-07 -1.7320019e-11)
(-1.834125e-06 1.1467023e-06 -1.296162e-11)
(-2.0846374e-06 6.1821864e-07 -1.7561464e-11)
(-2.2114922e-06 7.6249328e-07 -1.3408211e-11)
(-2.3429871e-06 3.8009487e-07 -1.7832088e-11)
(-2.4467106e-06 4.5856141e-07 -1.3855796e-11)
(-2.4850992e-06 1.8798855e-07 -1.8079516e-11)
(-2.5699205e-06 2.2466065e-07 -1.4271983e-11)
(-2.5390001e-06 5.2779648e-08 -1.832235e-11)
(-2.6079602e-06 5.1583771e-08 -1.4641024e-11)
(-2.5299526e-06 -3.9429653e-08 -1.8535463e-11)
(-2.5862946e-06 -6.3228362e-08 -1.4960844e-11)
(-2.481113e-06 -9.1028651e-08 -1.8748719e-11)
(-2.5276015e-06 -1.2630001e-07 -1.5214419e-11)
(-2.4155403e-06 -1.0149883e-07 -1.8882429e-11)
(-2.4545502e-06 -1.374885e-07 -1.5331204e-11)
(-2.3566075e-06 -7.9273637e-08 -1.8593062e-11)
(-2.3903903e-06 -1.0643967e-07 -1.5027086e-11)
(-2.3262017e-06 -3.6181146e-08 -1.7343512e-11)
(-2.3567268e-06 -4.8994595e-08 -1.3857179e-11)
(-2.3306512e-06 2.0684462e-08 -1.4461165e-11)
(-2.3585869e-06 2.1300113e-08 -1.132568e-11)
(-2.4404772e-06 3.8706062e-08 -9.1131459e-12)
(-2.4639983e-06 4.6716025e-08 -6.9332034e-12)
(-0.0021426029 7.0729829e-06 -1.1736299e-07)
(-0.0021071211 -6.1015393e-05 -2.7841922e-07)
(-0.0020391425 -6.6838031e-05 -3.9411379e-07)
(-0.0019584664 -0.0001123382 -4.6737081e-07)
(-0.0018675347 -0.00014852789 -5.0725061e-07)
(-0.0017645455 -0.00020843263 -5.2403192e-07)
(-0.0016471847 -0.00027976517 -5.2542665e-07)
(-0.0015143244 -0.00036155912 -5.1683387e-07)
(-0.0013705988 -0.00045610251 -5.020237e-07)
(-0.0012244482 -0.00056230208 -4.8360463e-07)
(-0.0010822734 -0.00067303901 -4.63399e-07)
(-0.00094788949 -0.00077818604 -4.425115e-07)
(-0.00082343254 -0.00086926668 -4.2148627e-07)
(-0.00070948584 -0.00094591861 -4.0043765e-07)
(-0.000605827 -0.0010103505 -3.7923545e-07)
(-0.0005122166 -0.0010640986 -3.5760143e-07)
(-0.00042847255 -0.0011091751 -3.3514001e-07)
(-0.00035418862 -0.0011454715 -3.1127736e-07)
(-0.00028838244 -0.0011711727 -2.8538006e-07)
(-0.00023014098 -0.0011866819 -2.5672044e-07)
(-0.00017854158 -0.0011931456 -2.245103e-07)
(-0.00013233358 -0.0011902801 -1.8756691e-07)
(-9.0471301e-05 -0.0011773174 -1.4487234e-07)
(-5.2268585e-05 -0.0011603397 -9.5828962e-08)
(-1.7126556e-05 -0.0011031178 -3.9872106e-08)
(0.00026673478 -0.00012220828 -1.3334708e-07)
(0.00027415568 -0.00049410797 -3.1208594e-07)
(0.00028657739 -0.00072160086 -4.337108e-07)
(0.00030855027 -0.0010611876 -5.0420577e-07)
(0.00034570838 -0.0013434351 -5.3782582e-07)
(0.00039406513 -0.0016573121 -5.4834933e-07)
(0.00044054869 -0.0019764226 -5.4450978e-07)
(0.00047234726 -0.0023257116 -5.3191761e-07)
(0.00048176252 -0.0026938053 -5.1412302e-07)
(0.00047869977 -0.0030437222 -4.9344972e-07)
(0.00046711636 -0.0033705413 -4.7167043e-07)
(0.00044884722 -0.0036765672 -4.4975396e-07)
(0.00042704563 -0.0039618554 -4.2811851e-07)
(0.00040168645 -0.0042232701 -4.0672377e-07)
(0.00037144976 -0.0044585286 -3.8534937e-07)
(0.00033712245 -0.00466902 -3.6368925e-07)
(0.00030021056 -0.0048663564 -3.4139878e-07)
(0.00026206164 -0.0050453638 -3.1777234e-07)
(0.00022333922 -0.0051837255 -2.9221833e-07)
(0.00018469549 -0.005273781 -2.6394332e-07)
(0.00014697078 -0.0053136693 -2.3246168e-07)
(0.00011064186 -0.0053060431 -1.9592665e-07)
(7.5755556e-05 -0.0052543488 -1.5291404e-07)
(4.2452755e-05 -0.0051442628 -1.017696e-07)
(1.1672128e-05 -0.0049105272 -4.3993032e-08)
(0.0011313701 -0.00030427419 -1.7160376e-07)
(0.0011566105 -0.0014992561 -3.8730773e-07)
(0.0012116339 -0.0020569419 -5.16874e-07)
(0.0013033611 -0.0029998789 -5.7707543e-07)
(0.0013915054 -0.0037940793 -5.9646878e-07)
(0.0014498221 -0.0046360945 -5.9424943e-07)
(0.0014674154 -0.0054683903 -5.8014499e-07)
(0.0014463343 -0.006433686 -5.6011727e-07)
(0.0013987594 -0.0074974966 -5.3695528e-07)
(0.0013297071 -0.0084655473 -5.1207908e-07)
(0.0012461182 -0.0093029993 -4.8748552e-07)
(0.0011553903 -0.010009477 -4.6379378e-07)
(0.0010603874 -0.010587059 -4.4123972e-07)
(0.00096258897 -0.011045606 -4.194054e-07)
(0.00086509518 -0.011390734 -3.9790005e-07)
(0.00076901624 -0.011623833 -3.7634947e-07)
(0.00067501956 -0.011737553 -3.5482297e-07)
(0.00058343034 -0.011749116 -3.3192382e-07)
(0.00049434322 -0.011687234 -3.0751027e-07)
(0.00040818561 -0.011568184 -2.8079803e-07)
(0.00032564224 -0.011402265 -2.5085575e-07)
(0.00024661011 -0.011198314 -2.1616636e-07)
(0.00017056345 -0.010962841 -1.7462569e-07)
(9.7826499e-05 -0.010666046 -1.2265155e-07)
(3.0124666e-05 -0.010258953 -6.0160769e-08)
(0.0036355097 -0.0010277992 -2.5394561e-07)
(0.0036839876 -0.0046774758 -5.2665476e-07)
(0.003724209 -0.0060584087 -6.5347163e-07)
(0.0036268102 -0.0094005159 -6.8717516e-07)
(0.0034578038 -0.012401297 -6.8135784e-07)
(0.0032109206 -0.015029292 -6.5930286e-07)
(0.0029256881 -0.016865097 -6.3006201e-07)
(0.002631758 -0.01781829 -6.0070916e-07)
(0.0023477837 -0.01808324 -5.7145559e-07)
(0.002075872 -0.017919856 -5.4079234e-07)
(0.001825465 -0.017440284 -5.1270329e-07)
(0.0015990946 -0.016769351 -4.8677179e-07)
(0.0013929092 -0.015927091 -4.6343534e-07)
(0.0011918567 -0.014966351 -4.4132607e-07)
(0.0010119744 -0.013938392 -4.1989066e-07)
(0.00085354529 -0.012888024 -3.9885211e-07)
(0.00071486628 -0.01185406 -3.778699e-07)
(0.00059372833 -0.010870389 -3.5642441e-07)
(0.00048800603 -0.0099605172 -3.3398652e-07)
(0.00039503212 -0.0091439365 -3.0988406e-07)
(0.00031174779 -0.0084327565 -2.8324484e-07)
(0.0002357848 -0.0078307525 -2.5279766e-07)
(0.00016594987 -0.0073378818 -2.1663781e-07)
(0.00010042794 -0.0069120291 -1.7158405e-07)
(3.6992368e-05 -0.0066000702 -1.0761401e-07)
(0.011385485 -0.0087460089 -4.4120765e-07)
(0.0092382535 -0.025798942 -7.6171133e-07)
(0.0082084555 -0.028527329 -8.4937349e-07)
(0.0065055418 -0.03295503 -8.3823204e-07)
(0.0050725172 -0.030457777 -7.9957276e-07)
(0.0038063826 -0.026661418 -7.5194985e-07)
(0.0027475187 -0.021900431 -7.0461616e-07)
(0.001899515 -0.016875019 -6.6045266e-07)
(0.001234793 -0.0118696 -6.2102483e-07)
(0.00072102183 -0.0072437203 -5.8480577e-07)
(0.00032707458 -0.0030633263 -5.5221206e-07)
(3.1400662e-05 0.00051821527 -5.2195845e-07)
(-0.00018339971 0.0038596638 -4.9763435e-07)
(-0.00032131965 0.0070433998 -4.7462552e-07)
(-0.00040927753 0.0099595703 -4.5244325e-07)
(-0.0004550967 0.012489201 -4.3121917e-07)
(-0.00046751881 0.014601667 -4.1062e-07)
(-0.00045362648 0.016316284 -3.9021504e-07)
(-0.00041924095 0.017662197 -3.6952588e-07)
(-0.00036946751 0.018668768 -3.4800725e-07)
(-0.00030904278 0.019361002 -3.2497868e-07)
(-0.00024168326 0.019764282 -2.9948638e-07)
(-0.00016940398 0.019876476 -2.6999937e-07)
(-9.5457693e-05 0.019755204 -2.41137e-07)
(-2.1751127e-05 0.01906271 -2.1237188e-07)
(0.014338462 0.022507826 -7.9868902e-07)
(0.0039110068 -0.0025433727 -1.1306151e-06)
(0.0011652379 0.047199425 -1.1337165e-06)
(-0.00079499898 0.04999108 -1.0614253e-06)
(-0.0024861111 0.064383132 -9.8469886e-07)
(-0.0037313289 0.074825893 -8.9917127e-07)
(-0.0044211228 0.082144722 -8.2245915e-07)
(-0.0046429183 0.088245645 -7.5580795e-07)
(-0.0045757273 0.092751983 -6.9786583e-07)
(-0.0043640524 0.095563069 -6.4837222e-07)
(-0.0040825807 0.097174247 -6.0676596e-07)
(-0.0037453597 0.097696796 -5.6382314e-07)
(-0.0034034143 0.097454308 -5.3929226e-07)
(-0.0030658292 0.096159152 -5.1294214e-07)
(-0.0027247233 0.094019583 -4.8698953e-07)
(-0.0023910215 0.091606339 -4.6368576e-07)
(-0.0020752384 0.088987587 -4.4199679e-07)
(-0.00177849 0.086248604 -4.2131091e-07)
(-0.0015000013 0.083466895 -4.0112539e-07)
(-0.0012378905 0.080701163 -3.809489e-07)
(-0.00098961358 0.077988759 -3.6024254e-07)
(-0.00075305887 0.075372021 -3.3834368e-07)
(-0.00052639824 0.072823012 -3.1456803e-07)
(-0.00030791143 0.070528843 -2.8983609e-07)
(-9.2168181e-05 0.067055439 -2.6554346e-07)
(-0.0018595618 1.1685719 -2.5302204e-06)
(-0.00076790856 0.95852144 -2.0110564e-06)
(-0.0010212992 0.86388482 -1.6287155e-06)
(-0.00070882261 0.77236608 -1.334246e-06)
(-0.00060523226 0.67677277 -1.1159072e-06)
(-0.00051663338 0.58560729 -9.5815554e-07)
(-0.00043712465 0.50735324 -8.4293866e-07)
(-0.00036621269 0.4437211 -7.5835631e-07)
(-0.00030389772 0.39122304 -6.9010323e-07)
(-0.00025391772 0.34641676 -6.3744185e-07)
(-0.0002058985 0.30775045 -5.9665834e-07)
(-0.00016255415 0.27447627 -5.6142687e-07)
(-0.00012537069 0.2460229 -5.3253906e-07)
(-0.00010519853 0.22166421 -5.0750938e-07)
(-8.6968994e-05 0.20074277 -4.8487963e-07)
(-7.2220346e-05 0.18277794 -4.6395547e-07)
(-5.9975264e-05 0.16734113 -4.4416262e-07)
(-4.9935013e-05 0.15407044 -4.2509653e-07)
(-4.1452584e-05 0.14266405 -4.0643394e-07)
(-3.3994111e-05 0.13287331 -3.8784572e-07)
(-2.7119729e-05 0.12448275 -3.6894439e-07)
(-2.0441371e-05 0.11735081 -3.4918851e-07)
(-1.4037047e-05 0.11123635 -3.2824039e-07)
(-7.9759104e-06 0.10642133 -3.058542e-07)
(-2.1502689e-06 0.10041798 -2.8152144e-07)
(-0.013508393 0.087353743 -1.2327801e-06)
(-0.0031687529 0.095882671 -1.2740907e-06)
(-0.00053700543 0.10216734 -1.2286308e-06)
(0.0013566035 0.10428574 -1.1381781e-06)
(0.0029614841 0.10674555 -1.0358467e-06)
(0.0041223473 0.1087192 -9.3640182e-07)
(0.0047482126 0.11055337 -8.4763808e-07)
(0.0049150565 0.11220581 -7.7096091e-07)
(0.004801809 0.11309257 -6.9049763e-07)
(0.0045331472 0.11322366 -6.464896e-07)
(0.0042219899 0.11255899 -6.0631048e-07)
(0.00389083 0.11091748 -5.6406653e-07)
(0.0035217773 0.10841554 -5.2878705e-07)
(0.0031505976 0.10541433 -4.9866801e-07)
(0.0027902475 0.1021567 -4.7227803e-07)
(0.0024462306 0.098767433 -4.4862421e-07)
(0.002120781 0.095331319 -4.2697104e-07)
(0.0018142407 0.091917262 -4.0672311e-07)
(0.0015268295 0.088576899 -3.8735057e-07)
(0.0012571655 0.085348342 -3.6832805e-07)
(0.0010032695 0.082253595 -3.4905613e-07)
(0.00076289778 0.079322481 -3.2874791e-07)
(0.00053336764 0.076517942 -3.0771615e-07)
(0.00031242565 0.074031475 -2.8472324e-07)
(9.4251211e-05 0.070344513 -2.6151791e-07)
(-0.0096510556 -0.042180068 -8.6708314e-07)
(-0.0082962516 -0.040217963 -9.3241048e-07)
(-0.0068295301 -0.038490767 -9.1982929e-07)
(-0.0053424331 -0.034916099 -8.7384933e-07)
(-0.0039657878 -0.02979364 -8.1556069e-07)
(-0.0027889418 -0.023998663 -7.5428204e-07)
(-0.0018284872 -0.018051251 -6.9726423e-07)
(-0.0010797883 -0.012307438 -6.4508083e-07)
(-0.00051250789 -0.0071821073 -5.9694294e-07)
(-8.5927575e-05 -0.0026665425 -5.6082335e-07)
(0.00022274544 0.0012134567 -5.2767377e-07)
(0.00043760664 0.0050029863 -4.968242e-07)
(0.00057760321 0.0086070653 -4.6914687e-07)
(0.00065998098 0.01182562 -4.4429966e-07)
(0.00069702133 0.014595076 -4.2169274e-07)
(0.0006983718 0.01691494 -4.0079365e-07)
(0.0006722898 0.018819793 -3.8117065e-07)
(0.00062598754 0.020351663 -3.6233424e-07)
(0.00056334056 0.021533797 -3.4377438e-07)
(0.00048809062 0.022387986 -3.2490017e-07)
(0.00040356015 0.02293595 -3.0488786e-07)
(0.00031279198 0.023198965 -2.823193e-07)
(0.00021836896 0.023187527 -2.6002317e-07)
(0.00012358271 0.022945407 -2.329647e-07)
(3.0174026e-05 0.022102129 -2.0637169e-07)
(-0.0047119319 -0.016676927 -6.0035008e-07)
(-0.0046431873 -0.019272575 -6.7695275e-07)
(-0.0044468626 -0.02207131 -6.9220462e-07)
(-0.0041377182 -0.024059126 -6.7552713e-07)
(-0.0037464578 -0.025255581 -6.4589264e-07)
(-0.0033278644 -0.025570175 -6.1315772e-07)
(-0.0029322911 -0.025205816 -5.7364337e-07)
(-0.0025655401 -0.024404879 -5.3660001e-07)
(-0.0022298335 -0.023343319 -5.0302704e-07)
(-0.001934357 -0.022094221 -4.7426883e-07)
(-0.0016703871 -0.020741057 -4.4811395e-07)
(-0.0014290653 -0.019264981 -4.2400872e-07)
(-0.0012134582 -0.017735587 -4.0190906e-07)
(-0.0010250523 -0.016204842 -3.8161391e-07)
(-0.00086143636 -0.014707544 -3.6259288e-07)
(-0.00072001349 -0.013274757 -3.4442011e-07)
(-0.00059788086 -0.011940374 -3.2696046e-07)
(-0.00049154272 -0.010734564 -3.0963333e-07)
(-0.00039965645 -0.0096635911 -2.91891e-07)
(-0.00032020705 -0.0087282952 -2.7307315e-07)
(-0.00025105835 -0.0079286747 -2.5227238e-07)
(-0.00018999761 -0.0072638955 -2.282492e-07)
(-0.00013490327 -0.0067302027 -1.997268e-07)
(-8.3388174e-05 -0.0062867922 -1.6114716e-07)
(-3.2637608e-05 -0.0059836092 -1.0329216e-07)
(-0.0011249559 -0.0038874596 -4.4174701e-07)
(-0.0013985763 -0.0049422348 -5.1232086e-07)
(-0.0016347537 -0.006038861 -5.4016498e-07)
(-0.0017823999 -0.0071073877 -5.4127856e-07)
(-0.0018605236 -0.0081371764 -5.2750845e-07)
(-0.0018604456 -0.0092607898 -5.0608027e-07)
(-0.0018029412 -0.010414413 -4.7975694e-07)
(-0.0017091197 -0.011388328 -4.5302534e-07)
(-0.0015951761 -0.012191926 -4.2776133e-07)
(-0.0014745911 -0.012832563 -4.0466381e-07)
(-0.0013531525 -0.013333053 -3.8331833e-07)
(-0.0012336386 -0.013696792 -3.6344157e-07)
(-0.0011169667 -0.013931998 -3.4487694e-07)
(-0.001003538 -0.014021427 -3.2776279e-07)
(-0.00089430148 -0.013990114 -3.1124349e-07)
(-0.00078964155 -0.013879138 -2.9533543e-07)
(-0.00069011953 -0.013712621 -2.793997e-07)
(-0.00059568611 -0.013504716 -2.6311021e-07)
(-0.00050513157 -0.013264333 -2.4595091e-07)
(-0.00041800297 -0.012998217 -2.2726535e-07)
(-0.00033401646 -0.012711679 -2.060649e-07)
(-0.0002530127 -0.012409846 -1.8088683e-07)
(-0.00017503825 -0.01209574 -1.4959612e-07)
(-0.00010045507 -0.011731253 -1.0774923e-07)
(-3.104749e-05 -0.011273442 -5.4589526e-08)
(0.00014721661 -0.0006540741 -3.4017984e-07)
(4.1263368e-05 -0.0010435374 -3.9681568e-07)
(-0.00011109078 -0.0014916291 -4.2624093e-07)
(-0.00027111532 -0.0019667055 -4.3570962e-07)
(-0.0004307202 -0.0024681534 -4.3201056e-07)
(-0.00055441567 -0.0030035629 -4.2019635e-07)
(-0.00063513037 -0.0035384331 -4.0355169e-07)
(-0.00067469229 -0.0040250167 -3.8494925e-07)
(-0.00068532477 -0.0044597202 -3.6612801e-07)
(-0.00067452459 -0.0048373843 -3.4794451e-07)
(-0.00064881596 -0.0051638186 -3.3060357e-07)
(-0.00061275224 -0.005449118 -3.1411337e-07)
(-0.00057143266 -0.005710075 -2.9842757e-07)
(-0.00052645215 -0.0059758401 -2.8348922e-07)
(-0.00047952098 -0.0062396285 -2.6896963e-07)
(-0.0004313641 -0.0064650179 -2.5464777e-07)
(-0.00038264649 -0.0066438657 -2.4013658e-07)
(-0.00033388297 -0.0067741051 -2.2505087e-07)
(-0.00028522821 -0.0068555108 -2.0889895e-07)
(-0.00023691423 -0.0068877552 -1.9121062e-07)
(-0.00018924719 -0.0068717588 -1.7116346e-07)
(-0.00014260381 -0.0068106235 -1.472642e-07)
(-9.7480171e-05 -0.0067087124 -1.1817368e-07)
(-5.4460874e-05 -0.0065478155 -8.1436714e-08)
(-1.5063019e-05 -0.006252896 -3.7512991e-08)
(0.00033151589 0.00018692807 -2.6965301e-07)
(0.00030193632 0.0001597206 -3.1281887e-07)
(0.000267516 8.4351787e-05 -3.3914695e-07)
(0.00020789416 -3.8239971e-05 -3.5144137e-07)
(0.00014240418 -0.0001879731 -3.5329475e-07)
(6.7059817e-05 -0.00036329288 -3.4794199e-07)
(-4.8571228e-06 -0.00055591798 -3.379466e-07)
(-6.6771933e-05 -0.000749979 -3.2538415e-07)
(-0.0001147447 -0.00093680755 -3.1169418e-07)
(-0.0001469014 -0.0011075296 -2.9773793e-07)
(-0.00016455011 -0.0012598555 -2.8393417e-07)
(-0.00017217764 -0.0013955326 -2.7046102e-07)
(-0.00017115866 -0.0015139782 -2.5736672e-07)
(-0.00016485642 -0.0016172202 -2.4460792e-07)
(-0.00015470266 -0.0017056687 -2.320198e-07)
(-0.00014185487 -0.001777329 -2.1939662e-07)
(-0.00012694774 -0.0018334442 -2.0645926e-07)
(-0.00011118713 -0.0018747362 -1.9288509e-07)
(-9.5143797e-05 -0.0019017178 -1.7828963e-07)
(-7.9171814e-05 -0.0019145008 -1.6224667e-07)
(-6.350772e-05 -0.0019133372 -1.4422876e-07)
(-4.832895e-05 -0.0018989515 -1.2345784e-07)
(-3.367665e-05 -0.0018739719 -9.9140333e-08)
(-1.9388939e-05 -0.0018373497 -7.0310084e-08)
(-5.4122506e-06 -0.0017454165 -3.5298669e-08)
(0.00028584094 0.00036960778 -2.1645268e-07)
(0.0002740513 0.0004251748 -2.4872686e-07)
(0.00025766323 0.00046791341 -2.7062888e-07)
(0.00023242845 0.00049285086 -2.8294194e-07)
(0.00020157814 0.00049412751 -2.8740157e-07)
(0.00016536134 0.00046969068 -2.8596317e-07)
(0.00012969915 0.00041724426 -2.8039477e-07)
(9.1103226e-05 0.0003529507 -2.7219078e-07)
(5.6132521e-05 0.00029122287 -2.6247633e-07)
(2.6720588e-05 0.00023232151 -2.520112e-07)
(2.5856696e-06 0.00017457732 -2.41244e-07)
(-1.6161457e-05 0.00012315782 -2.3042442e-07)
(-2.8081544e-05 8.2070729e-05 -2.196602e-07)
(-3.4817475e-05 4.8615131e-05 -2.0895384e-07)
(-3.7535551e-05 2.3227694e-05 -1.9821625e-07)
(-3.7292421e-05 4.9428098e-06 -1.8729748e-07)
(-3.4885389e-05 -7.8822311e-06 -1.7599345e-07)
(-3.1338056e-05 -1.6641455e-05 -1.6406142e-07)
(-2.7281945e-05 -2.2361684e-05 -1.5122301e-07)
(-2.3089207e-05 -2.5329152e-05 -1.3718902e-07)
(-1.8956232e-05 -2.7427717e-05 -1.2167086e-07)
(-1.4940801e-05 -2.9105111e-05 -1.0443491e-07)
(-1.0978661e-05 -2.9649315e-05 -8.5589401e-08)
(-6.8503208e-06 -3.0988783e-05 -6.6207419e-08)
(-2.1880123e-06 -2.6631145e-05 -4.8976136e-08)
(0.00020111982 0.00025731649 -1.7325974e-07)
(0.00020068927 0.00031663892 -1.9784463e-07)
(0.00019636821 0.0003680118 -2.1560783e-07)
(0.00018675037 0.00040806042 -2.2674751e-07)
(0.00017154097 0.00043779431 -2.3211485e-07)
(0.00015093272 0.00045267341 -2.3284401e-07)
(0.00012469766 0.00045429844 -2.3010342e-07)
(9.8138745e-05 0.00044540126 -2.2493135e-07)
(7.2539724e-05 0.00042572174 -2.1817124e-07)
(4.8686216e-05 0.00039929862 -2.1044508e-07)
(2.7273584e-05 0.00037175964 -2.0217899e-07)
(1.0405576e-05 0.00034631432 -1.9362346e-07)
(-3.3035055e-06 0.00032361323 -1.849056e-07)
(-1.2943804e-05 0.0003027946 -1.76059e-07)
(-1.9100042e-05 0.00028534329 -1.6704078e-07)
(-2.2327868e-05 0.0002710389 -1.5775092e-07)
(-2.3756262e-05 0.00025891668 -1.4804563e-07)
(-2.3358823e-05 0.00024902564 -1.3775201e-07)
(-2.1779185e-05 0.00024078539 -1.2668402e-07)
(-1.9372252e-05 0.00023375287 -1.1467459e-07)
(-1.6398977e-05 0.00022729656 -1.0161063e-07)
(-1.3028997e-05 0.00022114877 -8.7543297e-08)
(-9.412238e-06 0.00021529829 -7.2951222e-08)
(-5.685545e-06 0.00020870487 -5.9248109e-08)
(-1.8691209e-06 0.00019923001 -4.9649189e-08)
(0.00013541252 0.00010552721 -1.3717774e-07)
(0.00013691392 0.00012986368 -1.5606418e-07)
(0.00013930729 0.00015715078 -1.7038693e-07)
(0.00013816664 0.00018123993 -1.8007384e-07)
(0.00013288429 0.00019986285 -1.8553392e-07)
(0.00012294673 0.00021341774 -1.8741212e-07)
(0.00010805109 0.00022041924 -1.8645193e-07)
(9.0963252e-05 0.0002193683 -1.8337302e-07)
(7.2562155e-05 0.00021010662 -1.7879558e-07)
(5.402115e-05 0.00019454108 -1.7320815e-07)
(3.7602846e-05 0.00017446601 -1.6696408e-07)
(2.3307336e-05 0.00015179898 -1.6029524e-07)
(1.1566467e-05 0.00012958431 -1.5333258e-07)
(2.2458685e-06 0.00010802079 -1.4612652e-07)
(-4.947201e-06 8.8299199e-05 -1.3866338e-07)
(-1.0087069e-05 7.0885881e-05 -1.3088078e-07)
(-1.3306522e-05 5.5407523e-05 -1.2268166e-07)
(-1.4854994e-05 4.2426677e-05 -1.1394887e-07)
(-1.5038871e-05 3.1530447e-05 -1.0456337e-07)
(-1.4172701e-05 2.2842167e-05 -9.4431375e-08)
(-1.248198e-05 1.6192171e-05 -8.3522014e-08)
(-1.0194416e-05 1.1416485e-05 -7.1944902e-08)
(-7.4997887e-06 8.1415094e-06 -6.009784e-08)
(-4.5825372e-06 8.0004343e-06 -4.8925704e-08)
(-1.5510902e-06 6.6962616e-06 -3.9286934e-08)
(0.00010972383 6.4030347e-06 -1.0743381e-07)
(0.00010630443 1.2410648e-05 -1.2213251e-07)
(0.0001084594 1.872324e-05 -1.3363932e-07)
(0.0001098629 2.729526e-05 -1.4181389e-07)
(0.00010917151 3.5588088e-05 -1.4685677e-07)
(0.00010549254 3.9613806e-05 -1.491625e-07)
(9.8402053e-05 3.8471225e-05 -1.4921548e-07)
(8.8456893e-05 3.386075e-05 -1.4750462e-07)
(7.6618421e-05 2.5442558e-05 -1.4447194e-07)
(6.3902568e-05 1.3185714e-05 -1.4048708e-07)
(5.1083621e-05 -8.3392331e-07 -1.3583008e-07)
(3.8829716e-05 -1.6381718e-05 -1.3069727e-07)
(2.8017142e-05 -3.4784865e-05 -1.2520753e-07)
(1.848169e-05 -5.5194741e-05 -1.1941678e-07)
(1.077188e-05 -7.4342558e-05 -1.1332847e-07)
(4.7382538e-06 -9.1175581e-05 -1.0690659e-07)
(4.2259594e-07 -0.00010607256 -1.0008792e-07)
(-2.7258945e-06 -0.00011894557 -9.279492e-08)
(-4.6019998e-06 -0.00012958647 -8.495043e-08)
(-5.5113925e-06 -0.00013785256 -7.6494922e-08)
(-5.5487433e-06 -0.0001437778 -6.7405037e-08)
(-4.9060568e-06 -0.00014751716 -5.7710487e-08)
(-3.7788017e-06 -0.00014991164 -4.747545e-08)
(-2.3434051e-06 -0.0001431528 -3.6605522e-08)
(-7.8455289e-07 -0.00014471423 -2.3625845e-08)
(0.00010901081 -1.9330778e-05 -8.3247826e-08)
(0.00010324221 -2.0619958e-05 -9.4656782e-08)
(0.00010130611 -2.3185095e-05 -1.0378694e-07)
(0.00010097477 -2.489998e-05 -1.1053018e-07)
(0.0001005765 -2.3859374e-05 -1.1496644e-07)
(9.8853303e-05 -2.1750517e-05 -1.173266e-07)
(9.5313644e-05 -2.2334466e-05 -1.1791479e-07)
(8.9926745e-05 -2.6304891e-05 -1.1706584e-07)
(8.2879349e-05 -3.3663155e-05 -1.1509964e-07)
(7.4513125e-05 -4.3299406e-05 -1.1228756e-07)
(6.5162131e-05 -5.4142569e-05 -1.0884707e-07)
(5.5447301e-05 -6.6460842e-05 -1.0493522e-07)
(4.562624e-05 -7.9607996e-05 -1.0065506e-07)
(3.6338903e-05 -9.2975987e-05 -9.6058565e-08)
(2.8267753e-05 -0.00010666315 -9.1158632e-08)
(2.142866e-05 -0.00012037234 -8.5936614e-08)
(1.573062e-05 -0.00013330284 -8.0352606e-08)
(1.1071163e-05 -0.00014469594 -7.4355115e-08)
(7.3841837e-06 -0.00015398543 -6.7891696e-08)
(4.7502093e-06 -0.00016102043 -6.0916433e-08)
(2.9064705e-06 -0.00016575765 -5.3392974e-08)
(1.6887164e-06 -0.00016835555 -4.5277389e-08)
(9.4157211e-07 -0.00016978901 -3.6450768e-08)
(5.0931275e-07 -0.00016238786 -2.6506002e-08)
(1.9554688e-07 -0.00015930437 -1.4266314e-08)
(0.00011129655 -4.8590596e-06 -6.3850045e-08)
(0.00010513734 -8.0525647e-06 -7.2621522e-08)
(0.00010091005 -1.1718975e-05 -7.975819e-08)
(9.8788554e-05 -1.4593845e-05 -8.5170488e-08)
(9.7541202e-05 -1.5228973e-05 -8.8893169e-08)
(9.624284e-05 -1.5216634e-05 -9.1058938e-08)
(9.4133048e-05 -1.4578951e-05 -9.1864464e-08)
(9.0866553e-05 -1.5549054e-05 -9.1533023e-08)
(8.6350925e-05 -1.8672517e-05 -9.0287725e-08)
(8.0684191e-05 -2.3241824e-05 -8.8324117e-08)
(7.3993288e-05 -2.9863054e-05 -8.5807288e-08)
(6.6533814e-05 -3.7694507e-05 -8.2858923e-08)
(5.8604579e-05 -4.6408408e-05 -7.9561437e-08)
(5.0749898e-05 -5.5647952e-05 -7.5962412e-08)
(4.3011357e-05 -6.5367239e-05 -7.2077394e-08)
(3.5695046e-05 -7.5385992e-05 -6.7898717e-08)
(2.90857e-05 -8.4773195e-05 -6.3401908e-08)
(2.3296634e-05 -9.3091616e-05 -5.8553149e-08)
(1.8274979e-05 -0.00010036483 -5.331502e-08)
(1.4127355e-05 -0.00010631521 -4.7650476e-08)
(1.0640781e-05 -0.00011073369 -4.1518865e-08)
(7.6976659e-06 -0.00011354114 -3.4858073e-08)
(5.1827775e-06 -0.00011545721 -2.7539659e-08)
(2.9594991e-06 -0.00010866883 -1.9282669e-08)
(9.2799026e-07 -0.00010888117 -9.6077527e-09)
(0.0001110314 1.2744898e-05 -4.8409015e-08)
(0.00010392094 1.2509873e-05 -5.5060762e-08)
(9.9200007e-05 1.2391915e-05 -6.0542921e-08)
(9.6272209e-05 1.2019545e-05 -6.4784764e-08)
(9.453831e-05 1.2579676e-05 -6.7796488e-08)
(9.3242319e-05 1.4103566e-05 -6.9655653e-08)
(9.1723812e-05 1.5990303e-05 -7.0486105e-08)
(8.9524218e-05 1.7179931e-05 -7.0436702e-08)
(8.6408785e-05 1.7314555e-05 -6.9660314e-08)
(8.229221e-05 1.6211483e-05 -6.8297213e-08)
(7.7267716e-05 1.3819893e-05 -6.6467348e-08)
(7.154023e-05 1.0304874e-05 -6.4263699e-08)
(6.5238807e-05 5.6167568e-06 -6.1752175e-08)
(5.852132e-05 4.5526803e-08 -5.8971202e-08)
(5.1571634e-05 -6.0210474e-06 -5.5937652e-08)
(4.471772e-05 -1.2555667e-05 -5.2649917e-08)
(3.8165708e-05 -1.9233636e-05 -4.9093485e-08)
(3.2022395e-05 -2.5522828e-05 -4.524612e-08)
(2.6408889e-05 -3.131746e-05 -4.1081805e-08)
(2.122007e-05 -3.6391633e-05 -3.6572503e-08)
(1.6539494e-05 -4.0534007e-05 -3.1685472e-08)
(1.2325211e-05 -4.3685856e-05 -2.6374416e-08)
(8.5079197e-06 -4.6655321e-05 -2.056441e-08)
(4.9160144e-06 -4.0753508e-05 -1.4143724e-08)
(1.4788166e-06 -4.4623025e-05 -6.9941456e-09)
(0.00010623528 2.5449662e-05 -3.6188724e-08)
(9.9785069e-05 2.6520467e-05 -4.1147429e-08)
(9.5129677e-05 2.8722606e-05 -4.5275293e-08)
(9.187305e-05 3.1616258e-05 -4.8517457e-08)
(8.986728e-05 3.3865634e-05 -5.0872779e-08)
(8.8435118e-05 3.6484147e-05 -5.2385907e-08)
(8.7116804e-05 3.9422307e-05 -5.3134915e-08)
(8.5501917e-05 4.2243648e-05 -5.3218084e-08)
(8.3272457e-05 4.4562182e-05 -5.2737081e-08)
(8.0265732e-05 4.6037437e-05 -5.1793856e-08)
(7.6473346e-05 4.6299774e-05 -5.0472819e-08)
(7.1974524e-05 4.552058e-05 -4.8844112e-08)
(6.6847772e-05 4.3894387e-05 -4.6956761e-08)
(6.1226758e-05 4.1577522e-05 -4.4842563e-08)
(5.5273667e-05 3.8228745e-05 -4.2516398e-08)
(4.915224e-05 3.4101199e-05 -3.9979909e-08)
(4.3008142e-05 2.9859017e-05 -3.7225e-08)
(3.6962418e-05 2.5459062e-05 -3.4237706e-08)
(3.1122519e-05 2.1160368e-05 -3.100093e-08)
(2.5538705e-05 1.7200929e-05 -2.7495952e-08)
(2.0270471e-05 1.3663646e-05 -2.3702726e-08)
(1.5324232e-05 1.0691742e-05 -1.9598689e-08)
(1.0703968e-05 7.0497357e-06 -1.5161008e-08)
(6.2327207e-06 1.1847301e-05 -1.0379106e-08)
(1.853251e-06 6.2772296e-06 -5.2410832e-09)
(9.9072918e-05 2.9851771e-05 -2.6590267e-08)
(9.3562327e-05 3.2867218e-05 -3.0219723e-08)
(8.9115308e-05 3.5058939e-05 -3.32642e-08)
(8.5984559e-05 3.8296121e-05 -3.5683207e-08)
(8.3826926e-05 4.2368483e-05 -3.7470152e-08)
(8.2262212e-05 4.5560629e-05 -3.8650127e-08)
(8.0960309e-05 4.9037409e-05 -3.9272557e-08)
(7.9600022e-05 5.2548169e-05 -3.9401176e-08)
(7.7894171e-05 5.5805503e-05 -3.910538e-08)
(7.5655719e-05 5.8668585e-05 -3.845361e-08)
(7.2794179e-05 6.0774408e-05 -3.7506949e-08)
(6.9285251e-05 6.2086615e-05 -3.631584e-08)
(6.5172771e-05 6.2613726e-05 -3.4917918e-08)
(6.0533867e-05 6.2088143e-05 -3.3337507e-08)
(5.5478136e-05 6.074868e-05 -3.1587399e-08)
(5.0092473e-05 5.8956745e-05 -2.967091e-08)
(4.4501772e-05 5.6710939e-05 -2.7584334e-08)
(3.8828371e-05 5.4117906e-05 -2.531935e-08)
(3.3166074e-05 5.1273057e-05 -2.2865445e-08)
(2.7580051e-05 4.8291756e-05 -2.0211945e-08)
(2.2131823e-05 4.5431367e-05 -1.734947e-08)
(1.6856057e-05 4.3066869e-05 -1.4272798e-08)
(1.1769029e-05 3.9315465e-05 -1.0986892e-08)
(6.8829615e-06 4.3127809e-05 -7.5150982e-09)
(2.2088602e-06 3.6991406e-05 -3.8634125e-09)
(9.1137577e-05 2.8894403e-05 -1.9145532e-08)
(8.6394218e-05 3.2202687e-05 -2.1750956e-08)
(8.235807e-05 3.5440608e-05 -2.394833e-08)
(7.9441731e-05 3.8359712e-05 -2.5708223e-08)
(7.7168033e-05 4.1789738e-05 -2.7024009e-08)
(7.5505375e-05 4.5626069e-05 -2.7909397e-08)
(7.4159385e-05 4.9319332e-05 -2.839499e-08)
(7.2874687e-05 5.2918423e-05 -2.8521982e-08)
(7.1433658e-05 5.6443266e-05 -2.8337006e-08)
(6.9655726e-05 5.9897311e-05 -2.788714e-08)
(6.7415561e-05 6.289478e-05 -2.7214874e-08)
(6.4647825e-05 6.5308938e-05 -2.635585e-08)
(6.1347953e-05 6.7100658e-05 -2.5337711e-08)
(5.7546724e-05 6.813072e-05 -2.4179102e-08)
(5.328069e-05 6.8483531e-05 -2.2890642e-08)
(4.8629038e-05 6.8275748e-05 -2.1476147e-08)
(4.3673404e-05 6.7495434e-05 -1.993439e-08)
(3.850828e-05 6.623694e-05 -1.8261151e-08)
(3.3218462e-05 6.4618253e-05 -1.6450682e-08)
(2.7873498e-05 6.2719876e-05 -1.4497768e-08)
(2.2534219e-05 6.0692026e-05 -1.2399749e-08)
(1.7250653e-05 5.879155e-05 -1.015968e-08)
(1.2039356e-05 5.5338548e-05 -7.7910948e-09)
(7.0709979e-06 5.9269905e-05 -5.320757e-09)
(2.395523e-06 5.233794e-05 -2.7601747e-09)
(8.3373898e-05 2.6102951e-05 -1.3479461e-08)
(7.9189555e-05 2.9418644e-05 -1.5311424e-08)
(7.5595736e-05 3.2474851e-05 -1.6861457e-08)
(7.271701e-05 3.5596881e-05 -1.8109772e-08)
(7.0423e-05 3.8789257e-05 -1.9050186e-08)
(6.8664068e-05 4.2233982e-05 -1.9690538e-08)
(6.7241294e-05 4.5955804e-05 -2.004972e-08)
(6.5957966e-05 4.9644995e-05 -2.0154467e-08)
(6.4625195e-05 5.3203387e-05 -2.003566e-08)
(6.3091907e-05 5.6695122e-05 -1.9724927e-08)
(6.1236503e-05 6.0009084e-05 -1.92516e-08)
(5.8983115e-05 6.2948506e-05 -1.8640882e-08)
(5.6289776e-05 6.5431571e-05 -1.7912434e-08)
(5.3146876e-05 6.7393526e-05 -1.708041e-08)
(4.9562677e-05 6.880615e-05 -1.6153306e-08)
(4.5577826e-05 6.9662813e-05 -1.513492e-08)
(4.1250595e-05 6.9967795e-05 -1.4025561e-08)
(3.6648473e-05 6.9770217e-05 -1.2823146e-08)
(3.1842562e-05 6.9131348e-05 -1.1525099e-08)
(2.6899953e-05 6.8111202e-05 -1.0129522e-08)
(2.1882221e-05 6.6795241e-05 -8.6368762e-09)
(1.6844144e-05 6.5313185e-05 -7.0524719e-09)
(1.1833251e-05 6.2228701e-05 -5.3889876e-09)
(6.9658616e-06 6.6395659e-05 -3.6656516e-09)
(2.2805275e-06 5.9202349e-05 -1.8832188e-09)
(7.5933667e-05 2.3817479e-05 -9.2700578e-09)
(7.2185709e-05 2.6986527e-05 -1.0530195e-08)
(6.8940951e-05 2.9926449e-05 -1.1598149e-08)
(6.6133332e-05 3.2885004e-05 -1.2460859e-08)
(6.3833208e-05 3.5953749e-05 -1.3113824e-08)
(6.1979369e-05 3.9154681e-05 -1.3561079e-08)
(6.0457197e-05 4.2505366e-05 -1.3814623e-08)
(5.9117275e-05 4.6057909e-05 -1.3891614e-08)
(5.7808306e-05 4.9646033e-05 -1.3812294e-08)
(5.6394155e-05 5.3150287e-05 -1.359774e-08)
(5.4769368e-05 5.646689e-05 -1.3267977e-08)
(5.2857061e-05 5.9532243e-05 -1.2840484e-08)
(5.0598525e-05 6.2331395e-05 -1.2329273e-08)
(4.7960541e-05 6.4772183e-05 -1.1744564e-08)
(4.4934612e-05 6.6799612e-05 -1.1092964e-08)
(4.1533914e-05 6.8347086e-05 -1.0377922e-08)
(3.7793907e-05 6.9387221e-05 -9.600513e-09)
(3.376183e-05 6.9941755e-05 -8.7602496e-09)
(2.9492231e-05 7.0031563e-05 -7.8561616e-09)
(2.5042562e-05 6.9689604e-05 -6.8878509e-09)
(2.0470928e-05 6.8959675e-05 -5.8568454e-09)
(1.5835237e-05 6.7945864e-05 -4.7679553e-09)
(1.1191318e-05 6.5039303e-05 -3.6305086e-09)
(6.5884625e-06 6.9031267e-05 -2.4569008e-09)
(2.079521e-06 6.2224781e-05 -1.2440061e-09)
(6.8825282e-05 2.236846e-05 -6.2275415e-09)
(6.5428925e-05 2.558496e-05 -7.0742959e-09)
(6.2399785e-05 2.8640529e-05 -7.7925052e-09)
(5.9704877e-05 3.1396153e-05 -8.3734001e-09)
(5.7414135e-05 3.4071032e-05 -8.8137354e-09)
(5.5497973e-05 3.6916535e-05 -9.1160025e-09)
(5.3883172e-05 4.000876e-05 -9.2874488e-09)
(5.2464679e-05 4.3280006e-05 -9.3391326e-09)
(5.1129374e-05 4.6764594e-05 -9.2841889e-09)
(4.9767112e-05 5.0356826e-05 -9.1365292e-09)
(4.8286059e-05 5.3659244e-05 -8.9095764e-09)
(4.6598909e-05 5.6695483e-05 -8.6152722e-09)
(4.4652418e-05 5.9611423e-05 -8.2634111e-09)
(4.2402333e-05 6.2262981e-05 -7.8613476e-09)
(3.9829559e-05 6.4556148e-05 -7.4140989e-09)
(3.6931779e-05 6.6453375e-05 -6.9245695e-09)
(3.3724474e-05 6.7915398e-05 -6.3939964e-09)
(3.0237518e-05 6.8938478e-05 -5.8226486e-09)
(2.6509886e-05 6.9516809e-05 -5.2104236e-09)
(2.2588465e-05 6.9649021e-05 -4.5576227e-09)
(1.8523822e-05 6.9362607e-05 -3.8657614e-09)
(1.4369563e-05 6.8932918e-05 -3.1383681e-09)
(1.0180716e-05 6.6003576e-05 -2.3815223e-09)
(6.0194238e-06 6.9297848e-05 -1.6030189e-09)
(1.9379873e-06 6.3549752e-05 -8.0089547e-10)
(6.197096e-05 2.1818111e-05 -4.0902754e-09)
(5.8796719e-05 2.4625177e-05 -4.6453152e-09)
(5.5969415e-05 2.7297277e-05 -5.1162903e-09)
(5.3399376e-05 3.0058088e-05 -5.4973342e-09)
(5.1149621e-05 3.2823013e-05 -5.7861484e-09)
(4.9207814e-05 3.5669221e-05 -5.9840661e-09)
(4.7530272e-05 3.8600491e-05 -6.0955161e-09)
(4.6048452e-05 4.1694939e-05 -6.1275222e-09)
(4.4677399e-05 4.4858142e-05 -6.0885692e-09)
(4.3335951e-05 4.7916132e-05 -5.9876818e-09)
(4.1941676e-05 5.1083625e-05 -5.8337428e-09)
(4.0414917e-05 5.4221049e-05 -5.6347545e-09)
(3.8700787e-05 5.7185808e-05 -5.3974328e-09)
(3.676132e-05 5.9934431e-05 -5.1269874e-09)
(3.4565595e-05 6.2292404e-05 -4.8270765e-09)
(3.2100456e-05 6.4309944e-05 -4.5000054e-09)
(2.936906e-05 6.5965613e-05 -4.1469973e-09)
(2.6388893e-05 6.7238727e-05 -3.768587e-09)
(2.3185948e-05 6.8086327e-05 -3.3650429e-09)
(1.9797183e-05 6.8473241e-05 -2.9368569e-09)
(1.6264787e-05 6.8421063e-05 -2.4852197e-09)
(1.2636154e-05 6.8081247e-05 -2.012472e-09)
(8.9645717e-06 6.5439942e-05 -1.5223424e-09)
(5.3216311e-06 6.8939988e-05 -1.0197128e-09)
(1.7502474e-06 6.304393e-05 -5.0585151e-10)
(5.5076299e-05 2.0418096e-05 -2.629626e-09)
(5.2391602e-05 2.3310885e-05 -2.9842867e-09)
(4.966507e-05 2.6320491e-05 -3.2853943e-09)
(4.7234045e-05 2.9143484e-05 -3.5289441e-09)
(4.5058072e-05 3.1825443e-05 -3.7132325e-09)
(4.3134923e-05 3.4570749e-05 -3.8389683e-09)
(4.1435816e-05 3.7357083e-05 -3.9088435e-09)
(3.9919501e-05 4.0174149e-05 -3.9271836e-09)
(3.8530327e-05 4.3072875e-05 -3.8993999e-09)
(3.7200771e-05 4.5999698e-05 -3.831295e-09)
(3.5862455e-05 4.8935287e-05 -3.7286163e-09)
(3.4459787e-05 5.1848743e-05 -3.5966442e-09)
(3.2933393e-05 5.4565458e-05 -3.4398937e-09)
(3.1249574e-05 5.7075897e-05 -3.2619455e-09)
(2.9372018e-05 5.94157e-05 -3.0654092e-09)
(2.7283455e-05 6.1476796e-05 -2.8520256e-09)
(2.4978085e-05 6.3198329e-05 -2.6228291e-09)
(2.2463578e-05 6.4578989e-05 -2.3783835e-09)
(1.9759622e-05 6.5543501e-05 -2.1190636e-09)
(1.6891118e-05 6.6039832e-05 -1.845343e-09)
(1.3893347e-05 6.6117296e-05 -1.5580821e-09)
(1.0808828e-05 6.6022702e-05 -1.2587568e-09)
(7.685034e-06 6.3440696e-05 -9.496032e-10)
(4.5684468e-06 6.6548847e-05 -6.3379329e-10)
(1.4996734e-06 6.1314191e-05 -3.1254714e-10)
(4.8280504e-05 1.950569e-05 -1.6566417e-09)
(4.6070774e-05 2.2454464e-05 -1.8774481e-09)
(4.3618259e-05 2.5140358e-05 -2.0650146e-09)
(4.1273394e-05 2.7811654e-05 -2.2166763e-09)
(3.9214006e-05 3.0527841e-05 -2.3311295e-09)
(3.7346486e-05 3.3139121e-05 -2.4087342e-09)
(3.5665788e-05 3.5799807e-05 -2.4511081e-09)
(3.4150259e-05 3.8413487e-05 -2.4608072e-09)
(3.2761033e-05 4.1023686e-05 -2.4411872e-09)
(3.1449309e-05 4.3679416e-05 -2.3959439e-09)
(3.0165937e-05 4.6340004e-05 -2.3287445e-09)
(2.8864089e-05 4.8970266e-05 -2.2429959e-09)
(2.7497634e-05 5.1462036e-05 -2.1416627e-09)
(2.6026189e-05 5.3799376e-05 -2.027148e-09)
(2.4420471e-05 5.5979246e-05 -1.9012507e-09)
(2.2661091e-05 5.7924921e-05 -1.7652198e-09)
(2.0737795e-05 5.9582573e-05 -1.6198581e-09)
(1.8649631e-05 6.0829902e-05 -1.4656607e-09)
(1.6409566e-05 6.1728135e-05 -1.3029792e-09)
(1.4034733e-05 6.22862e-05 -1.1321958e-09)
(1.1553193e-05 6.2415546e-05 -9.5389561e-10)
(8.9989438e-06 6.2258836e-05 -7.6899072e-10)
(6.4090963e-06 6.0128604e-05 -5.7879071e-10)
(3.8184019e-06 6.3713381e-05 -3.8526797e-10)
(1.2632167e-06 5.7834867e-05 -1.8971898e-10)
(4.187394e-05 1.8457786e-05 -1.0233658e-09)
(3.9817834e-05 2.1198512e-05 -1.1572046e-09)
(3.7824917e-05 2.3726375e-05 -1.2709923e-09)
(3.5774497e-05 2.6313993e-05 -1.3629688e-09)
(3.3709636e-05 2.8901037e-05 -1.4322214e-09)
(3.1917724e-05 3.1332937e-05 -1.4787993e-09)
(3.0278827e-05 3.3739549e-05 -1.5036442e-09)
(2.8799466e-05 3.6136134e-05 -1.5083035e-09)
(2.7434862e-05 3.8518097e-05 -1.4947849e-09)
(2.6156221e-05 4.0909952e-05 -1.4653506e-09)
(2.4932276e-05 4.3271915e-05 -1.4222903e-09)
(2.3723563e-05 4.5580074e-05 -1.3677703e-09)
(2.2493629e-05 4.7821074e-05 -1.3036968e-09)
(2.1206387e-05 4.994145e-05 -1.2316332e-09)
(1.9838245e-05 5.189292e-05 -1.1527884e-09)
(1.8367296e-05 5.3619678e-05 -1.0680251e-09)
(1.6782729e-05 5.5097137e-05 -9.7792184e-10)
(1.5079997e-05 5.6271501e-05 -8.82861e-10)
(1.3262221e-05 5.711126e-05 -7.8312755e-10)
(1.1342779e-05 5.7598956e-05 -6.7900542e-10)
(9.3411186e-06 5.7693209e-05 -5.7088146e-10)
(7.2825545e-06 5.762474e-05 -4.5931203e-10)
(5.1901004e-06 5.5745326e-05 -3.4502484e-10)
(3.08557e-06 5.9338968e-05 -2.2922175e-10)
(1.002108e-06 5.358383e-05 -1.1234244e-10)
(3.587606e-05 1.7167488e-05 -6.2006472e-10)
(3.4018465e-05 1.9791922e-05 -6.9883506e-10)
(3.2220823e-05 2.2256147e-05 -7.6592981e-10)
(3.0482792e-05 2.4485194e-05 -8.2018175e-10)
(2.8703267e-05 2.6799479e-05 -8.6096471e-10)
(2.6942483e-05 2.9149751e-05 -8.8816469e-10)
(2.5320944e-05 3.1311366e-05 -9.0226497e-10)
(2.3902979e-05 3.347652e-05 -9.0421196e-10)
(2.2584526e-05 3.5640072e-05 -8.9517826e-10)
(2.1354722e-05 3.7758964e-05 -8.7648805e-10)
(2.020387e-05 3.9822141e-05 -8.4954112e-10)
(1.908945e-05 4.1840295e-05 -8.1568478e-10)
(1.7983637e-05 4.3807156e-05 -7.7610765e-10)
(1.6862601e-05 4.5657645e-05 -7.3179554e-10)
(1.5704242e-05 4.7358568e-05 -6.8353456e-10)
(1.4488401e-05 4.8856134e-05 -6.3190283e-10)
(1.3202238e-05 5.011116e-05 -5.7730381e-10)
(1.1839423e-05 5.1116903e-05 -5.2001558e-10)
(1.0398986e-05 5.1852067e-05 -4.6024676e-10)
(8.8881937e-06 5.2280516e-05 -3.9819403e-10)
(7.3185934e-06 5.234534e-05 -3.3410286e-10)
(5.7054853e-06 5.2274708e-05 -2.6830825e-10)
(4.0619466e-06 5.0557798e-05 -2.0119296e-10)
(2.4062845e-06 5.4095037e-05 -1.3348116e-10)
(7.6719936e-07 4.8576852e-05 -6.5163958e-11)
(3.0346326e-05 1.5770665e-05 -3.6860436e-10)
(2.8702116e-05 1.82036e-05 -4.1333243e-10)
(2.7022813e-05 2.0501101e-05 -4.5158842e-10)
(2.5370689e-05 2.267524e-05 -4.8257525e-10)
(2.3884731e-05 2.4666837e-05 -5.0585454e-10)
(2.2338317e-05 2.6617183e-05 -5.2127093e-10)
(2.0915295e-05 2.8663265e-05 -5.2903835e-10)
(1.9522014e-05 3.0655443e-05 -5.2965935e-10)
(1.8234201e-05 3.2550744e-05 -5.2380977e-10)
(1.7048859e-05 3.4400712e-05 -5.1226711e-10)
(1.5995181e-05 3.6197329e-05 -4.9584633e-10)
(1.4979295e-05 3.7918913e-05 -4.7535001e-10)
(1.3991772e-05 3.9565548e-05 -4.5150186e-10)
(1.302349e-05 4.1119027e-05 -4.2491364e-10)
(1.2054786e-05 4.2547741e-05 -3.9607729e-10)
(1.1064916e-05 4.3798439e-05 -3.6536525e-10)
(1.0040327e-05 4.4856492e-05 -3.3305073e-10)
(8.9737924e-06 4.5711121e-05 -2.9932572e-10)
(7.8628624e-06 4.6319824e-05 -2.6433139e-10)
(6.7097325e-06 4.6647082e-05 -2.2819821e-10)
(5.5191237e-06 4.6668143e-05 -1.9108069e-10)
(4.2965673e-06 4.6560599e-05 -1.531769e-10)
(3.0519707e-06 4.4961459e-05 -1.1468451e-10)
(1.8014399e-06 4.8443102e-05 -7.6081087e-11)
(5.6634941e-07 4.3154356e-05 -3.703113e-11)
(2.5293693e-05 1.4337692e-05 -2.1517116e-10)
(2.3844069e-05 1.6565173e-05 -2.3931495e-10)
(2.2340509e-05 1.8660959e-05 -2.6014862e-10)
(2.0831769e-05 2.063288e-05 -2.771087e-10)
(1.9356063e-05 2.2505658e-05 -2.8985742e-10)
(1.803398e-05 2.4306972e-05 -2.9825388e-10)
(1.6782196e-05 2.5954075e-05 -3.0236725e-10)
(1.5525681e-05 2.7629027e-05 -3.0242255e-10)
(1.4396542e-05 2.9323162e-05 -2.9877142e-10)
(1.3364905e-05 3.0934536e-05 -2.9185743e-10)
(1.2343413e-05 3.2489282e-05 -2.8214517e-10)
(1.1401813e-05 3.3908574e-05 -2.7008353e-10)
(1.0514e-05 3.5268497e-05 -2.5610266e-10)
(9.6861459e-06 3.6551937e-05 -2.4057534e-10)
(8.8946582e-06 3.7714747e-05 -2.2380056e-10)
(8.1034421e-06 3.8739747e-05 -2.0601038e-10)
(7.3055312e-06 3.9605279e-05 -1.8737564e-10)
(6.4946711e-06 4.0282843e-05 -1.6802028e-10)
(5.666313e-06 4.0751084e-05 -1.4803993e-10)
(4.8192766e-06 4.0988446e-05 -1.2752045e-10)
(3.9546247e-06 4.0967724e-05 -1.0655828e-10)
(3.0725561e-06 4.0885353e-05 -8.5271562e-11)
(2.1765229e-06 3.9313001e-05 -6.3746411e-11)
(1.2790481e-06 4.2567024e-05 -4.2328851e-11)
(3.9687812e-07 3.7755085e-05 -2.0511605e-11)
(2.0722437e-05 1.290145e-05 -1.2364539e-10)
(1.9450752e-05 1.4915665e-05 -1.3558972e-10)
(1.8120716e-05 1.6804588e-05 -1.4609597e-10)
(1.6775979e-05 1.8574466e-05 -1.5477311e-10)
(1.5454522e-05 2.0256628e-05 -1.61345e-10)
(1.4194396e-05 2.1861094e-05 -1.6565701e-10)
(1.2982108e-05 2.3393758e-05 -1.6768877e-10)
(1.1908075e-05 2.4770198e-05 -1.6751686e-10)
(1.0927142e-05 2.61621e-05 -1.6531524e-10)
(1.0020206e-05 2.7457252e-05 -1.6130798e-10)
(9.1213077e-06 2.8662785e-05 -1.5575324e-10)
(8.3178027e-06 2.9890318e-05 -1.488953e-10)
(7.5966453e-06 3.1028506e-05 -1.4096848e-10)
(6.9018226e-06 3.2093086e-05 -1.3219025e-10)
(6.2295962e-06 3.3025746e-05 -1.2273653e-10)
(5.5968006e-06 3.3833182e-05 -1.1274659e-10)
(4.9891028e-06 3.4505323e-05 -1.0232243e-10)
(4.3940595e-06 3.5021403e-05 -9.1541714e-11)
(3.8019616e-06 3.537434e-05 -8.0466913e-11)
(3.2104674e-06 3.5545392e-05 -6.9152879e-11)
(2.622447e-06 3.5512773e-05 -5.7660448e-11)
(2.0342903e-06 3.5470408e-05 -4.6060178e-11)
(1.4434711e-06 3.387608e-05 -3.4378477e-11)
(8.4332861e-07 3.6731971e-05 -2.2896831e-11)
(2.3422939e-07 3.2633734e-05 -1.1070786e-11)
(1.6632562e-05 1.1485813e-05 -7.0347473e-11)
(1.5523347e-05 1.3275398e-05 -7.5217922e-11)
(1.4356071e-05 1.4956645e-05 -7.9723877e-11)
(1.3168838e-05 1.6522622e-05 -8.3598554e-11)
(1.1995285e-05 1.8007784e-05 -8.6604951e-11)
(1.0862913e-05 1.9398598e-05 -8.8569685e-11)
(9.7883865e-06 2.0703802e-05 -8.9430258e-11)
(8.8003467e-06 2.1901273e-05 -8.9184661e-11)
(7.8702989e-06 2.3033028e-05 -8.7896413e-11)
(7.0145443e-06 2.409237e-05 -8.5668289e-11)
(6.2901854e-06 2.5131834e-05 -8.2624832e-11)
(5.6318575e-06 2.6131447e-05 -7.8890502e-11)
(5.0438736e-06 2.7007829e-05 -7.4586856e-11)
(4.4859379e-06 2.7791653e-05 -6.9828472e-11)
(3.9597104e-06 2.8506239e-05 -6.4713067e-11)
(3.4870829e-06 2.9137689e-05 -5.9320336e-11)
(3.0558605e-06 2.9642224e-05 -5.3711013e-11)
(2.6557507e-06 3.0018145e-05 -4.7933431e-11)
(2.2782189e-06 3.0267273e-05 -4.202619e-11)
(1.9110771e-06 3.0375838e-05 -3.6023036e-11)
(1.5414567e-06 3.0329895e-05 -2.9962677e-11)
(1.1720208e-06 3.0288765e-05 -2.3887046e-11)
(8.11698e-07 2.8753783e-05 -1.7794323e-11)
(4.7522767e-07 3.130051e-05 -1.1926501e-11)
(1.5627516e-07 2.7800036e-05 -5.7729455e-12)
(1.3018726e-05 1.0122513e-05 -4.0125288e-11)
(1.2056879e-05 1.1672775e-05 -4.099114e-11)
(1.1039853e-05 1.3134249e-05 -4.210203e-11)
(1.0000681e-05 1.4495167e-05 -4.3236501e-11)
(8.9690458e-06 1.5774466e-05 -4.4197132e-11)
(7.9696853e-06 1.6958478e-05 -4.482017e-11)
(7.0218085e-06 1.8058273e-05 -4.5021927e-11)
(6.1408449e-06 1.907904e-05 -4.4758357e-11)
(5.3262254e-06 2.002806e-05 -4.4028216e-11)
(4.5892961e-06 2.0914931e-05 -4.2857446e-11)
(3.9413842e-06 2.171232e-05 -4.1289337e-11)
(3.3638612e-06 2.2447978e-05 -3.9380064e-11)
(2.8453577e-06 2.3154009e-05 -3.718241e-11)
(2.4118119e-06 2.3770846e-05 -3.475199e-11)
(2.0491377e-06 2.4299458e-05 -3.214224e-11)
(1.7305291e-06 2.4756231e-05 -2.9394477e-11)
(1.4540666e-06 2.5116146e-05 -2.654305e-11)
(1.2154172e-06 2.5373158e-05 -2.3616341e-11)
(1.0087112e-06 2.5518223e-05 -2.0637529e-11)
(8.2198926e-07 2.5524621e-05 -1.7627931e-11)
(6.4185021e-07 2.5391754e-05 -1.461316e-11)
(4.6946656e-07 2.525375e-05 -1.1619638e-11)
(3.1226329e-07 2.3916585e-05 -8.6294813e-12)
(1.8408318e-07 2.6751256e-05 -5.8614177e-12)
(8.3680256e-08 2.3052539e-05 -2.8076807e-12)
(9.8687117e-06 8.8101915e-06 -2.350966e-11)
(9.039357e-06 1.011958e-05 -2.2181961e-11)
(8.1596245e-06 1.1373458e-05 -2.1424792e-11)
(7.257883e-06 1.2530505e-05 -2.1029545e-11)
(6.3600472e-06 1.3609161e-05 -2.0837601e-11)
(5.4886948e-06 1.4606225e-05 -2.070602e-11)
(4.661899e-06 1.5521381e-05 -2.0533084e-11)
(3.8931722e-06 1.6365202e-05 -2.0256195e-11)
(3.190169e-06 1.7137823e-05 -1.9836653e-11)
(2.5606039e-06 1.7840874e-05 -1.9257793e-11)
(2.0097738e-06 1.8472814e-05 -1.8521024e-11)
(1.5318685e-06 1.9049709e-05 -1.7639947e-11)
(1.1257447e-06 1.9550485e-05 -1.6630979e-11)
(7.9463553e-07 1.998252e-05 -1.5513971e-11)
(5.3188576e-07 2.0365188e-05 -1.4311147e-11)
(3.2548291e-07 2.0680235e-05 -1.3043473e-11)
(1.6853513e-07 2.0918683e-05 -1.1729908e-11)
(5.3956746e-08 2.1068088e-05 -1.0385837e-11)
(-2.5731641e-08 2.1127114e-05 -9.0250337e-12)
(-7.3832503e-08 2.1080633e-05 -7.6615109e-12)
(-9.0399728e-08 2.0916872e-05 -6.3125438e-12)
(-8.368115e-08 2.0765274e-05 -4.9965784e-12)
(-6.2306223e-08 1.9520982e-05 -3.6857505e-12)
(-4.1724659e-08 2.2283758e-05 -2.5853123e-12)
(-2.8056105e-08 1.8837418e-05 -1.2058943e-12)
(7.1631971e-06 7.5537509e-06 -1.4706505e-11)
(6.4520639e-06 8.6348437e-06 -1.224884e-11)
(5.696107e-06 9.7011061e-06 -1.0517605e-11)
(4.9200075e-06 1.0675397e-05 -9.3086526e-12)
(4.1464286e-06 1.1569654e-05 -8.4863329e-12)
(3.3955241e-06 1.2391344e-05 -7.9295295e-12)
(2.6838267e-06 1.3134459e-05 -7.5329166e-12)
(2.0243565e-06 1.3808206e-05 -7.2262276e-12)
(1.4266093e-06 1.4413586e-05 -6.9539761e-12)
(8.9768746e-07 1.4952728e-05 -6.6798155e-12)
(4.41854e-07 1.5430592e-05 -6.3824591e-12)
(5.8971584e-08 1.5851611e-05 -6.0512851e-12)
(-2.5084538e-07 1.6210099e-05 -5.682247e-12)
(-4.8883568e-07 1.6514052e-05 -5.2760594e-12)
(-6.588135e-07 1.6770366e-05 -4.8374921e-12)
(-7.679571e-07 1.6960202e-05 -4.3725983e-12)
(-8.2271785e-07 1.7087443e-05 -3.8891531e-12)
(-8.2969936e-07 1.7153927e-05 -3.3960331e-12)
(-7.9532434e-07 1.7151558e-05 -2.9025992e-12)
(-7.249755e-07 1.7081453e-05 -2.418463e-12)
(-6.2396342e-07 1.6922351e-05 -1.9549877e-12)
(-5.0079434e-07 1.6824316e-05 -1.5271456e-12)
(-3.6408103e-07 1.5578306e-05 -1.1010297e-12)
(-2.2465209e-07 1.8019409e-05 -8.6857578e-13)
(-8.6787944e-08 1.5195027e-05 -3.6831318e-13)
(4.876994e-06 6.3557208e-06 -1.0291834e-11)
(4.2704789e-06 7.2555905e-06 -7.3208471e-12)
(3.6249957e-06 8.1373009e-06 -5.1125411e-12)
(2.9621992e-06 8.9451123e-06 -3.4970983e-12)
(2.302395e-06 9.6786945e-06 -2.3453275e-12)
(1.6627672e-06 1.0336457e-05 -1.5449868e-12)
(1.0581847e-06 1.0921904e-05 -1.0061731e-12)
(5.0102857e-07 1.1441864e-05 -6.5652262e-13)
(9.5152823e-10 1.1898152e-05 -4.3555622e-13)
(-4.3494872e-07 1.2295564e-05 -2.9834146e-13)
(-8.0218174e-07 1.2636879e-05 -2.1104603e-13)
(-1.0988732e-06 1.2925313e-05 -1.505193e-13)
(-1.3246545e-06 1.3163373e-05 -1.0165464e-13)
(-1.4808029e-06 1.3352148e-05 -5.4980919e-14)
(-1.5703433e-06 1.3494879e-05 -6.6557567e-15)
(-1.5981758e-06 1.3600434e-05 4.2965654e-14)
(-1.5699844e-06 1.3659785e-05 9.572944e-14)
(-1.491659e-06 1.3662853e-05 1.494489e-13)
(-1.3694674e-06 1.3617943e-05 1.962881e-13)
(-1.209628e-06 1.3520734e-05 2.2957598e-13)
(-1.0188793e-06 1.3368592e-05 2.4076008e-13)
(-8.0522951e-07 1.3352338e-05 2.1720368e-13)
(-5.7756613e-07 1.2079636e-05 1.956956e-13)
(-3.4804048e-07 1.4223238e-05 -3.3032461e-15)
(-1.1797319e-07 1.1920249e-05 5.2239148e-14)
(2.9777241e-06 5.2350773e-06 -8.3114712e-12)
(2.4644482e-06 5.9894868e-06 -5.1414205e-12)
(1.9181104e-06 6.6956273e-06 -2.7281086e-12)
(1.3572333e-06 7.3498342e-06 -9.2034998e-13)
(7.9948406e-07 7.937337e-06 4.0187998e-13)
(2.6011319e-07 8.4544259e-06 1.3329278e-12)
(-2.4728411e-07 8.9029847e-06 1.9634136e-12)
(-7.1117574e-07 9.2851039e-06 2.3640579e-12)
(-1.122363e-06 9.6138086e-06 2.586591e-12)
(-1.473899e-06 9.8915634e-06 2.6804481e-12)
(-1.7610171e-06 1.0118302e-05 2.6858417e-12)
(-1.981269e-06 1.029813e-05 2.6315596e-12)
(-2.1340564e-06 1.0436227e-05 2.5379963e-12)
(-2.2202773e-06 1.053294e-05 2.4198916e-12)
(-2.2423567e-06 1.0589174e-05 2.2868925e-12)
(-2.2041203e-06 1.0610769e-05 2.1440912e-12)
(-2.1103883e-06 1.060271e-05 1.9932137e-12)
(-1.9666382e-06 1.0565742e-05 1.8338256e-12)
(-1.7788866e-06 1.0493142e-05 1.6645461e-12)
(-1.5535258e-06 1.0376417e-05 1.4813943e-12)
(-1.2973579e-06 1.0214524e-05 1.2760888e-12)
(-1.0176202e-06 1.0148749e-05 1.0389804e-12)
(-7.2363656e-07 9.1189472e-06 8.045123e-13)
(-4.3161242e-07 1.1378629e-05 4.0535316e-13)
(-1.4094584e-07 8.936219e-06 2.5037624e-13)
(1.4270377e-06 4.2310899e-06 -7.6900603e-12)
(9.9682636e-07 4.8420586e-06 -4.4640146e-12)
(5.3935664e-07 5.385655e-06 -1.9709856e-12)
(6.986246e-08 5.9047232e-06 -7.5361163e-14)
(-3.9735847e-07 6.3634872e-06 1.3361906e-12)
(-8.4755929e-07 6.7450937e-06 2.349248e-12)
(-1.2679734e-06 7.0732055e-06 3.0444707e-12)
(-1.6480702e-06 7.3465445e-06 3.490416e-12)
(-1.9794235e-06 7.570287e-06 3.7399433e-12)
(-2.2555812e-06 7.7478874e-06 3.840918e-12)
(-2.4719543e-06 7.8822952e-06 3.8327253e-12)
(-2.6259367e-06 7.9758788e-06 3.7465474e-12)
(-2.7166181e-06 8.0332126e-06 3.6060463e-12)
(-2.7445321e-06 8.0576776e-06 3.4285413e-12)
(-2.7116292e-06 8.0509816e-06 3.2264244e-12)
(-2.6211144e-06 8.015832e-06 3.0074114e-12)
(-2.4772235e-06 7.9572015e-06 2.7747358e-12)
(-2.2850249e-06 7.8766264e-06 2.5296865e-12)
(-2.0502644e-06 7.7736189e-06 2.271721e-12)
(-1.7792518e-06 7.6466076e-06 1.9975369e-12)
(-1.478747e-06 7.495959e-06 1.7006114e-12)
(-1.155923e-06 7.4292511e-06 1.3749639e-12)
(-8.1924484e-07 6.5828242e-06 1.0517673e-12)
(-4.9004796e-07 8.8930636e-06 5.7431099e-13)
(-1.6531681e-07 6.4342143e-06 3.3010712e-13)
(1.8633279e-07 3.3625159e-06 -7.7763944e-12)
(-1.7197432e-07 3.8472396e-06 -4.5783692e-12)
(-5.5229131e-07 4.2606424e-06 -2.0726905e-12)
(-9.4185879e-07 4.6230412e-06 -1.3845351e-13)
(-1.3282995e-06 4.9364347e-06 1.3251226e-12)
(-1.6985356e-06 5.2182035e-06 2.396743e-12)
(-2.0411156e-06 5.4495813e-06 3.1457969e-12)
(-2.3465261e-06 5.631586e-06 3.6381084e-12)
(-2.6070877e-06 5.7692703e-06 3.9263941e-12)
(-2.8169568e-06 5.8679941e-06 4.0577185e-12)
(-2.9720908e-06 5.9298251e-06 4.0710083e-12)
(-3.0697912e-06 5.9546085e-06 3.9968375e-12)
(-3.1087527e-06 5.9476589e-06 3.8600057e-12)
(-3.0891992e-06 5.9163552e-06 3.6785201e-12)
(-3.0127434e-06 5.8624862e-06 3.4659524e-12)
(-2.8822031e-06 5.7886297e-06 3.2312071e-12)
(-2.7013966e-06 5.6987011e-06 2.9791148e-12)
(-2.4750129e-06 5.5947092e-06 2.7121779e-12)
(-2.2085059e-06 5.4779763e-06 2.4304936e-12)
(-1.9080111e-06 5.3480899e-06 2.1317402e-12)
(-1.5802677e-06 5.2086868e-06 1.8106376e-12)
(-1.2326475e-06 5.1535299e-06 1.4625849e-12)
(-8.7315999e-07 4.4191917e-06 1.1151905e-12)
(-5.2165327e-07 6.6657707e-06 6.2331042e-13)
(-1.7443875e-07 4.3376505e-06 3.5236812e-13)
(-7.7883099e-07 2.5979596e-06 -8.2050796e-12)
(-1.0757349e-06 2.9613278e-06 -5.0704518e-12)
(-1.3907538e-06 3.247226e-06 -2.5861852e-12)
(-1.711893e-06 3.5087715e-06 -6.4317694e-13)
(-2.0273588e-06 3.7306887e-06 8.4634118e-13)
(-2.3269784e-06 3.915727e-06 1.9568991e-12)
(-2.6012022e-06 4.0570446e-06 2.7539813e-12)
(-2.8415791e-06 4.1570451e-06 3.2967819e-12)
(-3.0411005e-06 4.2225724e-06 3.6330919e-12)
(-3.1943605e-06 4.2508833e-06 3.807063e-12)
(-3.2975781e-06 4.2442668e-06 3.85847e-12)
(-3.3481561e-06 4.2145747e-06 3.8176825e-12)
(-3.3447798e-06 4.1631484e-06 3.7090373e-12)
(-3.287537e-06 4.0915225e-06 3.5511125e-12)
(-3.177798e-06 4.0053431e-06 3.3571026e-12)
(-3.0180624e-06 3.9076613e-06 3.1368022e-12)
(-2.8117901e-06 3.7999247e-06 2.8966253e-12)
(-2.5633008e-06 3.6864292e-06 2.6395291e-12)
(-2.2776961e-06 3.5678763e-06 2.3663809e-12)
(-1.9608027e-06 3.4436366e-06 2.0757351e-12)
(-1.6191623e-06 3.3218007e-06 1.7629558e-12)
(-1.2600162e-06 3.2861612e-06 1.4241639e-12)
(-8.9049287e-07 2.6292156e-06 1.0855029e-12)
(-5.3088242e-07 4.748562e-06 6.1160213e-13)
(-1.769906e-07 2.6181998e-06 3.4260709e-13)
(-1.5009607e-06 1.9228138e-06 -8.7487543e-12)
(-1.7455255e-06 2.1821349e-06 -5.70215e-12)
(-2.0044898e-06 2.3818811e-06 -3.2611827e-12)
(-2.2668451e-06 2.5555583e-06 -1.3325345e-12)
(-2.5222916e-06 2.699441e-06 1.6439861e-13)
(-2.7622606e-06 2.8067996e-06 1.3014203e-12)
(-2.9787018e-06 2.8749423e-06 2.1384158e-12)
(-3.1642728e-06 2.9077653e-06 2.7278705e-12)
(-3.3127281e-06 2.9082722e-06 3.1150318e-12)
(-3.4190556e-06 2.8814225e-06 3.3387381e-12)
(-3.4794914e-06 2.8310416e-06 3.4356263e-12)
(-3.4917504e-06 2.7616786e-06 3.4366067e-12)
(-3.4548572e-06 2.6764991e-06 3.3660961e-12)
(-3.3689373e-06 2.5773338e-06 3.2433137e-12)
(-3.2352054e-06 2.4689991e-06 3.0817934e-12)
(-3.0558834e-06 2.3549798e-06 2.8913085e-12)
(-2.8341104e-06 2.2378881e-06 2.6784122e-12)
(-2.5738263e-06 2.1213098e-06 2.446637e-12)
(-2.2796914e-06 2.0081301e-06 2.1973786e-12)
(-1.957024e-06 1.897644e-06 1.9300035e-12)
(-1.6117685e-06 1.7900319e-06 1.6408991e-12)
(-1.2505914e-06 1.7708509e-06 1.3265188e-12)
(-8.8004626e-07 1.1888123e-06 1.0110401e-12)
(-5.2398027e-07 3.1546346e-06 5.706418e-13)
(-1.7484494e-07 1.2494629e-06 3.1753279e-13)
(-2.0155986e-06 1.3546133e-06 -9.3334385e-12)
(-2.2159015e-06 1.5285639e-06 -6.377589e-12)
(-2.4268428e-06 1.6592037e-06 -3.9873795e-12)
(-2.6390071e-06 1.7612245e-06 -2.0806897e-12)
(-2.8443249e-06 1.8321348e-06 -5.7984346e-13)
(-3.034861e-06 1.8726378e-06 5.7794856e-13)
(-3.2034217e-06 1.8866242e-06 1.446108e-12)
(-3.3435905e-06 1.8705326e-06 2.0739507e-12)
(-3.4499137e-06 1.8267474e-06 2.5050721e-12)
(-3.5179398e-06 1.7586723e-06 2.7771574e-12)
(-3.5442777e-06 1.6727889e-06 2.9222035e-12)
(-3.5269162e-06 1.5748525e-06 2.9684771e-12)
(-3.4650392e-06 1.466331e-06 2.9406764e-12)
(-3.3588318e-06 1.3491223e-06 2.8580465e-12)
(-3.2094309e-06 1.2276382e-06 2.7343365e-12)
(-3.0188734e-06 1.1054297e-06 2.5794318e-12)
(-2.7900153e-06 9.8592934e-07 2.3999579e-12)
(-2.5264103e-06 8.7244226e-07 2.1999496e-12)
(-2.2321961e-06 7.6781464e-07 1.9813706e-12)
(-1.9119884e-06 6.7030122e-07 1.7443011e-12)
(-1.5707687e-06 5.7527784e-07 1.4861236e-12)
(-1.2141818e-06 5.7801466e-07 1.2027466e-12)
(-8.4819556e-07 5.8871829e-08 9.1762575e-13)
(-5.0551838e-07 1.8454206e-06 5.1865693e-13)
(-1.7077579e-07 1.6439391e-07 2.8778533e-13)
(-2.3592778e-06 8.9015702e-07 -9.9206227e-12)
(-2.5222858e-06 1.0008011e-06 -7.0537117e-12)
(-2.693859e-06 1.0713114e-06 -4.7118302e-12)
(-2.8639167e-06 1.1090568e-06 -2.8240205e-12)
(-3.0271045e-06 1.1253314e-06 -1.3227268e-12)
(-3.1764683e-06 1.1179112e-06 -1.5012004e-13)
(-3.3054445e-06 1.0879401e-06 7.4419166e-13)
(-3.4083354e-06 1.0331103e-06 1.4057474e-12)
(-3.4804045e-06 9.5815301e-07 1.8749274e-12)
(-3.5178092e-06 8.655405e-07 2.1883387e-12)
(-3.5177653e-06 7.5847021e-07 2.3773756e-12)
(-3.4784742e-06 6.3925168e-07 2.4693467e-12)
(-3.399128e-06 5.127862e-07 2.4860871e-12)
(-3.2798988e-06 3.8474157e-07 2.4449777e-12)
(-3.1218616e-06 2.5744179e-07 2.3602927e-12)
(-2.926915e-06 1.3384911e-07 2.2422987e-12)
(-2.6976627e-06 1.7187992e-08 2.0980113e-12)
(-2.4372629e-06 -8.963086e-08 1.931955e-12)
(-2.1493032e-06 -1.8255675e-07 1.7464691e-12)
(-1.8376398e-06 -2.658153e-07 1.542343e-12)
(-1.5061175e-06 -3.5524308e-07 1.3180736e-12)
(-1.1587729e-06 -3.2745548e-07 1.0680676e-12)
(-7.9827052e-07 -7.997566e-07 8.1707103e-13)
(-4.7785823e-07 7.9105904e-07 4.6320381e-13)
(-1.6910393e-07 -6.6576172e-07 2.5710342e-13)
(-2.5668127e-06 5.2137217e-07 -1.0484082e-11)
(-2.6982197e-06 5.8321731e-07 -7.6903612e-12)
(-2.8360262e-06 6.0311479e-07 -5.3918807e-12)
(-2.9719881e-06 5.8740164e-07 -3.5245262e-12)
(-3.1006744e-06 5.6346492e-07 -2.0267017e-12)
(-3.2162145e-06 5.2139232e-07 -8.4507428e-13)
(-3.3129089e-06 4.6226131e-07 6.7073238e-14)
(-3.3857165e-06 3.8255187e-07 7.5481047e-13)
(-3.4306729e-06 2.8591098e-07 1.257304e-12)
(-3.4443979e-06 1.7623946e-07 1.608228e-12)
(-3.4245525e-06 5.6444646e-08 1.8371386e-12)
(-3.3696025e-06 -7.1282522e-08 1.9697355e-12)
(-3.2788512e-06 -2.0336171e-07 2.0270185e-12)
(-3.1524241e-06 -3.3559586e-07 2.0258081e-12)
(-2.9913119e-06 -4.6422443e-07 1.9795036e-12)
(-2.7972658e-06 -5.8523715e-07 1.8981264e-12)
(-2.5726646e-06 -6.9614026e-07 1.7890874e-12)
(-2.320323e-06 -7.9472524e-07 1.6573172e-12)
(-2.0433701e-06 -8.781187e-07 1.5055673e-12)
(-1.7450899e-06 -9.4825625e-07 1.3349866e-12)
(-1.4283075e-06 -1.0185457e-06 1.1446734e-12)
(-1.0951529e-06 -9.7073564e-07 9.2904005e-13)
(-7.3381954e-07 -1.4215249e-06 7.1373996e-13)
(-4.4790868e-07 -2.1690019e-08 4.0482075e-13)
(-1.7368568e-07 -1.273829e-06 2.2601441e-13)
(-2.6677295e-06 2.4661361e-07 -1.1008276e-11)
(-2.7734643e-06 2.6415856e-07 -8.279086e-12)
(-2.8820397e-06 2.4472245e-07 -6.0221455e-12)
(-2.9904495e-06 1.951176e-07 -4.1775853e-12)
(-3.0914942e-06 1.445327e-07 -2.6870695e-12)
(-3.1798344e-06 7.324794e-08 -1.4985517e-12)
(-3.2506704e-06 -1.048952e-08 -5.7037544e-13)
(-3.2998757e-06 -1.0496366e-07 1.3965837e-13)
(-3.3238816e-06 -2.1407376e-07 6.7034177e-13)
(-3.3198538e-06 -3.3282237e-07 1.0534869e-12)
(-3.2857664e-06 -4.5823301e-07 1.3171026e-12)
(-3.220341e-06 -5.8724556e-07 1.4852808e-12)
(-3.1230535e-06 -7.1644848e-07 1.5781062e-12)
(-2.9939837e-06 -8.4298603e-07 1.6121568e-12)
(-2.8340264e-06 -9.6455684e-07 1.6008459e-12)
(-2.6447602e-06 -1.078572e-06 1.5542805e-12)
(-2.4283924e-06 -1.1825724e-06 1.479681e-12)
(-2.1875336e-06 -1.2733299e-06 1.3817469e-12)
(-1.9251118e-06 -1.3476159e-06 1.2633382e-12)
(-1.6443621e-06 -1.4041497e-06 1.1259104e-12)
(-1.3476858e-06 -1.4524463e-06 9.6919153e-13)
(-1.0426218e-06 -1.382557e-06 7.8854321e-13)
(-6.9024961e-07 -1.8194601e-06 6.0821236e-13)
(-4.2807996e-07 -6.1728206e-07 3.4327968e-13)
(-1.6224157e-07 -1.6374168e-06 1.9236205e-13)
(-2.6873394e-06 3.9825215e-08 -1.1466683e-11)
(-2.7727843e-06 2.2466563e-08 -8.8052456e-12)
(-2.8592927e-06 -1.6817256e-08 -6.5936808e-12)
(-2.9448725e-06 -7.9100843e-08 -4.7743556e-12)
(-3.023471e-06 -1.5072539e-07 -3.2938173e-12)
(-3.0901295e-06 -2.3857108e-07 -2.1037583e-12)
(-3.1406555e-06 -3.3547152e-07 -1.1645493e-12)
(-3.1716727e-06 -4.3880299e-07 -4.3676786e-13)
(-3.1799633e-06 -5.5254479e-07 1.1631599e-13)
(-3.1631083e-06 -6.726821e-07 5.2552554e-13)
(-3.11938e-06 -7.9688371e-07 8.1813129e-13)
(-3.0476635e-06 -9.2233123e-07 1.0172421e-12)
(-2.947676e-06 -1.0459289e-06 1.1420511e-12)
(-2.8195018e-06 -1.1651819e-06 1.2086145e-12)
(-2.6639135e-06 -1.2780045e-06 1.2299252e-12)
(-2.4821727e-06 -1.3821471e-06 1.2157991e-12)
(-2.2762279e-06 -1.4751422e-06 1.1732263e-12)
(-2.0487236e-06 -1.5547558e-06 1.1071274e-12)
(-1.8029011e-06 -1.6186354e-06 1.0206998e-12)
(-1.5418703e-06 -1.6646228e-06 9.1566086e-13)
(-1.2690478e-06 -1.7031576e-06 7.9210115e-13)
(-9.8778709e-07 -1.6136669e-06 6.4641543e-13)
(-7.0074516e-07 -2.0212795e-06 5.0067794e-13)
(-4.182658e-07 -9.9551927e-07 2.7949678e-13)
(-1.3116118e-07 -1.836002e-06 1.5870353e-13)
(-2.6506717e-06 -9.5594872e-08 -1.1862311e-11)
(-2.7196093e-06 -1.3470312e-07 -9.2571506e-12)
(-2.7894445e-06 -1.8673169e-07 -7.0870609e-12)
(-2.8569091e-06 -2.5430806e-07 -5.2951154e-12)
(-2.9175952e-06 -3.3272732e-07 -3.8308605e-12)
(-2.9672114e-06 -4.2576488e-07 -2.6479048e-12)
(-3.0020989e-06 -5.2768222e-07 -1.7064111e-12)
(-3.0192632e-06 -6.3246473e-07 -9.691686e-13)
(-3.016279e-06 -7.4333554e-07 -4.0144796e-13)
(-2.9907707e-06 -8.5882631e-07 2.6997428e-14)
(-2.9412638e-06 -9.7652449e-07 3.426177e-13)
(-2.8665212e-06 -1.0939967e-06 5.6756468e-13)
(-2.766499e-06 -1.2087475e-06 7.2015501e-13)
(-2.6421877e-06 -1.3184918e-06 8.1581276e-13)
(-2.4940315e-06 -1.4205419e-06 8.6684705e-13)
(-2.3227062e-06 -1.5124519e-06 8.8258817e-13)
(-2.129383e-06 -1.5929837e-06 8.6990054e-13)
(-1.9165735e-06 -1.6617108e-06 8.3381845e-13)
(-1.6876279e-06 -1.7160327e-06 7.7778509e-13)
(-1.4457637e-06 -1.7540894e-06 7.0387011e-13)
(-1.1957019e-06 -1.7787326e-06 6.12558e-13)
(-9.3714894e-07 -1.7095587e-06 5.0119535e-13)
(-7.1707428e-07 -2.0606271e-06 3.8956831e-13)
(-4.0330155e-07 -1.1530893e-06 2.1231901e-13)
(-9.9006341e-08 -1.8886197e-06 1.2185924e-13)
(-2.5803218e-06 -1.6788817e-07 -1.2159196e-11)
(-2.6363821e-06 -2.1576141e-07 -9.5947843e-12)
(-2.6926645e-06 -2.6989467e-07 -7.4634041e-12)
(-2.7461389e-06 -3.3879601e-07 -5.7057038e-12)
(-2.7930348e-06 -4.2046113e-07 -4.2690942e-12)
(-2.8295829e-06 -5.0242368e-07 -3.1078842e-12)
(-2.852618e-06 -5.9374391e-07 -2.1781958e-12)
(-2.8596532e-06 -6.9583771e-07 -1.4428213e-12)
(-2.8487854e-06 -8.0090082e-07 -8.7030928e-13)
(-2.8189546e-06 -9.0813564e-07 -4.3133904e-13)
(-2.7682634e-06 -1.0143194e-06 -1.003751e-13)
(-2.695555e-06 -1.1185873e-06 1.4391218e-13)
(-2.5994277e-06 -1.2214713e-06 3.1883192e-13)
(-2.4806927e-06 -1.3204425e-06 4.3891649e-13)
(-2.3400255e-06 -1.4102429e-06 5.1571248e-13)
(-2.178508e-06 -1.4875673e-06 5.579956e-13)
(-1.9974327e-06 -1.5530999e-06 5.7241001e-13)
(-1.7987503e-06 -1.6104806e-06 5.6396575e-13)
(-1.5847296e-06 -1.6560428e-06 5.3628053e-13)
(-1.3591343e-06 -1.6876724e-06 4.9172558e-13)
(-1.1266579e-06 -1.708617e-06 4.312302e-13)
(-8.936948e-07 -1.6616468e-06 3.5295732e-13)
(-6.8237944e-07 -1.9328031e-06 2.7469069e-13)
(-3.8111657e-07 -1.1312558e-06 1.4137024e-13)
(-8.572614e-08 -1.7848584e-06 8.2735553e-14)
(-2.4984592e-06 -1.7873207e-07 -1.2286658e-11)
(-2.5446938e-06 -2.2679432e-07 -9.7504894e-12)
(-2.5904654e-06 -2.7323186e-07 -7.6623723e-12)
(-2.633129e-06 -3.3485101e-07 -5.9542814e-12)
(-2.6696224e-06 -4.103312e-07 -4.5645428e-12)
(-2.6964414e-06 -4.8318016e-07 -3.4421648e-12)
(-2.7121584e-06 -5.6333437e-07 -2.5418765e-12)
(-2.7146391e-06 -6.4959545e-07 -1.8264608e-12)
(-2.7015781e-06 -7.4261083e-07 -1.264031e-12)
(-2.671728e-06 -8.395048e-07 -8.265286e-13)
(-2.6223295e-06 -9.3171054e-07 -4.90385e-13)
(-2.5525791e-06 -1.0176715e-06 -2.3547275e-13)
(-2.4606341e-06 -1.1045771e-06 -4.5507521e-14)
(-2.3449959e-06 -1.1906386e-06 9.2600385e-14)
(-2.2072376e-06 -1.2668295e-06 1.8948867e-13)
(-2.0499124e-06 -1.3304747e-06 2.5347437e-13)
(-1.8759899e-06 -1.38144e-06 2.9088946e-13)
(-1.6873203e-06 -1.4202467e-06 3.0661126e-13)
(-1.4856167e-06 -1.4488611e-06 3.0421627e-13)
(-1.2740008e-06 -1.469848e-06 2.8618466e-13)
(-1.0560346e-06 -1.4881118e-06 2.5392475e-13)
(-8.3607692e-07 -1.4571607e-06 2.0643522e-13)
(-6.2060701e-07 -1.6691917e-06 1.5956486e-13)
(-3.5591026e-07 -9.9757636e-07 6.8882543e-14)
(-9.020618e-08 -1.547409e-06 4.1976746e-14)
(-2.428232e-06 -1.3749642e-07 -1.2026153e-11)
(-2.4676365e-06 -1.73866e-07 -9.5655738e-12)
(-2.5060825e-06 -2.1318215e-07 -7.5661731e-12)
(-2.5412221e-06 -2.605493e-07 -5.9453872e-12)
(-2.5718688e-06 -3.1812097e-07 -4.6359299e-12)
(-2.5943986e-06 -3.8223378e-07 -3.583515e-12)
(-2.6079944e-06 -4.5100479e-07 -2.7404539e-12)
(-2.6096232e-06 -5.2255509e-07 -2.068055e-12)
(-2.596095e-06 -6.0037186e-07 -1.5359616e-12)
(-2.56301e-06 -6.8154112e-07 -1.1174157e-12)
(-2.509066e-06 -7.6241635e-07 -7.9030395e-13)
(-2.4333931e-06 -8.3336432e-07 -5.3719725e-13)
(-2.3376295e-06 -8.8485826e-07 -3.4322587e-13)
(-2.2212915e-06 -9.2901625e-07 -1.9654742e-13)
(-2.0855517e-06 -9.7514953e-07 -8.773422e-14)
(-1.9324245e-06 -1.0232261e-06 -9.0956084e-15)
(-1.7645385e-06 -1.068421e-06 4.5323494e-14)
(-1.5840703e-06 -1.1040749e-06 7.9924809e-14)
(-1.3934111e-06 -1.1300603e-06 9.7900779e-14)
(-1.1945741e-06 -1.1483862e-06 1.0174848e-13)
(-9.898222e-07 -1.16498e-06 9.3362423e-14)
(-7.8072828e-07 -1.140996e-06 7.2534729e-14)
(-5.6873654e-07 -1.3033156e-06 5.2889447e-14)
(-3.3037309e-07 -7.7892992e-07 1.0614735e-15)
(-9.1373376e-08 -1.2115322e-06 2.9027949e-15)
(-2.3907827e-06 -6.5663501e-08 -1.1027368e-11)
(-2.4263916e-06 -8.6811351e-08 -8.7675064e-12)
(-2.4615075e-06 -1.1162057e-07 -6.964007e-12)
(-2.4945933e-06 -1.3814123e-07 -5.518263e-12)
(-2.5261692e-06 -1.7802086e-07 -4.3576418e-12)
(-2.547202e-06 -2.3777749e-07 -3.4280375e-12)
(-2.5553104e-06 -3.0167095e-07 -2.6845049e-12)
(-2.5483e-06 -3.6370804e-07 -2.0905108e-12)
(-2.5237309e-06 -4.1114811e-07 -1.6176659e-12)
(-2.4792418e-06 -4.40586e-07 -1.2432134e-12)
(-2.4159492e-06 -4.7054765e-07 -9.4695425e-13)
(-2.3333982e-06 -5.0956151e-07 -7.1356824e-13)
(-2.2334306e-06 -5.5135035e-07 -5.3114724e-13)
(-2.1179522e-06 -5.8937318e-07 -3.8929367e-13)
(-1.9872128e-06 -6.253747e-07 -2.7998424e-13)
(-1.8415759e-06 -6.6039852e-07 -1.9674064e-13)
(-1.6817712e-06 -6.9278233e-07 -1.3453523e-13)
(-1.509773e-06 -7.1936914e-07 -8.9641524e-14)
(-1.327998e-06 -7.3901668e-07 -5.9105458e-14)
(-1.1383731e-06 -7.5385054e-07 -4.0383429e-14)
(-9.4268915e-07 -7.6842513e-07 -3.1535515e-14)
(-7.4203674e-07 -7.4927592e-07 -3.2224841e-14)
(-5.3489863e-07 -8.6839213e-07 -3.1654254e-14)
(-3.1320067e-07 -5.0078455e-07 -5.2096271e-14)
(-8.971594e-08 -8.0183495e-07 -2.950744e-14)
(-2.3895489e-06 1.6237803e-08 -8.9163604e-12)
(-2.4222596e-06 7.241716e-09 -7.0623165e-12)
(-2.4547724e-06 -2.4680246e-09 -5.6188454e-12)
(-2.485421e-06 -1.9423844e-08 -4.4798858e-12)
(-2.5101011e-06 -5.184934e-08 -3.5722191e-12)
(-2.5212729e-06 -8.5619741e-08 -2.8461219e-12)
(-2.5164543e-06 -1.0606139e-07 -2.2648735e-12)
(-2.496618e-06 -1.1716124e-07 -1.7997018e-12)
(-2.4612276e-06 -1.2753667e-07 -1.4281181e-12)
(-2.4111614e-06 -1.4472239e-07 -1.1320832e-12)
(-2.3461459e-06 -1.6438643e-07 -8.9629777e-13)
(-2.2662706e-06 -1.8654978e-07 -7.0862962e-13)
(-2.1702028e-06 -2.1236076e-07 -5.5921099e-13)
(-2.0586919e-06 -2.3701481e-07 -4.4071618e-13)
(-1.932246e-06 -2.6000222e-07 -3.4712949e-13)
(-1.7913886e-06 -2.8139216e-07 -2.7358827e-13)
(-1.6368817e-06 -3.0070183e-07 -2.1630504e-13)
(-1.4703192e-06 -3.1702859e-07 -1.7236831e-13)
(-1.2936176e-06 -3.2985615e-07 -1.3940051e-13)
(-1.1089032e-06 -3.3994278e-07 -1.1538648e-13)
(-9.1822197e-07 -3.4979186e-07 -9.8681427e-14)
(-7.2359001e-07 -3.3557617e-07 -8.8438931e-14)
(-5.2864766e-07 -4.1578805e-07 -7.7325087e-14)
(-3.0516503e-07 -2.0663194e-07 -7.7363832e-14)
(-8.1128616e-08 -3.8456054e-07 -4.6378723e-14)
(-2.4898768e-06 5.8430786e-08 -5.3738627e-12)
(-2.5153305e-06 7.1206319e-08 -4.22551e-12)
(-2.53704e-06 7.7949813e-08 -3.3565121e-12)
(-2.5500672e-06 8.5340432e-08 -2.6943217e-12)
(-2.5498402e-06 8.9315028e-08 -2.1530458e-12)
(-2.5479618e-06 9.7257803e-08 -1.7299887e-12)
(-2.5397738e-06 1.0175793e-07 -1.3907469e-12)
(-2.520079e-06 9.907743e-08 -1.1186585e-12)
(-2.4871874e-06 9.5660517e-08 -9.0148872e-13)
(-2.4402029e-06 9.1989505e-08 -7.2974229e-13)
(-2.3772546e-06 8.8347426e-08 -5.9065276e-13)
(-2.2978611e-06 8.3608455e-08 -4.8010276e-13)
(-2.2016373e-06 7.8402737e-08 -3.8999842e-13)
(-2.0884745e-06 7.1728876e-08 -3.173124e-13)
(-1.9592073e-06 6.5153465e-08 -2.5903227e-13)
(-1.8150467e-06 5.8850048e-08 -2.1237936e-13)
(-1.6575104e-06 5.2883163e-08 -1.7515134e-13)
(-1.4881504e-06 4.7384174e-08 -1.4563268e-13)
(-1.3087411e-06 4.2477872e-08 -1.2243256e-13)
(-1.1213832e-06 3.8120824e-08 -1.0441448e-13)
(-9.283621e-07 3.3974696e-08 -9.0639462e-14)
(-7.3203378e-07 3.5772369e-08 -8.0254195e-14)
(-5.3868056e-07 5.7837505e-09 -6.9766065e-14)
(-3.0804492e-07 8.601128e-08 -6.3270061e-14)
(-8.0038341e-08 1.3502581e-08 -4.0830707e-14)
)
;

boundaryField
{
    Walls
    {
        type            noSlip;
    }
    Inlet
    {
        type            pressureInletVelocity;
        value           nonuniform List<vector> 3((1.5055602 -0 -0) (1.4630388 -0 -0) (1.5969941 -0 -0));
    }
    Outlet
    {
        type            pressureInletOutletVelocity;
        value           nonuniform List<vector> 
86
(
(-2.3772196e-06 0 0)
(-2.4008444e-06 0 0)
(-2.4205022e-06 0 0)
(-2.4404772e-06 0 0)
(-2.4639983e-06 0 0)
(-2.4898768e-06 0 0)
(-2.5153305e-06 1.7453611e-20 3.0769815e-20)
(-2.53704e-06 -1.7604251e-20 2.6897334e-20)
(-2.5500672e-06 0 0)
(-2.5498402e-06 0 0)
(-2.5479618e-06 0 0)
(-2.5397738e-06 0 0)
(-2.520079e-06 -1.7486561e-20 -1.603051e-20)
(-2.4871874e-06 1.725833e-20 -1.4649336e-20)
(-2.4402029e-06 0 0)
(-2.3772546e-06 0 0)
(-2.2978611e-06 0 0)
(-2.2016373e-06 0 0)
(-2.0884745e-06 0 0)
(-1.9592073e-06 0 0)
(-1.8150467e-06 0 0)
(-1.6575104e-06 0 0)
(-1.4881504e-06 0 0)
(-1.3087411e-06 0 0)
(-1.1213832e-06 0 0)
(-9.283621e-07 0 0)
(-7.3203378e-07 0 0)
(-5.3868056e-07 7.4756945e-21 0)
(-3.0804492e-07 -4.2749821e-21 0)
(-8.0038341e-08 0 0)
(-2.1502689e-06 0.10041798 -2.8152144e-07)
(9.4251211e-05 0.070344513 -2.6151791e-07)
(3.0174026e-05 0.022102129 -2.0637169e-07)
(0 -0.0059836092 0)
(0 -0.011273442 0)
(0 -0.006252896 0)
(0 -0.0017454165 0)
(0 -2.6631145e-05 0)
(-1.8691209e-06 0.00019923001 -4.9649189e-08)
(-1.5510902e-06 6.6962616e-06 -3.9286934e-08)
(0 -0.00014471423 0)
(0 -0.00015930437 0)
(0 -0.00010888117 0)
(0 -4.4623025e-05 0)
(1.853251e-06 6.2772296e-06 -5.2410832e-09)
(2.2088602e-06 3.6991406e-05 -3.8634125e-09)
(2.395523e-06 5.233794e-05 -2.7601747e-09)
(2.2805275e-06 5.9202349e-05 -1.8832188e-09)
(2.079521e-06 6.2224781e-05 -1.2440061e-09)
(1.9379873e-06 6.3549752e-05 -8.0089547e-10)
(1.7502474e-06 6.304393e-05 -5.0585151e-10)
(1.4996734e-06 6.1314191e-05 -3.1254714e-10)
(1.2632167e-06 5.7834867e-05 -1.8971898e-10)
(1.002108e-06 5.358383e-05 -1.1234244e-10)
(7.6719936e-07 4.8576852e-05 -6.5163958e-11)
(5.6634941e-07 4.3154356e-05 -3.703113e-11)
(3.9687812e-07 3.7755085e-05 -2.0511605e-11)
(2.3422939e-07 3.2633734e-05 -1.1070786e-11)
(1.5627516e-07 2.7800036e-05 -5.7729455e-12)
(8.3680256e-08 2.3052539e-05 -2.8076807e-12)
(-2.8056105e-08 1.8837418e-05 -1.2058943e-12)
(-8.6787944e-08 1.5195027e-05 -3.6831318e-13)
(-1.1797319e-07 1.1920249e-05 5.2239148e-14)
(-1.4094584e-07 8.936219e-06 2.5037624e-13)
(-1.6531681e-07 6.4342143e-06 3.3010712e-13)
(-1.7443875e-07 4.3376505e-06 3.5236812e-13)
(-1.769906e-07 2.6181998e-06 3.4260709e-13)
(-1.7484494e-07 1.2494629e-06 3.1753279e-13)
(-1.7077579e-07 1.6439391e-07 2.8778533e-13)
(0 -6.6576172e-07 0)
(0 -1.273829e-06 0)
(0 -1.6374168e-06 0)
(0 -1.836002e-06 0)
(0 -1.8886197e-06 0)
(0 -1.7848584e-06 0)
(0 -1.547409e-06 0)
(0 -1.2115322e-06 0)
(0 -8.0183495e-07 0)
(0 -3.8456054e-07 0)
(-8.0038341e-08 1.3502581e-08 -4.0830707e-14)
(0 -0.0011031178 0)
(0 -0.0049105272 0)
(0 -0.010258953 0)
(0 -0.0066000702 0)
(-2.1751127e-05 0.01906271 -2.1237188e-07)
(-9.2168181e-05 0.067055439 -2.6554346e-07)
)
;
    }
    Front
    {
        type            wedge;
    }
    Back
    {
        type            wedge;
    }
    defaultFaces
    {
        type            empty;
    }
}


// ************************************************************************* //
