/*--------------------------------*- C++ -*----------------------------------*\
| =========                 |                                                 |
| \\      /  F ield         | OpenFOAM: The Open Source CFD Toolbox           |
|  \\    /   O peration     | Version:  4.0                                   |
|   \\  /    A nd           | Web:      www.OpenFOAM.org                      |
|    \\/     M anipulation  |                                                 |
\*---------------------------------------------------------------------------*/
FoamFile
{
    version     2.0;
    format      ascii;
    class       volVectorField;
    location    "0.53";
    object      U;
}
// * * * * * * * * * * * * * * * * * * * * * * * * * * * * * * * * * * * * * //

dimensions      [0 1 -1 0 0 0 0];

internalField   nonuniform List<vector> 
1740
(
(1.6017433 0.0059253484 3.9594553e-06)
(1.5185477 -0.0067815323 7.3566316e-07)
(1.6471943 -0.0049812875 2.2852219e-08)
(1.6272954 0.02403933 7.5775514e-06)
(1.5476241 -0.020095059 1.3983162e-06)
(1.658789 -0.025446218 3.0540643e-07)
(1.5020932 0.027000584 1.054403e-05)
(1.6071977 -0.013706784 2.3005635e-06)
(1.5283306 -0.019998911 4.4708235e-07)
(1.4831062 -0.0035219384 1.2982827e-05)
(1.6950057 0.011198773 3.2775326e-06)
(1.6206971 0.00559612 5.2666383e-07)
(1.5361218 -0.016927566 1.4883841e-05)
(1.6043976 0.022713036 4.3298753e-06)
(1.6194045 0.01756039 8.2162068e-07)
(1.5392898 -0.0077743919 1.6070951e-05)
(1.5224926 0.013342245 4.8804728e-06)
(1.6274495 0.0042110387 9.3064491e-07)
(1.5854562 -0.0033117866 1.7077333e-05)
(1.5359745 -0.023030919 5.7436028e-06)
(1.677157 -0.021006615 1.1681219e-06)
(1.5678446 -0.0059591058 1.8071993e-05)
(1.6063689 -0.035337675 6.3446476e-06)
(1.5355984 -0.019640766 1.3541395e-06)
(1.5699983 -0.0094670042 1.8602795e-05)
(1.7034556 -0.0017246892 7.1556902e-06)
(1.5842404 0.0047956403 1.4892114e-06)
(1.6017274 -0.019059275 1.9140581e-05)
(1.6125461 0.0013540219 7.8683625e-06)
(1.6005058 0.0068864159 1.7717704e-06)
(1.6267051 -0.022124682 1.9415195e-05)
(1.5647439 -0.011356324 8.3163222e-06)
(1.544089 -0.0032366151 1.9449187e-06)
(1.7551109 -0.014647229 1.9969626e-05)
(1.5891079 -0.0042083914 8.9465045e-06)
(1.5837381 -0.0024140996 2.0750923e-06)
(1.7559777 0.017908183 2.0477764e-05)
(1.5570851 0.01176854 9.4546089e-06)
(1.5953776 -0.00084520139 2.3328413e-06)
(1.637035 0.033460465 2.010404e-05)
(1.6370859 0.015370951 9.72715e-06)
(1.5536042 0.00023543304 2.4972103e-06)
(1.5464067 -0.0010473458 2.0297113e-05)
(1.6287308 0.016742967 1.042097e-05)
(1.6136751 0.0052440769 2.6489705e-06)
(1.6452898 -0.027857212 2.0404606e-05)
(1.5196842 -0.019319564 1.0843739e-05)
(1.6270355 -0.00498061 2.9026988e-06)
(1.7630471 -0.0076693219 2.0552696e-05)
(1.5507264 -0.027102184 1.1151236e-05)
(1.5708211 -0.012529632 3.0371667e-06)
(1.760597 0.019126474 2.1113568e-05)
(1.5685576 0.0019627481 1.1649824e-05)
(1.5817144 -0.0069374763 3.2607348e-06)
(1.617472 0.033304723 2.1746182e-05)
(1.6417272 0.028749635 1.2054644e-05)
(1.5297179 0.0040311097 3.4407469e-06)
(1.495682 0.015568296 2.1879134e-05)
(1.7221852 0.022438065 1.2428011e-05)
(1.5991863 0.013418957 3.5841559e-06)
(1.4973828 -0.013501373 2.1732481e-05)
(1.6435343 -0.0018378453 1.2832294e-05)
(1.6120039 0.0058925617 3.7584497e-06)
(1.5639554 -0.0097366247 2.1843715e-05)
(1.5984699 0.0065571643 1.3117917e-05)
(1.5355666 0.0056543176 3.9455143e-06)
(1.5558108 0.017453266 2.1984614e-05)
(1.5625703 0.015297292 1.3468398e-05)
(1.6048902 0.005287361 4.10569e-06)
(1.4802454 0.005072522 2.210135e-05)
(1.6220681 -0.02075146 1.3754368e-05)
(1.6639177 -0.015603326 4.2217082e-06)
(1.5966132 -0.010592085 2.2250909e-05)
(1.6032108 -0.019212581 1.4188335e-05)
(1.553322 -0.010817242 4.4143888e-06)
(1.5906312 0.0046658284 2.2357103e-05)
(1.5943276 0.0034285114 1.4409024e-05)
(1.5853624 0.004482941 4.5685352e-06)
(1.4824506 -0.0051296944 2.2489709e-05)
(1.5918732 -0.0052548053 1.479031e-05)
(1.5880281 0.001698992 4.7084309e-06)
(1.4960856 -0.023452419 2.2829706e-05)
(1.605213 -0.020596863 1.5018952e-05)
(1.516276 -0.0067422513 4.8357801e-06)
(1.5295297 -0.013484245 2.2274205e-05)
(1.5648736 -0.0080519402 1.5184523e-05)
(1.51219 0.0013718097 4.8590447e-06)
(1.3982877 0.039139519 2.3866411e-05)
(1.3303354 0.10805695 1.5724803e-05)
(1.4060465 0.059725697 5.5287785e-06)
(0.87159603 0.38623104 1.1610169e-05)
(0.8464471 0.95262636 9.9573854e-06)
(0.77417433 1.2665686 5.4024454e-06)
(0.24707524 0.12105032 1.5201353e-06)
(0.20573076 0.38295795 3.1301143e-06)
(0.097761383 0.52290111 7.2771974e-07)
(-0.021759054 -0.011117929 1.2111606e-06)
(-0.022611664 -0.023564331 1.6726072e-06)
(-0.016094294 -0.027069174 5.7061553e-07)
(-0.0039193771 -0.0022403845 4.4362278e-07)
(-0.0046714593 -0.0063650274 7.2214597e-07)
(-0.0043115829 -0.0087425049 3.1985222e-07)
(0.00080955501 -0.00015138366 1.2532257e-07)
(0.0005194123 -0.00066999648 2.3810928e-07)
(0.00024004963 -0.0011269097 9.6547538e-08)
(0.0010491602 5.4564927e-05 2.5080796e-08)
(0.0009708493 6.9174377e-05 4.6767085e-08)
(0.00086644442 5.6146986e-05 -1.8983575e-08)
(0.00086406692 7.4425247e-05 -5.9240368e-09)
(0.00084478972 0.00016461061 -2.0215946e-08)
(0.00080481088 0.00024911874 -6.3939691e-08)
(0.00064147688 7.739597e-05 -1.556958e-08)
(0.00063662075 0.00018636599 -4.088506e-08)
(0.00061479887 0.00028624525 -7.4844253e-08)
(0.00046240569 5.1031281e-05 -1.5841869e-08)
(0.00045856741 0.0001215021 -4.1680141e-08)
(0.00044409379 0.00019530846 -6.937039e-08)
(0.00034751149 2.6830379e-05 -1.2817735e-08)
(0.00034407257 6.4480399e-05 -3.506781e-08)
(0.00033175376 0.00010519812 -5.7601377e-08)
(0.00027980965 1.1723061e-05 -9.4651404e-09)
(0.00027664234 2.730744e-05 -2.7134546e-08)
(0.00026651076 4.3614968e-05 -4.505953e-08)
(0.0002388097 6.383642e-06 -6.8973414e-09)
(0.00023613293 1.4212692e-05 -2.039077e-08)
(0.00022786969 2.243446e-05 -3.4231979e-08)
(0.00020854697 7.0623808e-06 -5.1712574e-09)
(0.00020629209 1.5612126e-05 -1.5282271e-08)
(0.00019942362 2.3807047e-05 -2.5648469e-08)
(0.00018265176 7.9631728e-06 -3.9376116e-09)
(0.00018072903 1.8847453e-05 -1.143699e-08)
(0.0001749746 3.0008915e-05 -1.9010588e-08)
(0.00015908126 8.2578006e-06 -2.9764944e-09)
(0.0001574446 1.9593885e-05 -8.4467506e-09)
(0.00015260477 3.1349739e-05 -1.3863274e-08)
(0.00013739133 7.5365228e-06 -2.1829725e-09)
(0.00013600228 1.7754441e-05 -6.0885143e-09)
(0.00013192501 2.830195e-05 -9.8793294e-09)
(0.00011800662 6.0701366e-06 -1.5317152e-09)
(0.00011683651 1.4555334e-05 -4.2497991e-09)
(0.00011343394 2.3592737e-05 -6.8457418e-09)
(0.00010118943 5.0146657e-06 -1.0311895e-09)
(0.00010021368 1.2022732e-05 -2.8666741e-09)
(9.7376179e-05 1.9067863e-05 -4.6013251e-09)
(8.6923784e-05 4.169057e-06 -6.7085398e-10)
(8.6114566e-05 9.9036741e-06 -1.8749409e-09)
(8.3741073e-05 1.5683153e-05 -3.0027153e-09)
(7.4925262e-05 3.4819729e-06 -4.262483e-10)
(7.4253515e-05 8.2686559e-06 -1.1960763e-09)
(7.2267972e-05 1.312935e-05 -1.9084743e-09)
(6.4829506e-05 2.9660429e-06 -2.6888754e-10)
(6.4270871e-05 7.0378165e-06 -7.51214e-10)
(6.2604346e-05 1.1169495e-05 -1.1874155e-09)
(5.6307103e-05 2.5379015e-06 -1.7064794e-10)
(5.5841577e-05 5.9820512e-06 -4.6864835e-10)
(5.4437544e-05 9.5147329e-06 -7.2690651e-10)
(4.9095784e-05 2.1200422e-06 -1.1074088e-10)
(4.8706497e-05 5.0442741e-06 -2.935619e-10)
(4.751938e-05 8.0817383e-06 -4.4044804e-10)
(4.2990941e-05 1.7777785e-06 -7.4400192e-11)
(4.2664284e-05 4.27962e-06 -1.8686206e-10)
(4.1656661e-05 6.8769323e-06 -2.6658353e-10)
(3.7830792e-05 1.51406e-06 -5.3008505e-11)
(3.7555997e-05 3.6445334e-06 -1.2293894e-10)
(3.6697004e-05 5.8425596e-06 -1.631856e-10)
(3.3482102e-05 1.280143e-06 -4.0284084e-11)
(3.3250284e-05 3.0816596e-06 -8.4695179e-11)
(3.2514808e-05 4.9301466e-06 -1.0239634e-10)
(2.9829418e-05 1.07231e-06 -3.2712356e-11)
(2.9633309e-05 2.5846984e-06 -6.1841971e-11)
(2.9000779e-05 4.1320298e-06 -6.7081819e-11)
(2.6770573e-05 8.9428076e-07 -2.8421658e-11)
(2.6604292e-05 2.156526e-06 -4.8441967e-11)
(2.6057757e-05 3.4456323e-06 -4.703998e-11)
(2.4215635e-05 7.4180396e-07 -2.5901558e-11)
(2.4074347e-05 1.7987145e-06 -4.0430175e-11)
(2.3599785e-05 2.8715073e-06 -3.5709289e-11)
(2.208597e-05 6.1492224e-07 -2.4323114e-11)
(2.1965665e-05 1.4967542e-06 -3.5387177e-11)
(2.155142e-05 2.3873829e-06 -2.9224478e-11)
(2.0313035e-05 5.0878619e-07 -2.3308156e-11)
(2.0210368e-05 1.243956e-06 -3.2206561e-11)
(1.9846639e-05 1.9834606e-06 -2.5584522e-11)
(1.8837333e-05 4.2085537e-07 -2.2596685e-11)
(1.8749499e-05 1.0330925e-06 -3.0145798e-11)
(1.8428105e-05 1.6475147e-06 -2.3577705e-11)
(1.7607802e-05 3.4820075e-07 -2.2052872e-11)
(1.7532473e-05 8.593013e-07 -2.8759673e-11)
(1.7246625e-05 1.3702076e-06 -2.249348e-11)
(1.6581177e-05 2.894143e-07 -2.1747116e-11)
(1.6516436e-05 7.1912487e-07 -2.7936895e-11)
(1.6260525e-05 1.1445513e-06 -2.1981066e-11)
(1.5721279e-05 2.4008003e-07 -2.1246924e-11)
(1.5665518e-05 6.000376e-07 -2.7109855e-11)
(1.5434873e-05 9.5468246e-07 -2.162023e-11)
(1.4998095e-05 2.0008865e-07 -2.0703292e-11)
(1.4949941e-05 5.0225443e-07 -2.6326672e-11)
(1.474063e-05 7.9841387e-07 -2.1326238e-11)
(1.438686e-05 1.6784878e-07 -2.0166427e-11)
(1.434515e-05 4.2243001e-07 -2.5604524e-11)
(1.4153864e-05 6.6984037e-07 -2.1060235e-11)
(1.3867373e-05 1.4149295e-07 -1.9629477e-11)
(1.3831128e-05 3.568173e-07 -2.4947222e-11)
(1.3655116e-05 5.6557275e-07 -2.0840303e-11)
(1.342337e-05 1.2175023e-07 -1.92834e-11)
(1.3391781e-05 3.0860649e-07 -2.4589692e-11)
(1.3228776e-05 4.9157809e-07 -2.082068e-11)
(1.3042103e-05 1.0402599e-07 -1.8983241e-11)
(1.3014476e-05 2.6407086e-07 -2.4395622e-11)
(1.2862544e-05 4.1857917e-07 -2.0889717e-11)
(1.2713846e-05 8.9338953e-08 -1.8628273e-11)
(1.2689573e-05 2.2766502e-07 -2.4106644e-11)
(1.2547052e-05 3.6278164e-07 -2.0902282e-11)
(1.2431267e-05 7.6514655e-08 -1.8280823e-11)
(1.2409834e-05 1.9500764e-07 -2.3800226e-11)
(1.2275307e-05 3.1060637e-07 -2.0877235e-11)
(1.2188851e-05 6.5126734e-08 -1.8011921e-11)
(1.2169807e-05 1.6579762e-07 -2.3598525e-11)
(1.2042034e-05 2.6363817e-07 -2.0909776e-11)
(1.198233e-05 5.4927681e-08 -1.7838542e-11)
(1.1965276e-05 1.3978565e-07 -2.3525408e-11)
(1.1843155e-05 2.2218918e-07 -2.1015987e-11)
(1.1808165e-05 4.5819768e-08 -1.7768396e-11)
(1.1792743e-05 1.1676829e-07 -2.356476e-11)
(1.1675296e-05 1.8587942e-07 -2.1163419e-11)
(1.1663002e-05 3.7770095e-08 -1.7795053e-11)
(1.1648888e-05 9.6762227e-08 -2.365492e-11)
(1.1535234e-05 1.5482348e-07 -2.1251396e-11)
(1.1544432e-05 3.0713833e-08 -1.786653e-11)
(1.1531332e-05 7.9686762e-08 -2.3624675e-11)
(1.1420663e-05 1.2881064e-07 -2.1039794e-11)
(1.1446225e-05 2.5016361e-08 -1.7855952e-11)
(1.1433842e-05 6.536887e-08 -2.306215e-11)
(1.132543e-05 1.0574854e-07 -2.0031474e-11)
(1.1389631e-05 2.1080874e-08 -1.7346594e-11)
(1.1377737e-05 5.3559006e-08 -2.0982523e-11)
(1.1270757e-05 8.3849753e-08 -1.7315464e-11)
(1.1306499e-05 1.4372853e-08 -1.4582933e-11)
(1.1294611e-05 3.6034601e-08 -1.4915453e-11)
(1.1188757e-05 5.5513611e-08 -1.1274532e-11)
(-0.045785537 1.9795244 -3.6650739e-07)
(-0.033135922 1.7211965 -3.4428476e-06)
(-0.060543254 0.36048263 -2.3985442e-07)
(-0.042921605 0.16473908 -1.0127838e-06)
(-0.013461901 -0.035329701 -2.2883376e-07)
(-0.010349146 -0.038863464 -6.346568e-07)
(-0.00387082 -0.011095183 -1.2079921e-07)
(-0.0037208384 -0.012538149 -4.1796675e-07)
(-8.3735402e-05 -0.0018315172 -1.2048817e-07)
(-0.00043115356 -0.0025524333 -3.0429446e-07)
(0.00073963768 -3.8016514e-05 -1.3127405e-07)
(0.00055067603 -0.00021767432 -2.4165083e-07)
(0.00073182497 0.00031814702 -1.29943e-07)
(0.00063058252 0.00034890133 -1.9873687e-07)
(0.00056681787 0.00037595392 -1.1828336e-07)
(0.00050883039 0.00044988851 -1.6367675e-07)
(0.00041548558 0.00027545077 -1.0051091e-07)
(0.00037942536 0.00034096246 -1.3224107e-07)
(0.00031029024 0.00014471573 -8.1048796e-08)
(0.00028020766 0.00018192716 -1.041825e-07)
(0.00025045139 5.9396511e-05 -6.3012782e-08)
(0.00022981668 7.3696521e-05 -8.030097e-08)
(0.00021531688 2.9748488e-05 -4.7868499e-08)
(0.00019963196 3.6004551e-05 -6.0817433e-08)
(0.00018925448 3.1689571e-05 -3.5805865e-08)
(0.00017676474 3.8288713e-05 -4.5391945e-08)
(0.00016660791 4.0045679e-05 -2.6399033e-08)
(0.00015643192 4.8935609e-05 -3.3362029e-08)
(0.00014564725 4.2152463e-05 -1.9121066e-08)
(0.00013717647 5.2085745e-05 -2.4074169e-08)
(0.00012608286 3.8381154e-05 -1.3543314e-08)
(0.00011896174 4.7526177e-05 -1.6990534e-08)
(0.00010854389 3.2443274e-05 -9.3442939e-09)
(0.00010259895 4.0211901e-05 -1.1689077e-08)
(9.3294971e-05 2.616324e-05 -6.2649128e-09)
(8.8322942e-05 3.2757234e-05 -7.822863e-09)
(8.0331841e-05 2.1319919e-05 -4.0815316e-09)
(7.6157536e-05 2.6608666e-05 -5.0909824e-09)
(6.9407819e-05 1.7748543e-05 -2.5889731e-09)
(6.5890549e-05 2.2043938e-05 -3.2254809e-09)
(6.0197407e-05 1.5077088e-05 -1.6038174e-09)
(5.7223038e-05 1.866935e-05 -1.9936178e-09)
(5.2404427e-05 1.2920204e-05 -9.7344835e-10)
(4.9879891e-05 1.6061185e-05 -1.2048087e-09)
(4.5795184e-05 1.1040301e-05 -5.8075613e-10)
(4.3645038e-05 1.3769561e-05 -7.1331293e-10)
(4.0189169e-05 9.3944635e-06 -3.4225704e-10)
(3.8351483e-05 1.1741702e-05 -4.1473021e-10)
(3.5443319e-05 7.9610663e-06 -2.0065214e-10)
(3.3867125e-05 9.9497959e-06 -2.3748027e-10)
(3.1439315e-05 6.7065531e-06 -1.1811924e-10)
(3.0082165e-05 8.367923e-06 -1.3445603e-10)
(2.8074079e-05 5.6145923e-06 -7.093602e-11)
(2.6900626e-05 7.0066829e-06 -7.5976082e-11)
(2.5255648e-05 4.6937626e-06 -4.461865e-11)
(2.4236639e-05 5.852277e-06 -4.3639803e-11)
(2.2902196e-05 3.9117783e-06 -3.0196803e-11)
(2.2013226e-05 4.8753053e-06 -2.6252435e-11)
(2.0941509e-05 3.2509419e-06 -2.241463e-11)
(2.0161931e-05 4.0503276e-06 -1.7167578e-11)
(1.931025e-05 2.7004257e-06 -1.8404093e-11)
(1.862265e-05 3.3618394e-06 -1.2701236e-11)
(1.795341e-05 2.2448341e-06 -1.6483344e-11)
(1.7343209e-05 2.7928389e-06 -1.0745448e-11)
(1.6823791e-05 1.8652847e-06 -1.5689202e-11)
(1.6278826e-05 2.3188175e-06 -1.0109007e-11)
(1.5881385e-05 1.5536218e-06 -1.5489801e-11)
(1.539149e-05 1.9288171e-06 -1.0132422e-11)
(1.5092613e-05 1.29393e-06 -1.5526231e-11)
(1.4649278e-05 1.608434e-06 -1.0449923e-11)
(1.4429524e-05 1.0827192e-06 -1.5663089e-11)
(1.4025605e-05 1.3485953e-06 -1.0883639e-11)
(1.3869102e-05 9.1049784e-07 -1.5822491e-11)
(1.3498596e-05 1.1368281e-06 -1.1335651e-11)
(1.3392687e-05 7.6846557e-07 -1.5988233e-11)
(1.3050546e-05 9.5957501e-07 -1.1769648e-11)
(1.2985343e-05 6.5868241e-07 -1.6241173e-11)
(1.2667358e-05 8.1255545e-07 -1.2209699e-11)
(1.2635312e-05 5.7516129e-07 -1.6546395e-11)
(1.2337956e-05 7.1799235e-07 -1.2688791e-11)
(1.2333619e-05 4.9596042e-07 -1.6791716e-11)
(1.2053871e-05 6.1810132e-07 -1.3105888e-11)
(1.2073583e-05 4.2214325e-07 -1.6997769e-11)
(1.1808805e-05 5.2525463e-07 -1.3475614e-11)
(1.1850197e-05 3.5784596e-07 -1.7225556e-11)
(1.1598068e-05 4.4541928e-07 -1.3838787e-11)
(1.1659601e-05 3.0164949e-07 -1.7470931e-11)
(1.141808e-05 3.7567603e-07 -1.4179697e-11)
(1.1498597e-05 2.5256292e-07 -1.768878e-11)
(1.1265867e-05 3.1474471e-07 -1.44486e-11)
(1.1364106e-05 2.1096153e-07 -1.7763783e-11)
(1.1138532e-05 2.6342259e-07 -1.4532277e-11)
(1.1253932e-05 1.7643923e-07 -1.7447582e-11)
(1.1034013e-05 2.2117678e-07 -1.4205196e-11)
(1.1162045e-05 1.4510787e-07 -1.6286986e-11)
(1.0946442e-05 1.8224055e-07 -1.309289e-11)
(1.1109478e-05 1.1434683e-07 -1.3594477e-11)
(1.0896581e-05 1.4354521e-07 -1.0698206e-11)
(1.1029156e-05 7.5560496e-08 -8.4157426e-12)
(1.0818443e-05 9.5009109e-08 -6.4375903e-12)
(-0.0028798069 3.9708478e-05 -1.1279064e-07)
(-0.0028185208 7.1521853e-05 -2.6728252e-07)
(-0.002705918 0.00012337689 -3.7798154e-07)
(-0.0025789751 0.00013377307 -4.4776182e-07)
(-0.0024444631 0.00015145974 -4.8535848e-07)
(-0.0023110022 0.00015123022 -5.0069496e-07)
(-0.0021774714 0.00014908471 -5.0125376e-07)
(-0.0020425691 0.00013816839 -4.9229174e-07)
(-0.0019055153 0.00011815165 -4.77473e-07)
(-0.0017671886 8.9916557e-05 -4.5933278e-07)
(-0.0016284954 5.3638164e-05 -4.3963012e-07)
(-0.0014902131 9.6211897e-06 -4.1942488e-07)
(-0.0013534089 -4.1363579e-05 -3.9922656e-07)
(-0.0012192009 -9.7021397e-05 -3.7912751e-07)
(-0.0010885062 -0.0001550317 -3.5898505e-07)
(-0.00096199192 -0.00021328943 -3.3851793e-07)
(-0.00084020105 -0.00027116744 -3.1733058e-07)
(-0.00072360001 -0.0003260228 -2.9485867e-07)
(-0.00061207917 -0.00037459518 -2.7048472e-07)
(-0.00050548771 -0.00041564873 -2.4349079e-07)
(-0.00040377178 -0.00044756214 -2.1310284e-07)
(-0.00030664593 -0.00047006907 -1.7817365e-07)
(-0.00021379657 -0.00048308012 -1.3767732e-07)
(-0.00012507561 -0.00049098362 -9.0934676e-08)
(-4.0323338e-05 -0.00046273079 -3.7314771e-08)
(0.00010264459 -6.264018e-05 -1.2873736e-07)
(0.00011952915 -0.00038515428 -3.0106976e-07)
(0.00013638355 -0.0005278905 -4.1796218e-07)
(0.00015017934 -0.00078944852 -4.8527949e-07)
(0.00016514351 -0.00099948138 -5.168596e-07)
(0.00018840094 -0.0012292567 -5.2611267e-07)
(0.0002179764 -0.0014592053 -5.2156292e-07)
(0.00025059615 -0.0017123805 -5.0868934e-07)
(0.00027976144 -0.0019889275 -4.9094127e-07)
(0.00030244145 -0.0022681435 -4.7056953e-07)
(0.0003168736 -0.0025485909 -4.4929187e-07)
(0.00032235467 -0.0028269657 -4.2803463e-07)
(0.00032003195 -0.0030973341 -4.0718523e-07)
(0.00031102378 -0.0033557494 -3.866828e-07)
(0.00029626023 -0.0035986266 -3.6629656e-07)
(0.000276593 -0.0038262609 -3.4571864e-07)
(0.00025294711 -0.0040480368 -3.2460548e-07)
(0.00022637523 -0.0042541017 -3.0225861e-07)
(0.00019746285 -0.0044199325 -2.7811118e-07)
(0.00016681271 -0.004538119 -2.5137998e-07)
(0.00013502219 -0.0046054726 -2.2158444e-07)
(0.00010281298 -0.0046241735 -1.8688693e-07)
(7.0844783e-05 -0.004597314 -1.4598802e-07)
(3.9751369e-05 -0.0045107208 -9.7171936e-08)
(1.0836716e-05 -0.0043063922 -4.1908176e-08)
(0.00082634608 -0.00024156161 -1.671823e-07)
(0.0008542918 -0.0013416784 -3.7679795e-07)
(0.00089019769 -0.0017739969 -5.0221475e-07)
(0.00094033627 -0.0025658627 -5.5977665e-07)
(0.00099535181 -0.0032083444 -5.7749565e-07)
(0.0010456639 -0.0038877685 -5.742646e-07)
(0.001081945 -0.0045735928 -5.5963609e-07)
(0.0010979452 -0.0054412635 -5.3945109e-07)
(0.0010940929 -0.0064707527 -5.1638069e-07)
(0.0010731374 -0.0074487678 -4.917943e-07)
(0.0010366415 -0.0083189778 -4.6765078e-07)
(0.00098851418 -0.0090679249 -4.4453221e-07)
(0.00093083947 -0.0096878359 -4.2265161e-07)
(0.00086539012 -0.01018519 -4.0157016e-07)
(0.00079383417 -0.010566532 -3.8089039e-07)
(0.0007178108 -0.010832825 -3.6024461e-07)
(0.00063904701 -0.010976162 -3.3967115e-07)
(0.00055899559 -0.011016749 -3.1784039e-07)
(0.00047854616 -0.010983846 -2.94588e-07)
(0.0003986236 -0.010892113 -2.6915673e-07)
(0.00032005613 -0.010751414 -2.4063572e-07)
(0.00024325893 -0.01057073 -2.0754248e-07)
(0.00016859613 -0.010356875 -1.678342e-07)
(9.6696264e-05 -0.010081292 -1.1800771e-07)
(2.9623579e-05 -0.0097014556 -5.7929443e-08)
(0.0031823594 -0.00094246149 -2.4986094e-07)
(0.0031563833 -0.0044406641 -5.1753081e-07)
(0.003125948 -0.0055902715 -6.4115099e-07)
(0.0030039636 -0.0085653395 -6.7294055e-07)
(0.0028599686 -0.011220497 -6.6584649e-07)
(0.0026846762 -0.013671969 -6.4306161e-07)
(0.0024880202 -0.01547729 -6.1349193e-07)
(0.0022764666 -0.016477329 -5.8404032e-07)
(0.0020641065 -0.01681471 -5.5501671e-07)
(0.0018567074 -0.016742898 -5.2447072e-07)
(0.0016544674 -0.016360757 -4.9665481e-07)
(0.0014641049 -0.015778802 -4.7107119e-07)
(0.0012847121 -0.015012252 -4.4816631e-07)
(0.0011110904 -0.0141156 -4.2653656e-07)
(0.00095348102 -0.013144232 -4.0562454e-07)
(0.00081220031 -0.012143584 -3.8516133e-07)
(0.00068616729 -0.011152068 -3.648153e-07)
(0.00057381192 -0.010203111 -3.4406748e-07)
(0.00047381161 -0.0093197454 -3.224252e-07)
(0.00038438917 -0.0085236729 -2.9922217e-07)
(0.00030389287 -0.0078311247 -2.7360731e-07)
(0.00023059072 -0.007247709 -2.4434168e-07)
(0.00016289534 -0.0067731416 -2.0956562e-07)
(9.9022158e-05 -0.0063662451 -1.6615995e-07)
(3.6822531e-05 -0.006080301 -1.0433743e-07)
(0.010782994 -0.0085176531 -4.3837586e-07)
(0.0084479232 -0.025066401 -7.5610506e-07)
(0.0072830223 -0.027029566 -8.4182559e-07)
(0.005675139 -0.031002127 -8.2978839e-07)
(0.004368522 -0.028352458 -7.9039195e-07)
(0.0032339484 -0.02462749 -7.4229488e-07)
(0.0022879356 -0.020098061 -6.9460298e-07)
(0.0015339565 -0.015286126 -6.5014167e-07)
(0.00094466638 -0.010444409 -6.1054272e-07)
(0.0004879517 -0.005977177 -5.7416302e-07)
(0.00014535048 -0.0019398237 -5.4142362e-07)
(-0.00010484287 0.0015466046 -5.1101717e-07)
(-0.00027957647 0.0047764647 -4.8670584e-07)
(-0.00039200977 0.0078707139 -4.6372821e-07)
(-0.00046095912 0.010734633 -4.4159817e-07)
(-0.00049273741 0.013223669 -4.2049007e-07)
(-0.00049493279 0.015303347 -4.0007122e-07)
(-0.00047390223 0.016988657 -3.7991682e-07)
(-0.00043473901 0.018305826 -3.5956094e-07)
(-0.00038181988 0.019283928 -3.3847066e-07)
(-0.00031866151 0.01995046 -3.1598355e-07)
(-0.0002484394 0.020331414 -2.9117165e-07)
(-0.00017362518 0.020423464 -2.6254344e-07)
(-9.7533558e-05 0.020283585 -2.3455143e-07)
(-2.2040761e-05 0.019568423 -2.0666691e-07)
(0.012496807 0.025502809 -7.9853012e-07)
(0.0019459908 0.0015258486 -1.1296898e-06)
(-0.00025393954 0.050951118 -1.1328731e-06)
(-0.0017154607 0.05381626 -1.0602837e-06)
(-0.0030898037 0.067602988 -9.8384119e-07)
(-0.0041493467 0.077520373 -8.9799063e-07)
(-0.0047294938 0.084392821 -8.2095622e-07)
(-0.0048813572 0.090116065 -7.5389322e-07)
(-0.004767703 0.0943021 -6.9539494e-07)
(-0.0045238791 0.096889629 -6.4524043e-07)
(-0.004211323 0.09834274 -6.0291104e-07)
(-0.0038452406 0.098722753 -5.5878343e-07)
(-0.0034781799 0.098386431 -5.3387115e-07)
(-0.0031252382 0.097047587 -5.0689138e-07)
(-0.0027713087 0.094842183 -4.8019231e-07)
(-0.0024281232 0.092379624 -4.5637018e-07)
(-0.0021045376 0.089721022 -4.3430797e-07)
(-0.001801094 0.086948382 -4.1336307e-07)
(-0.0015169175 0.084137663 -3.9302482e-07)
(-0.0012501194 0.081345937 -3.7280419e-07)
(-0.00099837969 0.078609468 -3.5217092e-07)
(-0.00075942129 0.07597021 -3.304775e-07)
(-0.00053073495 0.073399951 -3.0705663e-07)
(-0.00031043869 0.071086267 -2.8278776e-07)
(-9.2902359e-05 0.067587999 -2.589818e-07)
(-0.0029849986 1.1896499 -2.506169e-06)
(-0.0015986403 0.96998199 -1.9952158e-06)
(-0.0015340502 0.8716869 -1.6201228e-06)
(-0.0010690781 0.77719978 -1.3319425e-06)
(-0.00084355421 0.67996537 -1.1164135e-06)
(-0.00068243313 0.58806845 -9.5953037e-07)
(-0.00055191755 0.50939657 -8.4511328e-07)
(-0.00044959736 0.44548765 -7.6102479e-07)
(-0.00036631072 0.39280648 -6.9236688e-07)
(-0.00029670113 0.34786997 -6.3903362e-07)
(-0.00024016911 0.30907923 -5.9753579e-07)
(-0.00019456571 0.27568615 -5.6133583e-07)
(-0.00015936864 0.24713011 -5.3128294e-07)
(-0.00013560403 0.22268194 -5.0494799e-07)
(-0.00011351141 0.20168333 -4.8107375e-07)
(-9.4588832e-05 0.18365338 -4.591216e-07)
(-7.8716725e-05 0.1681608 -4.3852762e-07)
(-6.506278e-05 0.15484198 -4.1884481e-07)
(-5.3152701e-05 0.14339387 -3.9971525e-07)
(-4.262487e-05 0.13356677 -3.8079485e-07)
(-3.3292891e-05 0.12514407 -3.6169391e-07)
(-2.4813078e-05 0.11798342 -3.4187871e-07)
(-1.6965657e-05 0.11184259 -3.2102037e-07)
(-9.6700657e-06 0.10700472 -2.9887391e-07)
(-2.7112959e-06 0.10097329 -2.7487073e-07)
(-0.012389365 0.099391053 -1.234932e-06)
(-0.0018063219 0.1051834 -1.2752277e-06)
(0.0003734408 0.10942026 -1.2299661e-06)
(0.0018485958 0.11004506 -1.1393099e-06)
(0.0032151177 0.11112098 -1.0366443e-06)
(0.0042583036 0.11204959 -9.3695068e-07)
(0.0048246657 0.11319596 -8.4772916e-07)
(0.0049613873 0.11433226 -7.712367e-07)
(0.0048022642 0.1148383 -6.8835318e-07)
(0.004535295 0.11467528 -6.4615993e-07)
(0.0042402005 0.11381475 -6.0414931e-07)
(0.0038914951 0.11203509 -5.6097586e-07)
(0.0035153582 0.10943748 -5.2491982e-07)
(0.0031415685 0.10634597 -4.9400004e-07)
(0.0027801656 0.10301338 -4.6690033e-07)
(0.0024370413 0.099562332 -4.4266023e-07)
(0.0021120654 0.096074359 -4.205364e-07)
(0.0018069099 0.092616043 -3.9991887e-07)
(0.0015210157 0.089237553 -3.8027294e-07)
(0.0012528575 0.085976046 -3.6107734e-07)
(0.0010002923 0.082852478 -3.4174369e-07)
(0.00076098555 0.079896137 -3.2150387e-07)
(0.00053220149 0.077068949 -3.0066927e-07)
(0.000311773 0.074562346 -2.7802572e-07)
(9.3857047e-05 0.07085088 -2.5522205e-07)
(-0.0082618442 -0.037165959 -8.6429731e-07)
(-0.0070288927 -0.035106261 -9.285224e-07)
(-0.0057600508 -0.03364391 -9.1514166e-07)
(-0.0044995382 -0.030503863 -8.6858101e-07)
(-0.0033403546 -0.025915213 -8.0989754e-07)
(-0.0023343385 -0.020710227 -7.4831058e-07)
(-0.001507711 -0.015345027 -6.9108853e-07)
(-0.00085530746 -0.010029613 -6.3895947e-07)
(-0.00035539939 -0.0052570621 -5.9012472e-07)
(2.1216962e-05 -0.0010292303 -5.5372795e-07)
(0.0002948063 0.0026353061 -5.2041346e-07)
(0.0004851173 0.0062427556 -4.8935273e-07)
(0.00060882498 0.0096892198 -4.6145838e-07)
(0.00068085063 0.012784108 -4.364146e-07)
(0.00071096398 0.01544979 -4.1364922e-07)
(0.00070669378 0.017682677 -3.9263795e-07)
(0.00067826387 0.01952045 -3.7295722e-07)
(0.00062992106 0.021000238 -3.5412366e-07)
(0.00056591304 0.022138811 -3.3563727e-07)
(0.00048985917 0.022956413 -3.1692316e-07)
(0.00040484665 0.023473586 -2.9718133e-07)
(0.00031338868 0.023710417 -2.7496943e-07)
(0.00021871047 0.023676124 -2.5330519e-07)
(0.00012375396 0.023414722 -2.2691122e-07)
(3.0032366e-05 0.022548572 -2.0104498e-07)
(-0.0037698889 -0.013929668 -5.9148397e-07)
(-0.0036561248 -0.016287511 -6.6688483e-07)
(-0.0034729753 -0.018991769 -6.8149769e-07)
(-0.0032495702 -0.021009433 -6.6448257e-07)
(-0.0029919555 -0.022339482 -6.3444643e-07)
(-0.0027309946 -0.022887888 -6.0225288e-07)
(-0.0024699909 -0.022803137 -5.6251971e-07)
(-0.002210624 -0.022288826 -5.2555986e-07)
(-0.0019612354 -0.021500288 -4.9188405e-07)
(-0.0017291893 -0.020496402 -4.6320815e-07)
(-0.0015128644 -0.019352324 -4.3719099e-07)
(-0.0013096158 -0.018052407 -4.1321673e-07)
(-0.0011235592 -0.016669252 -3.9125339e-07)
(-0.00095710639 -0.015256383 -3.7111837e-07)
(-0.00081000147 -0.013852845 -3.5227971e-07)
(-0.00068184616 -0.012496711 -3.3432627e-07)
(-0.00056817119 -0.011230849 -3.1713443e-07)
(-0.0004689484 -0.010085749 -3.0013266e-07)
(-0.00038261803 -0.009065719 -2.8278886e-07)
(-0.00030745648 -0.0081731683 -2.64464e-07)
(-0.00024168332 -0.0074094602 -2.4428041e-07)
(-0.00018340027 -0.0067748429 -2.210379e-07)
(-0.00013063266 -0.0062665233 -1.9349906e-07)
(-8.111722e-05 -0.0058447009 -1.5623535e-07)
(-3.2040243e-05 -0.005564111 -1.0024631e-07)
(-0.00071166089 -0.003299395 -4.2992535e-07)
(-0.00086395047 -0.0040946014 -4.9954194e-07)
(-0.00099218147 -0.0049079238 -5.2674004e-07)
(-0.0010989247 -0.0056511388 -5.2745699e-07)
(-0.0011845132 -0.00642816 -5.1347196e-07)
(-0.0012275713 -0.0074408841 -4.9196434e-07)
(-0.0012426024 -0.008622459 -4.6563477e-07)
(-0.0012335255 -0.0097043129 -4.3898446e-07)
(-0.0012030376 -0.010648636 -4.1384094e-07)
(-0.0011562612 -0.011434881 -3.9095666e-07)
(-0.0010968557 -0.012071603 -3.6987447e-07)
(-0.0010283414 -0.012556122 -3.5029178e-07)
(-0.00095321926 -0.012891257 -3.3203497e-07)
(-0.00087416239 -0.013068811 -3.1532982e-07)
(-0.00079266821 -0.013124527 -2.99167e-07)
(-0.00070872388 -0.013092951 -2.8372225e-07)
(-0.0006259184 -0.012996671 -2.6828453e-07)
(-0.0005450129 -0.012849733 -2.5255719e-07)
(-0.00046545031 -0.012661671 -2.3604266e-07)
(-0.00038730185 -0.012440248 -2.1810885e-07)
(-0.00031075232 -0.012191652 -1.9779387e-07)
(-0.00023601554 -0.011921783 -1.736939e-07)
(-0.00016347265 -0.011634416 -1.4373542e-07)
(-9.3761335e-05 -0.01129228 -1.0360736e-07)
(-2.8969685e-05 -0.010857799 -5.2543031e-08)
(0.00037721279 -0.00050511243 -3.2737266e-07)
(0.00023693593 -0.00083939138 -3.8289683e-07)
(0.00013762562 -0.001188793 -4.1153165e-07)
(5.0914627e-05 -0.0015441043 -4.204554e-07)
(-3.7090275e-05 -0.0018983648 -4.1640949e-07)
(-0.00011339818 -0.0022605549 -4.0440265e-07)
(-0.0001818898 -0.0026384254 -3.8769437e-07)
(-0.00023868674 -0.0030112365 -3.6914015e-07)
(-0.0002827307 -0.003381659 -3.5045942e-07)
(-0.00031403625 -0.0037437688 -3.3250435e-07)
(-0.0003330552 -0.0040937424 -3.1546135e-07)
(-0.00034095104 -0.0044284996 -2.9932793e-07)
(-0.00033900967 -0.0047597096 -2.8405288e-07)
(-0.00032968525 -0.0051007268 -2.6958237e-07)
(-0.00031442781 -0.0054308116 -2.5558054e-07)
(-0.00029463717 -0.0057165563 -2.4184034e-07)
(-0.00027139442 -0.005951936 -2.2797229e-07)
(-0.00024361296 -0.0061341461 -2.1360339e-07)
(-0.00021280659 -0.0062616382 -1.9824766e-07)
(-0.00017987608 -0.0063341746 -1.8151598e-07)
(-0.00014550595 -0.0063534292 -1.6245369e-07)
(-0.00011040441 -0.0063223008 -1.3981113e-07)
(-7.5506102e-05 -0.0062459417 -1.1219525e-07)
(-4.1754091e-05 -0.0061071106 -7.7284754e-08)
(-1.1041647e-05 -0.0058351965 -3.5562827e-08)
(0.00053108775 0.00034900426 -2.568617e-07)
(0.00044107321 0.00032320719 -2.9867242e-07)
(0.00037666969 0.00027067177 -3.2398172e-07)
(0.00032791989 0.00019602893 -3.3554013e-07)
(0.00029199155 0.0001043783 -3.3688146e-07)
(0.00025209051 -3.5039945e-07 -3.3120301e-07)
(0.00021446993 -0.00011458702 -3.2104301e-07)
(0.00017906906 -0.00023042866 -3.0845792e-07)
(0.00014517281 -0.00034946765 -2.9486878e-07)
(0.0001134001 -0.00047196176 -2.8112058e-07)
(8.4755715e-05 -0.00059704062 -2.6761709e-07)
(5.9924126e-05 -0.0007215707 -2.5452511e-07)
(3.9356036e-05 -0.00084272724 -2.418853e-07)
(2.3209101e-05 -0.00095970973 -2.2965022e-07)
(1.0778254e-05 -0.0010695041 -2.1765275e-07)
(1.0597689e-06 -0.0011672679 -2.0568945e-07)
(-6.4705972e-06 -0.001250953 -1.934835e-07)
(-1.0435308e-05 -0.0013199873 -1.8071922e-07)
(-1.2186824e-05 -0.0013744386 -1.6702106e-07)
(-1.2345365e-05 -0.0014133201 -1.519683e-07)
(-1.1290905e-05 -0.0014362742 -1.3508405e-07)
(-9.4096381e-06 -0.0014437791 -1.1559139e-07)
(-6.9044252e-06 -0.0014383455 -9.2710282e-08)
(-3.8747453e-06 -0.0014193985 -6.5597695e-08)
(-5.3665404e-07 -0.0013478882 -3.2773581e-08)
(0.00045282647 0.00051072362 -2.0371963e-07)
(0.00040039853 0.0005583338 -2.3460726e-07)
(0.00035740535 0.00059828082 -2.5537292e-07)
(0.00032203592 0.00062877864 -2.6679851e-07)
(0.00029157255 0.0006517749 -2.7061647e-07)
(0.00026312692 0.0006667407 -2.6874442e-07)
(0.00023758812 0.00066889735 -2.6292554e-07)
(0.00021352224 0.00066363986 -2.5463186e-07)
(0.00019090294 0.00065350844 -2.4496688e-07)
(0.00016948978 0.00063722893 -2.3467361e-07)
(0.00014936783 0.00061600357 -2.2419058e-07)
(0.00013066948 0.00059171613 -2.1375398e-07)
(0.00011336547 0.00056563991 -2.0346125e-07)
(9.787463e-05 0.00053880441 -1.9330771e-07)
(8.4172337e-05 0.00051221798 -1.8320072e-07)
(7.2528209e-05 0.00048689206 -1.7298919e-07)
(6.2645382e-05 0.00046346826 -1.6246994e-07)
(5.3053546e-05 0.00044189867 -1.5140273e-07)
(4.41897e-05 0.0004217766 -1.3951599e-07)
(3.5944871e-05 0.00040301893 -1.2652742e-07)
(2.8173917e-05 0.00038550495 -1.1215556e-07)
(2.0791728e-05 0.00036934197 -9.6174929e-08)
(1.3912289e-05 0.00035436796 -7.8672345e-08)
(7.7008248e-06 0.00033889225 -6.0657623e-08)
(2.4215997e-06 0.00032593504 -4.5768283e-08)
(0.00034343611 0.00039122814 -1.6086507e-07)
(0.00031187747 0.00043603402 -1.839164e-07)
(0.00028329861 0.00047678832 -2.0046066e-07)
(0.00025764252 0.00051651971 -2.1063979e-07)
(0.00023628269 0.00055642148 -2.1528108e-07)
(0.000217136 0.0005884408 -2.1550101e-07)
(0.00019928576 0.00061371107 -2.1244166e-07)
(0.00018241997 0.0006353032 -2.071226e-07)
(0.00016645268 0.00065157853 -2.0037177e-07)
(0.00015105298 0.00066282116 -1.9279485e-07)
(0.00013600058 0.00066942835 -1.8479648e-07)
(0.00012131639 0.00067135509 -1.7661528e-07)
(0.00010707141 0.00066896034 -1.683706e-07)
(9.3510513e-05 0.00066307812 -1.6008814e-07)
(8.0965859e-05 0.00065454453 -1.5171987e-07)
(6.9618486e-05 0.0006440887 -1.4316254e-07)
(5.9385913e-05 0.00063242797 -1.3427138e-07)
(4.9861506e-05 0.00061987919 -1.2487432e-07)
(4.1133952e-05 0.00060647473 -1.1478783e-07)
(3.3178168e-05 0.00059228336 -1.0384693e-07)
(2.5906568e-05 0.00057738408 -9.1942148e-08)
(1.9272211e-05 0.00056198043 -7.9116629e-08)
(1.3153472e-05 0.00054620815 -6.5804839e-08)
(7.4892878e-06 0.0005291797 -5.329474e-08)
(2.3200283e-06 0.00050512944 -4.4544477e-08)
(0.00024992735 0.00021600778 -1.2515873e-07)
(0.00022668144 0.00024204531 -1.4254499e-07)
(0.00020773083 0.00026156442 -1.5562916e-07)
(0.00019211035 0.00027806923 -1.6432443e-07)
(0.00017865253 0.00029508389 -1.6900971e-07)
(0.00016622452 0.00031286459 -1.7032403e-07)
(0.00015430756 0.00033085999 -1.6899661e-07)
(0.00014284895 0.00034571727 -1.6572902e-07)
(0.0001318396 0.00035674592 -1.6112366e-07)
(0.00012106166 0.00036507887 -1.5565242e-07)
(0.00011043457 0.00037082992 -1.4965298e-07)
(9.991005e-05 0.00037373299 -1.4334386e-07)
(8.9501553e-05 0.00037386008 -1.3684586e-07)
(7.9308124e-05 0.00037179114 -1.3020128e-07)
(6.955469e-05 0.00036740835 -1.233905e-07)
(6.0375463e-05 0.00036095531 -1.1634712e-07)
(5.1777302e-05 0.00035323167 -1.0897188e-07)
(4.3707063e-05 0.00034458706 -1.0114732e-07)
(3.6228766e-05 0.0003353154 -9.2755307e-08)
(2.935626e-05 0.00032572135 -8.3703714e-08)
(2.3053421e-05 0.00031594835 -7.3964029e-08)
(1.7267035e-05 0.00030623045 -6.3638644e-08)
(1.1917057e-05 0.00029650003 -5.309126e-08)
(6.8774238e-06 0.00028744162 -4.3181993e-08)
(2.0982094e-06 0.0002744024 -3.5849568e-08)
(0.00020566012 8.6644681e-05 -9.5987141e-08)
(0.00018134321 9.7362521e-05 -1.0922063e-07)
(0.000163911 0.00010597444 -1.1948684e-07)
(0.00015250563 0.0001126715 -1.2665691e-07)
(0.00014208807 0.00011792853 -1.3091752e-07)
(0.00013206624 0.00012333956 -1.3264908e-07)
(0.00012301308 0.00012892079 -1.3231538e-07)
(0.0001145457 0.00013382286 -1.3039163e-07)
(0.00010633601 0.00013791938 -1.2730598e-07)
(9.8315031e-05 0.00014130934 -1.2341191e-07)
(9.045036e-05 0.00014372681 -1.1897631e-07)
(8.2715453e-05 0.00014498998 -1.1418242e-07)
(7.5026306e-05 0.00014533855 -1.0913954e-07)
(6.7434354e-05 0.00014437299 -1.0389507e-07)
(6.0018275e-05 0.00014186506 -9.8446589e-08)
(5.2836916e-05 0.00013817654 -9.2753916e-08)
(4.5914782e-05 0.00013364312 -8.6751368e-08)
(3.9274998e-05 0.00012846801 -8.0360573e-08)
(3.296797e-05 0.00012308523 -7.3505314e-08)
(2.7024924e-05 0.00011773679 -6.6128939e-08)
(2.1449906e-05 0.00011250231 -5.8213856e-08)
(1.6213695e-05 0.00010757248 -4.9796072e-08)
(1.133346e-05 0.00010180436 -4.0948562e-08)
(6.6121993e-06 9.9590765e-05 -3.1625317e-08)
(2.0068299e-06 9.3631812e-05 -2.0688259e-08)
(0.00018240759 4.0542821e-05 -7.2553639e-08)
(0.00016401712 4.5205364e-05 -8.2566193e-08)
(0.00014763473 5.047458e-05 -9.0510297e-08)
(0.00013520004 5.3453354e-05 -9.627333e-08)
(0.00012464008 5.4884947e-05 -9.9935401e-08)
(0.0001154127 5.6049528e-05 -1.0171417e-07)
(0.00010720423 5.6608568e-05 -1.0190627e-07)
(9.9663179e-05 5.7247763e-05 -1.0083135e-07)
(9.2545467e-05 5.8131253e-05 -9.8792206e-08)
(8.5761843e-05 5.8616976e-05 -9.6048544e-08)
(7.9223897e-05 5.9388975e-05 -9.2804271e-08)
(7.2847524e-05 6.0321607e-05 -8.9206219e-08)
(6.66116e-05 6.0327566e-05 -8.5346184e-08)
(6.0491884e-05 5.9596312e-05 -8.1269798e-08)
(5.4465706e-05 5.8401826e-05 -7.6983936e-08)
(4.853355e-05 5.6918912e-05 -7.2466011e-08)
(4.2712053e-05 5.5104379e-05 -6.7673714e-08)
(3.7006339e-05 5.3063373e-05 -6.25552e-08)
(3.144925e-05 5.0819152e-05 -5.7059124e-08)
(2.6075387e-05 4.8368925e-05 -5.1143893e-08)
(2.0904347e-05 4.598639e-05 -4.4781895e-08)
(1.5936652e-05 4.3879231e-05 -3.7944417e-08)
(1.116658e-05 4.1136939e-05 -3.0537939e-08)
(6.574558e-06 4.1185459e-05 -2.2193779e-08)
(2.1220986e-06 3.8735296e-05 -1.1682449e-08)
(0.00016320661 4.4022047e-05 -5.4076231e-08)
(0.00014982808 4.8518684e-05 -6.1542319e-08)
(0.00013646177 5.1862511e-05 -6.7561722e-08)
(0.00012380998 5.4429258e-05 -7.2047531e-08)
(0.00011350368 5.6178976e-05 -7.5031856e-08)
(0.00010496957 5.7086893e-05 -7.6638982e-08)
(9.7387224e-05 5.7082731e-05 -7.7055537e-08)
(9.0487382e-05 5.7179944e-05 -7.6494736e-08)
(8.4117552e-05 5.7288031e-05 -7.5164237e-08)
(7.8095516e-05 5.8053598e-05 -7.3249911e-08)
(7.2314709e-05 5.9261264e-05 -7.0903734e-08)
(6.6651838e-05 6.0390931e-05 -6.8237436e-08)
(6.1152448e-05 6.1192852e-05 -6.5326265e-08)
(5.5766794e-05 6.1362005e-05 -6.2210012e-08)
(5.0479442e-05 6.1177141e-05 -5.8899844e-08)
(4.5275589e-05 6.0832897e-05 -5.5384615e-08)
(4.0130374e-05 6.0310614e-05 -5.1638105e-08)
(3.5035463e-05 5.9548718e-05 -4.7625847e-08)
(3.0003565e-05 5.8569616e-05 -4.3312446e-08)
(2.5056704e-05 5.7364443e-05 -3.8665104e-08)
(2.0212709e-05 5.603655e-05 -3.3652004e-08)
(1.5490049e-05 5.4706993e-05 -2.8226171e-08)
(1.0832345e-05 5.2544557e-05 -2.2281941e-08)
(6.3760691e-06 5.3054382e-05 -1.5557912e-08)
(2.1265274e-06 5.0235847e-05 -7.4934059e-09)
(0.00014539452 5.6489541e-05 -3.9677058e-08)
(0.00013443755 6.2598604e-05 -4.513932e-08)
(0.00012389521 6.7651973e-05 -4.9599632e-08)
(0.00011265876 7.1487301e-05 -5.2988923e-08)
(0.0001034475 7.4016531e-05 -5.5314792e-08)
(9.5650342e-05 7.6094592e-05 -5.6650328e-08)
(8.8760376e-05 7.7959848e-05 -5.7112159e-08)
(8.2504988e-05 7.9466103e-05 -5.6837804e-08)
(7.6723612e-05 8.0857269e-05 -5.5970032e-08)
(7.128354e-05 8.2022619e-05 -5.4639417e-08)
(6.605509e-05 8.3091116e-05 -5.2955328e-08)
(6.0981754e-05 8.4193342e-05 -5.1002448e-08)
(5.6016642e-05 8.5388084e-05 -4.8838462e-08)
(5.1150246e-05 8.6444949e-05 -4.6496957e-08)
(4.6362551e-05 8.7015943e-05 -4.3990127e-08)
(4.1647704e-05 8.7326464e-05 -4.1313619e-08)
(3.6991938e-05 8.7398296e-05 -3.845155e-08)
(3.2382293e-05 8.7130768e-05 -3.5381589e-08)
(2.7817715e-05 8.6532483e-05 -3.2079231e-08)
(2.3304559e-05 8.5548951e-05 -2.851994e-08)
(1.8853444e-05 8.4285567e-05 -2.4677403e-08)
(1.4476744e-05 8.2898849e-05 -2.0515404e-08)
(1.0175175e-05 7.9930918e-05 -1.5973223e-08)
(5.9926133e-06 8.0279884e-05 -1.0955286e-08)
(1.948464e-06 7.5521833e-05 -5.379254e-09)
(0.00012789833 6.1096312e-05 -2.8572182e-08)
(0.00011849825 6.8568673e-05 -3.2479793e-08)
(0.00010941565 7.4078111e-05 -3.5699206e-08)
(0.0001008704 7.8635753e-05 -3.817955e-08)
(9.2825983e-05 8.2592417e-05 -3.991926e-08)
(8.5855167e-05 8.6071678e-05 -4.0959682e-08)
(7.9672698e-05 8.933002e-05 -4.1372554e-08)
(7.3994236e-05 9.2098684e-05 -4.1246805e-08)
(6.8718642e-05 9.4649155e-05 -4.0678441e-08)
(6.3759755e-05 9.6747784e-05 -3.9756983e-08)
(5.9036282e-05 9.8169167e-05 -3.8560125e-08)
(5.450073e-05 9.9230004e-05 -3.7149339e-08)
(5.0088642e-05 0.00010036664 -3.55683e-08)
(4.5759962e-05 0.00010163666 -3.384352e-08)
(4.1489374e-05 0.00010278267 -3.1986779e-08)
(3.7270037e-05 0.00010345178 -2.9997693e-08)
(3.3103698e-05 0.00010366046 -2.7867169e-08)
(2.8984834e-05 0.00010348927 -2.5581253e-08)
(2.4910029e-05 0.00010296997 -2.3123742e-08)
(2.088344e-05 0.00010209061 -2.0477976e-08)
(1.691122e-05 0.0001008646 -1.7626831e-08)
(1.3000011e-05 9.9429853e-05 -1.4551546e-08)
(9.1587364e-06 9.6294388e-05 -1.123312e-08)
(5.4075531e-06 9.6756196e-05 -7.6725434e-09)
(1.7518522e-06 9.1378268e-05 -4.0035183e-09)
(0.00011109501 5.6070661e-05 -2.012298e-08)
(0.00010303477 6.3418695e-05 -2.2853014e-08)
(9.5133886e-05 6.9474142e-05 -2.5117152e-08)
(8.8249175e-05 7.4274418e-05 -2.6879375e-08)
(8.155061e-05 7.8227921e-05 -2.8133403e-08)
(7.5488995e-05 8.2161246e-05 -2.890164e-08)
(7.0040045e-05 8.6079637e-05 -2.9229026e-08)
(6.4925865e-05 8.9551001e-05 -2.9173229e-08)
(6.0183263e-05 9.2480498e-05 -2.8796477e-08)
(5.5726265e-05 9.4996181e-05 -2.8159838e-08)
(5.1501595e-05 9.705385e-05 -2.7317293e-08)
(4.7469542e-05 9.8578285e-05 -2.6312439e-08)
(4.3597612e-05 9.9696581e-05 -2.5177869e-08)
(3.9826224e-05 0.00010062565 -2.393403e-08)
(3.6119341e-05 0.00010161613 -2.2591048e-08)
(3.2453375e-05 0.00010250945 -2.1150658e-08)
(2.8820885e-05 0.00010301586 -1.9608466e-08)
(2.522556e-05 0.00010306648 -1.7956039e-08)
(2.1669835e-05 0.00010268058 -1.6183277e-08)
(1.815983e-05 0.00010192236 -1.427992e-08)
(1.4700493e-05 0.00010077092 -1.2236806e-08)
(1.1297249e-05 9.9465708e-05 -1.0047569e-08)
(7.9581547e-06 9.6291987e-05 -7.7140132e-09)
(4.6958728e-06 9.7369183e-05 -5.2635473e-09)
(1.5195652e-06 9.140845e-05 -2.8038993e-09)
(9.6040982e-05 4.7177993e-05 -1.381922e-08)
(8.9208054e-05 5.3158693e-05 -1.5679938e-08)
(8.2542428e-05 5.858116e-05 -1.7229149e-08)
(7.6258695e-05 6.3439896e-05 -1.8442251e-08)
(7.0654848e-05 6.7508417e-05 -1.9313751e-08)
(6.5367813e-05 7.1086445e-05 -1.9855848e-08)
(6.0470517e-05 7.4314902e-05 -2.0095133e-08)
(5.6115185e-05 7.7552968e-05 -2.0067914e-08)
(5.1935357e-05 8.0597327e-05 -1.9815306e-08)
(4.7993131e-05 8.321032e-05 -1.9377775e-08)
(4.4252405e-05 8.5392518e-05 -1.8792207e-08)
(4.0679062e-05 8.7098983e-05 -1.8089187e-08)
(3.7264732e-05 8.8431371e-05 -1.7291781e-08)
(3.3981253e-05 8.9539287e-05 -1.6415616e-08)
(3.0785734e-05 9.0386341e-05 -1.5469079e-08)
(2.7643868e-05 9.0916501e-05 -1.4454789e-08)
(2.4541116e-05 9.1269296e-05 -1.337107e-08)
(2.1473901e-05 9.1406767e-05 -1.2213351e-08)
(1.8442859e-05 9.1245396e-05 -1.0975788e-08)
(1.5450522e-05 9.0732017e-05 -9.6526314e-09)
(1.2501267e-05 8.9772279e-05 -8.2397163e-09)
(9.6018774e-06 8.8796682e-05 -6.736668e-09)
(6.7610939e-06 8.5771491e-05 -5.1511246e-09)
(3.9829607e-06 8.6952489e-05 -3.5077483e-09)
(1.2769291e-06 8.1504886e-05 -1.8709237e-09)
(8.2834867e-05 3.8564203e-05 -9.2374092e-09)
(7.7083556e-05 4.368643e-05 -1.0473713e-08)
(7.1375156e-05 4.7881188e-05 -1.1504834e-08)
(6.5982633e-05 5.1651751e-05 -1.2314684e-08)
(6.0991914e-05 5.5278043e-05 -1.2898852e-08)
(5.6331228e-05 5.8435911e-05 -1.3264209e-08)
(5.1978173e-05 6.1249556e-05 -1.3426935e-08)
(4.8080501e-05 6.3911121e-05 -1.3409676e-08)
(4.4485324e-05 6.6336021e-05 -1.3238649e-08)
(4.1083479e-05 6.8649086e-05 -1.2940606e-08)
(3.7835413e-05 7.0709751e-05 -1.2539934e-08)
(3.4675504e-05 7.2339838e-05 -1.2057666e-08)
(3.1662672e-05 7.3692163e-05 -1.1510004e-08)
(2.877559e-05 7.4742215e-05 -1.0908317e-08)
(2.5985887e-05 7.5485707e-05 -1.02593e-08)
(2.3270814e-05 7.6005381e-05 -9.5656773e-09)
(2.0620844e-05 7.6338716e-05 -8.8272239e-09)
(1.8021334e-05 7.6461935e-05 -8.0418616e-09)
(1.5464537e-05 7.6287114e-05 -7.2064524e-09)
(1.2945933e-05 7.5807777e-05 -6.3180151e-09)
(1.0466845e-05 7.5011972e-05 -5.3749348e-09)
(8.0323348e-06 7.4303073e-05 -4.378686e-09)
(5.6495751e-06 7.1455371e-05 -3.3364202e-09)
(3.325515e-06 7.2621347e-05 -2.2648384e-09)
(1.0653835e-06 6.8323184e-05 -1.1988747e-09)
(7.1501655e-05 3.1395926e-05 -6.0071648e-09)
(6.6653633e-05 3.5616129e-05 -6.8077105e-09)
(6.1785009e-05 3.9230309e-05 -7.4755706e-09)
(5.710213e-05 4.2329428e-05 -8.0005013e-09)
(5.2723409e-05 4.512454e-05 -8.3794052e-09)
(4.8667771e-05 4.7706851e-05 -8.6161106e-09)
(4.4920558e-05 5.0034964e-05 -8.720361e-09)
(4.1321901e-05 5.2147369e-05 -8.7062485e-09)
(3.81043e-05 5.4142599e-05 -8.5903073e-09)
(3.5081016e-05 5.5976987e-05 -8.3896894e-09)
(3.2213538e-05 5.7547704e-05 -8.1205676e-09)
(2.9521393e-05 5.8932446e-05 -7.7968392e-09)
(2.6910996e-05 6.0132888e-05 -7.4296406e-09)
(2.4399898e-05 6.1072958e-05 -7.0270004e-09)
(2.1957472e-05 6.1771451e-05 -6.5939979e-09)
(1.9578917e-05 6.2233037e-05 -6.1331643e-09)
(1.7288863e-05 6.2452414e-05 -5.645044e-09)
(1.5065163e-05 6.2485071e-05 -5.1287676e-09)
(1.2895257e-05 6.2306985e-05 -4.5828432e-09)
(1.0774008e-05 6.1878785e-05 -4.005829e-09)
(8.6976467e-06 6.1204914e-05 -3.3972326e-09)
(6.6655735e-06 6.058499e-05 -2.7585923e-09)
(4.6832684e-06 5.8090202e-05 -2.0948377e-09)
(2.7563889e-06 5.9496344e-05 -1.416075e-09)
(8.8595959e-07 5.5508324e-05 -7.4110864e-10)
(6.1944231e-05 2.5964095e-05 -3.8031826e-09)
(5.7788736e-05 2.9503811e-05 -4.308116e-09)
(5.363554e-05 3.2672684e-05 -4.7291838e-09)
(4.9570422e-05 3.5405578e-05 -5.0598479e-09)
(4.5730077e-05 3.7694155e-05 -5.2980682e-09)
(4.2152315e-05 3.9697356e-05 -5.4459556e-09)
(3.8839852e-05 4.1584307e-05 -5.5093584e-09)
(3.575635e-05 4.329214e-05 -5.496902e-09)
(3.2830329e-05 4.4775459e-05 -5.4188829e-09)
(3.010461e-05 4.6130668e-05 -5.2861646e-09)
(2.7551809e-05 4.74908e-05 -5.1090905e-09)
(2.5187795e-05 4.8677204e-05 -4.896773e-09)
(2.289942e-05 4.9580403e-05 -4.6566424e-09)
(2.0668876e-05 5.0276822e-05 -4.3942254e-09)
(1.854382e-05 5.0789858e-05 -4.1132083e-09)
(1.6524664e-05 5.1166399e-05 -3.8156303e-09)
(1.45569e-05 5.1363412e-05 -3.5022266e-09)
(1.2646417e-05 5.1356722e-05 -3.172851e-09)
(1.0793498e-05 5.1147703e-05 -2.82687e-09)
(8.996231e-06 5.0745839e-05 -2.4636525e-09)
(7.248162e-06 5.0096215e-05 -2.0831181e-09)
(5.5493013e-06 4.959171e-05 -1.6863524e-09)
(3.8950387e-06 4.7377544e-05 -1.2763409e-09)
(2.2874161e-06 4.9051598e-05 -8.5908644e-10)
(7.2569012e-07 4.5493729e-05 -4.4520453e-10)
(5.3866194e-05 2.1989174e-05 -2.3477881e-09)
(5.0305995e-05 2.5022466e-05 -2.6575019e-09)
(4.6706149e-05 2.769803e-05 -2.9157751e-09)
(4.3182289e-05 3.0086212e-05 -3.1183429e-09)
(3.9811131e-05 3.2176861e-05 -3.2637257e-09)
(3.6645834e-05 3.3852713e-05 -3.3530502e-09)
(3.3701287e-05 3.5331386e-05 -3.389792e-09)
(3.0962281e-05 3.6718865e-05 -3.3791939e-09)
(2.8401838e-05 3.7915959e-05 -3.3275415e-09)
(2.6017634e-05 3.8949775e-05 -3.2415303e-09)
(2.3779297e-05 3.9925386e-05 -3.1276799e-09)
(2.1627012e-05 4.0790171e-05 -2.9918068e-09)
(1.95927e-05 4.1520586e-05 -2.8387397e-09)
(1.7635493e-05 4.2128207e-05 -2.672159e-09)
(1.5785404e-05 4.2546599e-05 -2.4946216e-09)
(1.40338e-05 4.278713e-05 -2.3076658e-09)
(1.233207e-05 4.2873864e-05 -2.1120017e-09)
(1.0686146e-05 4.2814112e-05 -1.9077455e-09)
(9.0961861e-06 4.2600992e-05 -1.694693e-09)
(7.5588994e-06 4.2238108e-05 -1.4726049e-09)
(6.0778798e-06 4.1700328e-05 -1.2415268e-09)
(4.6479823e-06 4.1307467e-05 -1.0021353e-09)
(3.2641195e-06 3.9229732e-05 -7.5610282e-10)
(1.9094552e-06 4.1035961e-05 -5.0699359e-10)
(5.887501e-07 3.7707245e-05 -2.6165138e-10)
(4.7013236e-05 1.8861718e-05 -1.4154919e-09)
(4.3952162e-05 2.1443583e-05 -1.6000044e-09)
(4.0829071e-05 2.3779657e-05 -1.7539415e-09)
(3.7752336e-05 2.5780654e-05 -1.8745461e-09)
(3.4791834e-05 2.7590402e-05 -1.9606945e-09)
(3.198129e-05 2.918406e-05 -2.0129564e-09)
(2.9363736e-05 3.046753e-05 -2.0333071e-09)
(2.6924307e-05 3.1558321e-05 -2.0248681e-09)
(2.465101e-05 3.2549194e-05 -1.9914212e-09)
(2.2530423e-05 3.3412397e-05 -1.9370077e-09)
(2.054059e-05 3.4104967e-05 -1.865602e-09)
(1.8657736e-05 3.4697097e-05 -1.7808374e-09)
(1.6878031e-05 3.5222007e-05 -1.6857549e-09)
(1.5204414e-05 3.5631781e-05 -1.5827381e-09)
(1.3587591e-05 3.5972122e-05 -1.473502e-09)
(1.2017861e-05 3.6175243e-05 -1.3591312e-09)
(1.052806e-05 3.6193504e-05 -1.2401963e-09)
(9.1009846e-06 3.6088159e-05 -1.1168941e-09)
(7.7303196e-06 3.5876708e-05 -9.8920076e-10)
(6.4117226e-06 3.5542131e-05 -8.5704857e-10)
(5.1475029e-06 3.5022875e-05 -7.2050527e-10)
(3.9304603e-06 3.4784615e-05 -5.7997136e-10)
(2.7588948e-06 3.280606e-05 -4.3632877e-10)
(1.6124215e-06 3.4653792e-05 -2.9167158e-10)
(4.9483834e-07 3.1586995e-05 -1.4958001e-10)
(4.1188784e-05 1.6238545e-05 -8.3454844e-10)
(3.854874e-05 1.8381525e-05 -9.410453e-10)
(3.583385e-05 2.0352203e-05 -1.0300192e-09)
(3.3136357e-05 2.2141542e-05 -1.0996668e-09)
(3.0525108e-05 2.3650994e-05 -1.1491649e-09)
(2.8042211e-05 2.5007687e-05 -1.1787569e-09)
(2.5703163e-05 2.6216034e-05 -1.1895435e-09)
(2.3526762e-05 2.7183576e-05 -1.1832826e-09)
(2.1498187e-05 2.7974566e-05 -1.1621927e-09)
(1.9606957e-05 2.866605e-05 -1.1286626e-09)
(1.7838383e-05 2.9227748e-05 -1.0850577e-09)
(1.6171861e-05 2.9679044e-05 -1.033559e-09)
(1.4602489e-05 3.0018914e-05 -9.7603958e-10)
(1.311795e-05 3.0281732e-05 -9.1399301e-10)
(1.1699276e-05 3.0488328e-05 -8.4852538e-10)
(1.0344449e-05 3.0573461e-05 -7.8036483e-10)
(9.0506806e-06 3.0549189e-05 -7.0993167e-10)
(7.8135492e-06 3.0434895e-05 -6.3741023e-10)
(6.6288391e-06 3.0218462e-05 -5.6284149e-10)
(5.4961234e-06 2.9895153e-05 -4.8622485e-10)
(4.4076379e-06 2.9413094e-05 -4.076202e-10)
(3.3617922e-06 2.9253387e-05 -3.2725652e-10)
(2.3549238e-06 2.7391677e-05 -2.4555302e-10)
(1.3850351e-06 2.9276609e-05 -1.636702e-10)
(4.4575703e-07 2.6384815e-05 -8.2633054e-11)
(3.6241e-05 1.3861255e-05 -4.8168603e-10)
(3.3956896e-05 1.5700041e-05 -5.4083126e-10)
(3.1591526e-05 1.7363047e-05 -5.9038655e-10)
(2.922294e-05 1.8904057e-05 -6.292163e-10)
(2.6911805e-05 2.0214408e-05 -6.5669386e-10)
(2.4714392e-05 2.1318583e-05 -6.7285838e-10)
(2.2628707e-05 2.2304184e-05 -6.7829054e-10)
(2.0679076e-05 2.3166516e-05 -6.7394342e-10)
(1.8862572e-05 2.3870475e-05 -6.6105224e-10)
(1.7170539e-05 2.4413956e-05 -6.4098183e-10)
(1.5591071e-05 2.4843988e-05 -6.1510291e-10)
(1.4110539e-05 2.5202698e-05 -5.8469298e-10)
(1.271904e-05 2.5481462e-05 -5.5086207e-10)
(1.14047e-05 2.5659641e-05 -5.1451017e-10)
(1.0157883e-05 2.5705812e-05 -4.7631994e-10)
(8.971563e-06 2.5669458e-05 -4.3676579e-10)
(7.8402152e-06 2.5598439e-05 -3.9613867e-10)
(6.76113e-06 2.5477864e-05 -3.5458619e-10)
(5.7310697e-06 2.5264593e-05 -3.1216137e-10)
(4.7464228e-06 2.4932739e-05 -2.6888315e-10)
(3.8030217e-06 2.4497459e-05 -2.2479703e-10)
(2.8990214e-06 2.4338768e-05 -1.8003159e-10)
(2.0370541e-06 2.2673429e-05 -1.3476272e-10)
(1.206244e-06 2.4787814e-05 -8.9691353e-11)
(4.0021355e-07 2.1945035e-05 -4.5043209e-11)
(3.2047822e-05 1.1727937e-05 -2.7225925e-10)
(3.0066647e-05 1.33046e-05 -3.0343604e-10)
(2.8001257e-05 1.4754454e-05 -3.297424e-10)
(2.5919745e-05 1.6012522e-05 -3.5039618e-10)
(2.3876711e-05 1.7072744e-05 -3.650088e-10)
(2.191296e-05 1.8006973e-05 -3.7348237e-10)
(2.0056119e-05 1.8799921e-05 -3.7605419e-10)
(1.8306281e-05 1.9465737e-05 -3.7321366e-10)
(1.6674465e-05 2.0039408e-05 -3.6561105e-10)
(1.515492e-05 2.0521275e-05 -3.5399639e-10)
(1.3738684e-05 2.089187e-05 -3.3912775e-10)
(1.2415403e-05 2.1148132e-05 -3.2172394e-10)
(1.1174947e-05 2.1336008e-05 -3.0242817e-10)
(1.0007665e-05 2.144534e-05 -2.8176522e-10)
(8.9051638e-06 2.1466625e-05 -2.6014054e-10)
(7.8575859e-06 2.1416569e-05 -2.3784472e-10)
(6.8620041e-06 2.1296198e-05 -2.1506524e-10)
(5.9140591e-06 2.1100026e-05 -1.9191096e-10)
(5.0114639e-06 2.084883e-05 -1.684321e-10)
(4.1488927e-06 2.0545227e-05 -1.4465033e-10)
(3.3241912e-06 2.0151767e-05 -1.2059813e-10)
(2.5365099e-06 2.002497e-05 -9.6350803e-11)
(1.7908386e-06 1.851386e-05 -7.1956377e-11)
(1.0630377e-06 2.0694373e-05 -4.788079e-11)
(3.428418e-07 1.8029711e-05 -2.3926174e-11)
(2.8508257e-05 9.8787931e-06 -1.5072969e-10)
(2.6784832e-05 1.1247955e-05 -1.6582414e-10)
(2.4977426e-05 1.2405704e-05 -1.7877651e-10)
(2.3144351e-05 1.3407671e-05 -1.8904191e-10)
(2.1333966e-05 1.4326544e-05 -1.9633323e-10)
(1.9582949e-05 1.5063597e-05 -2.0051429e-10)
(1.7915634e-05 1.5663981e-05 -2.0162455e-10)
(1.6343518e-05 1.6192026e-05 -1.9987255e-10)
(1.487271e-05 1.6641811e-05 -1.9557787e-10)
(1.3502025e-05 1.7011298e-05 -1.8911788e-10)
(1.2225722e-05 1.7303497e-05 -1.8089679e-10)
(1.1035313e-05 1.7519719e-05 -1.7130426e-10)
(9.9222341e-06 1.7657166e-05 -1.6069158e-10)
(8.8775729e-06 1.7709299e-05 -1.4935491e-10)
(7.8932298e-06 1.7699864e-05 -1.3752786e-10)
(6.9621382e-06 1.7634896e-05 -1.2537946e-10)
(6.0786882e-06 1.750396e-05 -1.1302597e-10)
(5.2392272e-06 1.7317572e-05 -1.0054065e-10)
(4.4391846e-06 1.7085624e-05 -8.7959949e-11)
(3.6760366e-06 1.6804352e-05 -7.5303721e-11)
(2.9472829e-06 1.64429e-05 -6.259652e-11)
(2.2505387e-06 1.6342581e-05 -4.9885805e-11)
(1.5974717e-06 1.4933625e-05 -3.7164828e-11)
(9.5091955e-07 1.7055082e-05 -2.4781865e-11)
(2.9547149e-07 1.460337e-05 -1.232284e-11)
(2.5533877e-05 8.280396e-06 -8.1909338e-11)
(2.4029915e-05 9.410756e-06 -8.7988746e-11)
(2.2443516e-05 1.0374121e-05 -9.3489671e-11)
(2.0824752e-05 1.1195084e-05 -9.7982503e-11)
(1.9216014e-05 1.1921539e-05 -1.0121424e-10)
(1.7650648e-05 1.253759e-05 -1.0304193e-10)
(1.615169e-05 1.3031348e-05 -1.0341776e-10)
(1.4732922e-05 1.3411371e-05 -1.0238503e-10)
(1.3401505e-05 1.3740041e-05 -1.0007571e-10)
(1.2158861e-05 1.4012667e-05 -9.6661197e-11)
(1.1001268e-05 1.4213625e-05 -9.2335875e-11)
(9.9225057e-06 1.4363184e-05 -8.7299031e-11)
(8.9152996e-06 1.4451124e-05 -8.1731261e-11)
(7.971748e-06 1.4492573e-05 -7.5793027e-11)
(7.0840328e-06 1.4484493e-05 -6.9610688e-11)
(6.2490481e-06 1.4414727e-05 -6.3277786e-11)
(5.4556197e-06 1.4295135e-05 -5.6863233e-11)
(4.7027209e-06 1.4137547e-05 -5.041169e-11)
(3.9859088e-06 1.3943975e-05 -4.3948788e-11)
(3.3022859e-06 1.3705878e-05 -3.7491492e-11)
(2.6491997e-06 1.3394869e-05 -3.1059202e-11)
(2.0156557e-06 1.3357714e-05 -2.4685089e-11)
(1.4430394e-06 1.2056785e-05 -1.8337957e-11)
(8.6416934e-07 1.4041591e-05 -1.2305944e-11)
(2.5554712e-07 1.18909e-05 -6.0840548e-12)
(2.3044967e-05 6.9015061e-06 -4.3965218e-11)
(2.1727376e-05 7.8402275e-06 -4.5149928e-11)
(2.0329958e-05 8.6522675e-06 -4.6618231e-11)
(1.8895496e-05 9.3243704e-06 -4.7986919e-11)
(1.7461201e-05 9.9e-06 -4.9029221e-11)
(1.6057222e-05 1.0389845e-05 -4.9589345e-11)
(1.4705436e-05 1.0804101e-05 -4.9591845e-11)
(1.3420151e-05 1.1136471e-05 -4.9000486e-11)
(1.2209358e-05 1.1350843e-05 -4.7826761e-11)
(1.10761e-05 1.1507317e-05 -4.6140104e-11)
(1.001873e-05 1.1651256e-05 -4.4025166e-11)
(9.0331564e-06 1.1746794e-05 -4.1563927e-11)
(8.1131644e-06 1.1788203e-05 -3.8839375e-11)
(7.252445e-06 1.1799018e-05 -3.5932724e-11)
(6.4443124e-06 1.1784661e-05 -3.2910943e-11)
(5.6827011e-06 1.1733514e-05 -2.9822877e-11)
(4.9622521e-06 1.1642067e-05 -2.6702579e-11)
(4.2783974e-06 1.1513733e-05 -2.3574488e-11)
(3.6273016e-06 1.135184e-05 -2.0458231e-11)
(3.0058921e-06 1.1156021e-05 -1.7369277e-11)
(2.417278e-06 1.0897112e-05 -1.4324021e-11)
(1.8085377e-06 1.096282e-05 -1.1345385e-11)
(1.3083861e-06 9.717156e-06 -8.3898389e-12)
(7.8902511e-07 1.1443692e-05 -5.7168562e-12)
(2.2878608e-07 9.643954e-06 -2.7880823e-12)
(2.0969472e-05 5.7420559e-06 -2.3753033e-11)
(1.9809994e-05 6.515545e-06 -2.236107e-11)
(1.8573815e-05 7.1892538e-06 -2.1676468e-11)
(1.7297593e-05 7.7552373e-06 -2.138325e-11)
(1.6013811e-05 8.2118142e-06 -2.1267384e-11)
(1.4749493e-05 8.5896628e-06 -2.1166827e-11)
(1.3525306e-05 8.9136498e-06 -2.0973015e-11)
(1.23556e-05 9.1803026e-06 -2.0623353e-11)
(1.1248946e-05 9.3717844e-06 -2.0078779e-11)
(1.0209012e-05 9.4931909e-06 -1.9338892e-11)
(9.2361776e-06 9.5649723e-06 -1.8427503e-11)
(8.3278841e-06 9.6024529e-06 -1.7370463e-11)
(7.4794986e-06 9.6166245e-06 -1.61962e-11)
(6.6857343e-06 9.6020717e-06 -1.4936209e-11)
(5.9412068e-06 9.5631487e-06 -1.3623716e-11)
(5.2370316e-06 9.5089781e-06 -1.2285527e-11)
(4.5740599e-06 9.4370545e-06 -1.0937159e-11)
(3.9443359e-06 9.3365621e-06 -9.5897282e-12)
(3.3441908e-06 9.2065286e-06 -8.2551263e-12)
(2.7700988e-06 9.0528469e-06 -6.9465419e-12)
(2.2185209e-06 8.8006759e-06 -5.6797079e-12)
(1.6838716e-06 9.0153569e-06 -4.4708282e-12)
(1.1715873e-06 7.8155051e-06 -3.2726363e-12)
(6.8778652e-07 9.2097303e-06 -2.3303754e-12)
(2.2700825e-07 7.8616275e-06 -1.0999115e-12)
(1.9243092e-05 4.7724189e-06 -1.3408146e-11)
(1.8217715e-05 5.4126418e-06 -1.0790556e-11)
(1.7118924e-05 5.9657869e-06 -9.0110497e-12)
(1.597825e-05 6.4290984e-06 -7.8450564e-12)
(1.482405e-05 6.8056039e-06 -7.1035623e-12)
(1.3680374e-05 7.1034591e-06 -6.6369167e-12)
(1.2566412e-05 7.3353681e-06 -6.323644e-12)
(1.1496136e-05 7.5310803e-06 -6.0832326e-12)
(1.0478663e-05 7.6831644e-06 -5.8591408e-12)
(9.5184712e-06 7.7817818e-06 -5.615363e-12)
(8.6169606e-06 7.8364479e-06 -5.3348155e-12)
(7.7727416e-06 7.8516109e-06 -5.0110486e-12)
(6.9826681e-06 7.8409468e-06 -4.6465731e-12)
(6.2424687e-06 7.809373e-06 -4.2504572e-12)
(5.5472034e-06 7.7575274e-06 -3.8312979e-12)
(4.8914342e-06 7.6893089e-06 -3.3987469e-12)
(4.2718662e-06 7.6028906e-06 -2.9631843e-12)
(3.6836882e-06 7.5030222e-06 -2.5331894e-12)
(3.1228616e-06 7.3961229e-06 -2.1162836e-12)
(2.5856843e-06 7.2675136e-06 -1.7197072e-12)
(2.0627127e-06 7.0973697e-06 -1.3562146e-12)
(1.6000573e-06 7.2422404e-06 -1.0376654e-12)
(1.0688153e-06 6.1097303e-06 -7.2563015e-13)
(6.0606966e-07 7.5287846e-06 -6.4642424e-13)
(2.3017036e-07 6.222105e-06 -2.5770154e-13)
(1.7809251e-05 3.9645367e-06 -8.4348449e-12)
(1.6897583e-05 4.4942766e-06 -5.2932904e-12)
(1.5915798e-05 4.9455906e-06 -3.0124217e-12)
(1.4891059e-05 5.3251272e-06 -1.4170402e-12)
(1.3848165e-05 5.6311065e-06 -3.4475713e-13)
(1.2808573e-05 5.8704963e-06 3.3641815e-13)
(1.1789787e-05 6.0511324e-06 7.3862679e-13)
(1.0805145e-05 6.1733153e-06 9.5447034e-13)
(9.8639062e-06 6.2628593e-06 1.0480719e-12)
(8.9714084e-06 6.332238e-06 1.067096e-12)
(8.1298318e-06 6.3657139e-06 1.0491847e-12)
(7.3388645e-06 6.3701605e-06 1.0155971e-12)
(6.5964617e-06 6.3517515e-06 9.7863444e-13)
(5.8994182e-06 6.3141035e-06 9.45376e-13)
(5.2436401e-06 6.2615973e-06 9.1947687e-13)
(4.6249518e-06 6.1975552e-06 9.0097213e-13)
(4.0395052e-06 6.1063314e-06 8.8585719e-13)
(3.4834442e-06 5.9998695e-06 8.6632582e-13)
(2.9532079e-06 5.8961248e-06 8.354854e-13)
(2.4458623e-06 5.7785928e-06 7.8771543e-13)
(1.9590493e-06 5.6448086e-06 7.1240703e-13)
(1.5013465e-06 5.7442073e-06 6.009592e-13)
(1.0225889e-06 4.7083949e-06 4.8752402e-13)
(5.8720141e-07 6.1740827e-06 1.5897077e-13)
(2.1499978e-07 4.9151699e-06 1.3833174e-13)
(1.6618843e-05 3.2875706e-06 -6.3428723e-12)
(1.5803584e-05 3.7254557e-06 -3.0093771e-12)
(1.4921417e-05 4.0972073e-06 -5.1699925e-13)
(1.3995789e-05 4.4073966e-06 1.270387e-12)
(1.3048422e-05 4.6562864e-06 2.5037724e-12)
(1.2098446e-05 4.8451946e-06 3.311536e-12)
(1.1161825e-05 4.9819588e-06 3.7914322e-12)
(1.0251094e-05 5.0723199e-06 4.0276014e-12)
(9.375274e-06 5.1225806e-06 4.0891335e-12)
(8.5402901e-06 5.1435748e-06 4.0325515e-12)
(7.7490941e-06 5.1477868e-06 3.8991527e-12)
(7.0023513e-06 5.1384333e-06 3.7170535e-12)
(6.2990006e-06 5.1093529e-06 3.507685e-12)
(5.6367204e-06 5.0664998e-06 3.2859649e-12)
(5.012315e-06 5.0110453e-06 3.0609386e-12)
(4.4224488e-06 4.944244e-06 2.8366173e-12)
(3.863633e-06 4.8660259e-06 2.6125973e-12)
(3.3324747e-06 4.778208e-06 2.3851066e-12)
(2.8259491e-06 4.6836249e-06 2.1499052e-12)
(2.3415549e-06 4.5744953e-06 1.9011349e-12)
(1.8773115e-06 4.4541293e-06 1.6283952e-12)
(1.4327577e-06 4.536685e-06 1.3236436e-12)
(9.8976012e-07 3.6009585e-06 1.0213807e-12)
(5.7690836e-07 5.0739605e-06 5.1855935e-13)
(2.011764e-07 3.8754628e-06 3.1186526e-13)
(1.5629729e-05 2.7292117e-06 -5.751953e-12)
(1.4896255e-05 3.0901027e-06 -2.3892244e-12)
(1.4098926e-05 3.3930246e-06 1.7614683e-13)
(1.3258021e-05 3.6448977e-06 2.0539091e-12)
(1.2392608e-05 3.8461427e-06 3.3720472e-12)
(1.1519745e-05 3.9966639e-06 4.2530831e-12)
(1.065396e-05 4.1005276e-06 4.7945476e-12)
(9.8069556e-06 4.1630781e-06 5.0749893e-12)
(8.9875327e-06 4.1936976e-06 5.1560023e-12)
(8.201759e-06 4.1983047e-06 5.0946024e-12)
(7.4532199e-06 4.17939e-06 4.9374749e-12)
(6.7434074e-06 4.1431448e-06 4.7171127e-12)
(6.0721078e-06 4.0958107e-06 4.4562669e-12)
(5.437798e-06 4.0514474e-06 4.1716218e-12)
(4.8383939e-06 3.9953869e-06 3.8756613e-12)
(4.2709861e-06 3.9259888e-06 3.5744309e-12)
(3.7326967e-06 3.8563748e-06 3.2698305e-12)
(3.220644e-06 3.7827038e-06 2.9610584e-12)
(2.7321649e-06 3.7040669e-06 2.6452822e-12)
(2.2649332e-06 3.6134303e-06 2.3174335e-12)
(1.8168468e-06 3.5065621e-06 1.9683316e-12)
(1.3860349e-06 3.6360751e-06 1.5885452e-12)
(9.6294415e-07 2.7401606e-06 1.2159413e-12)
(5.6342156e-07 4.086798e-06 6.5566957e-13)
(1.9328659e-07 3.0918324e-06 3.7465248e-13)
(1.4806116e-05 2.2701579e-06 -5.9018386e-12)
(1.4142103e-05 2.5672795e-06 -2.5895353e-12)
(1.3417076e-05 2.815321e-06 -2.4443421e-14)
(1.2648629e-05 3.0190373e-06 1.8952808e-12)
(1.185353e-05 3.1773612e-06 3.2727479e-12)
(1.1047017e-05 3.2949128e-06 4.2105902e-12)
(1.0242304e-05 3.3750949e-06 4.802787e-12)
(9.4502971e-06 3.4207207e-06 5.1281327e-12)
(8.6794905e-06 3.4369652e-06 5.2506849e-12)
(7.9360371e-06 3.4293406e-06 5.2222691e-12)
(7.2239239e-06 3.402718e-06 5.0860859e-12)
(6.5452269e-06 3.3618522e-06 4.877362e-12)
(5.9004742e-06 3.3147063e-06 4.6210138e-12)
(5.2889783e-06 3.2507131e-06 4.3354153e-12)
(4.7093845e-06 3.1803137e-06 4.0327815e-12)
(4.1594424e-06 3.1179875e-06 3.7196897e-12)
(3.6368023e-06 3.0528744e-06 3.3998252e-12)
(3.1390473e-06 2.9902818e-06 3.0738839e-12)
(2.6639462e-06 2.9244131e-06 2.7401802e-12)
(2.2091835e-06 2.8457945e-06 2.3947826e-12)
(1.7727931e-06 2.7491328e-06 2.0300356e-12)
(1.3535186e-06 2.8774228e-06 1.6350142e-12)
(9.4629573e-07 2.0990493e-06 1.2483208e-12)
(5.5567457e-07 3.3841788e-06 6.8626854e-13)
(1.8167471e-07 2.4406979e-06 3.8709711e-13)
(1.4117914e-05 1.8930226e-06 -6.3844107e-12)
(1.3512953e-05 2.1382494e-06 -3.1584417e-12)
(1.2849604e-05 2.3444934e-06 -6.2946259e-13)
(1.214319e-05 2.5105891e-06 1.2993335e-12)
(1.1408483e-05 2.6362187e-06 2.7134026e-12)
(1.0659116e-05 2.72703e-06 3.6997683e-12)
(9.9071228e-06 2.7864404e-06 4.3436155e-12)
(9.1626569e-06 2.8175547e-06 4.7199851e-12)
(8.433869e-06 2.822976e-06 4.892961e-12)
(7.7268984e-06 2.8079657e-06 4.9117013e-12)
(7.0459991e-06 2.7785578e-06 4.8164291e-12)
(6.3937314e-06 2.7373568e-06 4.6424973e-12)
(5.7712426e-06 2.6868857e-06 4.4163206e-12)
(5.1785662e-06 2.6262254e-06 4.1565852e-12)
(4.6147234e-06 2.561903e-06 3.8757512e-12)
(4.0783371e-06 2.5002447e-06 3.5813022e-12)
(3.5675565e-06 2.4396047e-06 3.277501e-12)
(3.0803562e-06 2.372635e-06 2.9659488e-12)
(2.6147676e-06 2.3053471e-06 2.6452097e-12)
(2.168688e-06 2.2388339e-06 2.3120698e-12)
(1.7402984e-06 2.148956e-06 1.9606068e-12)
(1.3283802e-06 2.2592906e-06 1.5799057e-12)
(9.3026892e-07 1.5706306e-06 1.2063381e-12)
(5.4763677e-07 2.869927e-06 6.681739e-13)
(1.7788384e-07 1.877555e-06 3.768415e-13)
(1.354008e-05 1.5867933e-06 -6.9942994e-12)
(1.2985386e-05 1.790477e-06 -3.8669006e-12)
(1.2374713e-05 1.9619884e-06 -1.389301e-12)
(1.172147e-05 2.0990864e-06 5.2553219e-13)
(1.1038719e-05 2.2016712e-06 1.9562816e-12)
(1.033867e-05 2.2733942e-06 2.9808298e-12)
(9.6322965e-06 2.3172867e-06 3.6744161e-12)
(8.9290445e-06 2.3365509e-06 4.1050559e-12)
(8.2366888e-06 2.3341615e-06 4.3321676e-12)
(7.5612954e-06 2.3147269e-06 4.4036858e-12)
(6.9072974e-06 2.2825968e-06 4.359332e-12)
(6.2776304e-06 2.24003e-06 4.2325841e-12)
(5.673931e-06 2.1899656e-06 4.0487213e-12)
(5.0967484e-06 2.1355815e-06 3.8262916e-12)
(4.5457115e-06 2.0786443e-06 3.5790064e-12)
(4.0199526e-06 2.0199131e-06 3.3159525e-12)
(3.5181267e-06 1.961639e-06 3.041654e-12)
(3.0386291e-06 1.9007953e-06 2.7577087e-12)
(2.5796323e-06 1.8399228e-06 2.4632338e-12)
(2.1394508e-06 1.7791814e-06 2.1555777e-12)
(1.7164056e-06 1.7061371e-06 1.8292576e-12)
(1.3090243e-06 1.8040924e-06 1.4756294e-12)
(9.1568563e-07 1.1664696e-06 1.1276929e-12)
(5.3940886e-07 2.4118875e-06 6.2493036e-13)
(1.7928476e-07 1.4746024e-06 3.5288222e-13)
(1.3052042e-05 1.3375409e-06 -7.6259301e-12)
(1.2540204e-05 1.5092321e-06 -4.6059433e-12)
(1.1974585e-05 1.6536514e-06 -2.1884342e-12)
(1.1366985e-05 1.7683167e-06 -2.978966e-13)
(1.0729005e-05 1.8536672e-06 1.1379754e-12)
(1.0071615e-05 1.9121308e-06 2.1902301e-12)
(9.4048268e-06 1.9453493e-06 2.92687e-12)
(8.7374201e-06 1.9569021e-06 3.4084876e-12)
(8.0767866e-06 1.9501316e-06 3.6891546e-12)
(7.4288765e-06 1.9283784e-06 3.8151176e-12)
(6.7982245e-06 1.8952299e-06 3.8245723e-12)
(6.1880373e-06 1.8531042e-06 3.7489274e-12)
(5.6003351e-06 1.8047633e-06 3.6126378e-12)
(5.0361202e-06 1.753215e-06 3.4339938e-12)
(4.4955695e-06 1.700125e-06 3.226726e-12)
(3.9782415e-06 1.6458305e-06 3.0005526e-12)
(3.4832257e-06 1.5938342e-06 2.7606023e-12)
(3.0092927e-06 1.5413709e-06 2.5090599e-12)
(2.5550088e-06 1.4889505e-06 2.2456787e-12)
(2.1189644e-06 1.4371623e-06 1.9682471e-12)
(1.6997658e-06 1.3788241e-06 1.6717526e-12)
(1.2960713e-06 1.4848689e-06 1.3492243e-12)
(9.0567748e-07 8.7544323e-07 1.0312619e-12)
(5.3410413e-07 2.0040368e-06 5.6888084e-13)
(1.7969588e-07 1.1979362e-06 3.2111814e-13)
(1.2637159e-05 1.1300683e-06 -8.2359602e-12)
(1.2161912e-05 1.2793017e-06 -5.3262406e-12)
(1.1634903e-05 1.404683e-06 -2.9716726e-12)
(1.1066561e-05 1.5011694e-06 -1.108678e-12)
(1.0467227e-05 1.5732886e-06 3.2620194e-13)
(9.8468045e-06 1.6216619e-06 1.3993218e-12)
(9.2144453e-06 1.6474227e-06 2.1720445e-12)
(8.5783096e-06 1.6550218e-06 2.6984078e-12)
(7.9454133e-06 1.646491e-06 3.0288847e-12)
(7.3215571e-06 1.624476e-06 3.2070411e-12)
(6.7113154e-06 1.5922922e-06 3.268706e-12)
(6.1180876e-06 1.5524999e-06 3.2433792e-12)
(5.5442006e-06 1.5072383e-06 3.154925e-12)
(4.9910429e-06 1.4584877e-06 3.0215917e-12)
(4.4592227e-06 1.4085537e-06 2.8566304e-12)
(3.9487149e-06 1.3592102e-06 2.6693472e-12)
(3.4590158e-06 1.3113575e-06 2.4655785e-12)
(2.989287e-06 1.2654363e-06 2.2481087e-12)
(2.5384956e-06 1.2217784e-06 2.0173249e-12)
(2.1055325e-06 1.1774636e-06 1.7717661e-12)
(1.6892969e-06 1.1239969e-06 1.5070017e-12)
(1.2887824e-06 1.2542952e-06 1.2167843e-12)
(9.0242844e-07 6.6353939e-07 9.3088908e-13)
(5.3264056e-07 1.6500417e-06 5.1154607e-13)
(1.7753025e-07 1.0022732e-06 2.8865629e-13)
(1.2282241e-05 9.5619695e-07 -8.8187399e-12)
(1.1838283e-05 1.0898405e-06 -6.0109865e-12)
(1.1344417e-05 1.2003682e-06 -3.7146892e-12)
(1.0809889e-05 1.2807582e-06 -1.8781738e-12)
(1.0243962e-05 1.3429638e-06 -4.4677619e-13)
(9.6556153e-06 1.3837556e-06 6.4289555e-13)
(9.0532483e-06 1.404632e-06 1.4460326e-12)
(8.4444556e-06 1.410738e-06 2.011009e-12)
(7.8358951e-06 1.4024018e-06 2.3858264e-12)
(7.233195e-06 1.3816431e-06 2.6114598e-12)
(6.6409235e-06 1.3516759e-06 2.7213863e-12)
(6.0626136e-06 1.3149187e-06 2.7434882e-12)
(5.5008331e-06 1.2733504e-06 2.7006921e-12)
(4.9572883e-06 1.2286937e-06 2.6108202e-12)
(4.4329442e-06 1.1829435e-06 2.4868826e-12)
(3.9281569e-06 1.1377606e-06 2.3380361e-12)
(3.4428081e-06 1.0936977e-06 2.1703831e-12)
(2.9764375e-06 1.0514786e-06 1.9872028e-12)
(2.5283543e-06 1.0120694e-06 1.7894602e-12)
(2.0977652e-06 9.7223076e-07 1.5762703e-12)
(1.6838497e-06 9.2722674e-07 1.3439176e-12)
(1.2860171e-06 1.0295554e-06 1.0863099e-12)
(9.0303348e-07 5.0139057e-07 8.3307065e-13)
(5.3355221e-07 1.416779e-06 4.5748627e-13)
(1.7461348e-07 8.0201842e-07 2.5737372e-13)
(1.1977033e-05 8.419056e-07 -9.4100269e-12)
(1.1559899e-05 9.3999726e-07 -6.6709782e-12)
(1.109449e-05 1.021033e-06 -4.4149959e-12)
(1.0589085e-05 1.0963732e-06 -2.6000327e-12)
(1.0052049e-05 1.1504822e-06 -1.1692844e-12)
(9.4915455e-06 1.1840326e-06 -6.4480609e-14)
(8.9153216e-06 1.2032757e-06 7.638085e-13)
(8.3304685e-06 1.2094767e-06 1.362008e-12)
(7.7433066e-06 1.2024688e-06 1.7754609e-12)
(7.1592814e-06 1.18366e-06 2.0430487e-12)
(6.5829213e-06 1.1563232e-06 2.1963072e-12)
(6.0178448e-06 1.122674e-06 2.2617439e-12)
(5.4668068e-06 1.084685e-06 2.2611948e-12)
(4.9317734e-06 1.0440141e-06 2.2118518e-12)
(4.414015e-06 1.0023345e-06 2.1264923e-12)
(3.9142187e-06 9.607909e-07 2.0142784e-12)
(3.4326012e-06 9.2005819e-07 1.8813818e-12)
(2.9690193e-06 8.803855e-07 1.7314254e-12)
(2.5230805e-06 8.4337778e-07 1.5658845e-12)
(2.0942367e-06 8.0560567e-07 1.3845325e-12)
(1.6818814e-06 7.5865011e-07 1.184547e-12)
(1.2855392e-06 8.3832685e-07 9.5921539e-13)
(9.0282683e-07 3.8908067e-07 7.3867659e-13)
(5.3360921e-07 1.2574975e-06 4.0665525e-13)
(1.7436407e-07 6.5014149e-07 2.2928803e-13)
(1.1713663e-05 7.2316645e-07 -9.9427682e-12)
(1.1319523e-05 8.1298003e-07 -7.2805829e-12)
(1.0878552e-05 8.8982285e-07 -5.0735063e-12)
(1.0398232e-05 9.5386707e-07 -3.2785809e-12)
(9.8861598e-06 9.925186e-07 -1.8431879e-12)
(9.3498266e-06 1.016655e-06 -7.2248433e-13)
(8.7963795e-06 1.0354767e-06 1.2750296e-13)
(8.2324811e-06 1.0409693e-06 7.5446531e-13)
(7.6641396e-06 1.0345361e-06 1.2017152e-12)
(7.0966187e-06 1.0173138e-06 1.5061258e-12)
(6.5343818e-06 9.9250693e-07 1.697654e-12)
(5.9811016e-06 9.623247e-07 1.8016941e-12)
(5.4396742e-06 9.280174e-07 1.8392457e-12)
(4.9122742e-06 8.9109362e-07 1.826976e-12)
(4.400425e-06 8.5297681e-07 1.7774088e-12)
(3.9050875e-06 8.1461802e-07 1.6995724e-12)
(3.4267529e-06 7.7682579e-07 1.5996073e-12)
(2.9655349e-06 7.4067918e-07 1.4813233e-12)
(2.5212587e-06 7.0619606e-07 1.346701e-12)
(2.0935298e-06 6.7027319e-07 1.1961297e-12)
(1.6818e-06 6.203215e-07 1.0277011e-12)
(1.2854217e-06 6.9593175e-07 8.3420278e-13)
(9.0229905e-07 3.0687026e-07 6.4597452e-13)
(5.3311053e-07 1.0993673e-06 3.5681618e-13)
(1.7558597e-07 5.1458208e-07 2.0297111e-13)
(1.1486232e-05 6.1780468e-07 -1.0429409e-11)
(1.1111728e-05 6.9824046e-07 -7.8395969e-12)
(1.0691703e-05 7.6442362e-07 -5.6718927e-12)
(1.0232953e-05 8.1481176e-07 -3.8924781e-12)
(9.7424211e-06 8.5763247e-07 -2.460686e-12)
(9.227017e-06 8.8714161e-07 -1.334077e-12)
(8.6933811e-06 8.9767476e-07 -4.6703863e-13)
(8.1477871e-06 8.9666172e-07 1.8572601e-13)
(7.5959597e-06 8.8842501e-07 6.6289214e-13)
(7.0429892e-06 8.7184622e-07 9.9872333e-13)
(6.4932631e-06 8.497869e-07 1.2233324e-12)
(5.9504975e-06 8.2457166e-07 1.3613859e-12)
(5.4176843e-06 7.9397498e-07 1.4330655e-12)
(4.8971563e-06 7.6101899e-07 1.4543758e-12)
(4.3906375e-06 7.2656398e-07 1.4376837e-12)
(3.8993068e-06 6.9144791e-07 1.3918458e-12)
(3.4238745e-06 6.5697459e-07 1.3228778e-12)
(2.9646567e-06 6.2443242e-07 1.2347168e-12)
(2.5216438e-06 5.9334337e-07 1.1297192e-12)
(2.094561e-06 5.618138e-07 1.0087475e-12)
(1.6829162e-06 5.145711e-07 8.7064783e-13)
(1.2860514e-06 5.8870637e-07 7.0856281e-13)
(9.0267351e-07 2.5304923e-07 5.5120415e-13)
(5.3343206e-07 9.6513378e-07 3.0243698e-13)
(1.7608425e-07 4.5181487e-07 1.7185772e-13)
(1.1290424e-05 5.2481726e-07 -1.0880369e-11)
(1.0932591e-05 5.9313336e-07 -8.3438454e-12)
(1.0530411e-05 6.5061662e-07 -6.210398e-12)
(1.0090095e-05 6.9635633e-07 -4.4502727e-12)
(9.6180481e-06 7.3197581e-07 -3.0253962e-12)
(9.1206597e-06 7.5655102e-07 -1.8960256e-12)
(8.6041657e-06 7.6812629e-07 -1.01714e-12)
(8.0744755e-06 7.6990432e-07 -3.4622812e-13)
(7.5370558e-06 7.6257662e-07 1.5360604e-13)
(6.9968276e-06 7.4280138e-07 5.1565915e-13)
(6.4581412e-06 7.2381843e-07 7.685243e-13)
(5.924695e-06 7.0444811e-07 9.364378e-13)
(5.3995595e-06 6.7637554e-07 1.0389731e-12)
(4.8851847e-06 6.4725285e-07 1.0909997e-12)
(4.3834452e-06 6.1694104e-07 1.1044113e-12)
(3.8956919e-06 5.8593231e-07 1.0880697e-12)
(3.4228099e-06 5.5548023e-07 1.0480882e-12)
(2.9652798e-06 5.2669832e-07 9.8853711e-13)
(2.5232388e-06 4.994324e-07 9.1202067e-13)
(2.0965355e-06 4.7176538e-07 8.1975277e-13)
(1.6847911e-06 4.3391679e-07 7.109421e-13)
(1.287478e-06 4.9764293e-07 5.807087e-13)
(9.0375974e-07 2.0394644e-07 4.5384259e-13)
(5.3423607e-07 8.3253551e-07 2.4528367e-13)
(1.7630473e-07 3.7327139e-07 1.4109566e-13)
(1.1122977e-05 4.4249964e-07 -1.1283555e-11)
(1.0779181e-05 5.0013426e-07 -8.7904789e-12)
(1.0392063e-05 5.493105e-07 -6.6882483e-12)
(9.9673564e-06 5.8918236e-07 -4.9496085e-12)
(9.5110042e-06 6.1894199e-07 -3.537509e-12)
(9.0289836e-06 6.39005e-07 -2.410713e-12)
(8.5271611e-06 6.4910051e-07 -1.5259779e-12)
(8.0111439e-06 6.5067847e-07 -8.4365972e-13)
(7.4861704e-06 6.4404707e-07 -3.2728588e-13)
(6.957019e-06 6.3718856e-07 5.4914489e-14)
(6.4279701e-06 6.2039914e-07 3.3132093e-13)
(5.9026977e-06 5.9475141e-07 5.2533681e-13)
(5.3843254e-06 5.7250403e-07 6.5493997e-13)
(4.8753896e-06 5.4791651e-07 7.3464779e-13)
(4.3778827e-06 5.2162394e-07 7.7558305e-13)
(3.8932907e-06 4.9586103e-07 7.863366e-13)
(3.4226414e-06 4.7051755e-07 7.7334794e-13)
(2.9665543e-06 4.45708e-07 7.4093517e-13)
(2.5253016e-06 4.2219305e-07 6.9179214e-13)
(2.0988652e-06 3.9816715e-07 6.2734981e-13)
(1.6870026e-06 3.6773937e-07 5.4729232e-13)
(1.2893664e-06 4.1888327e-07 4.4865948e-13)
(9.0514162e-07 1.6577892e-07 3.5202755e-13)
(5.3519912e-07 7.098585e-07 1.8425811e-13)
(1.7666677e-07 3.1247072e-07 1.0808516e-13)
(1.0981174e-05 3.7070423e-07 -1.1594307e-11)
(1.0649048e-05 4.1945663e-07 -9.1402657e-12)
(1.0274477e-05 4.6104595e-07 -7.0730026e-12)
(9.8628077e-06 4.9473846e-07 -5.3638534e-12)
(9.4196051e-06 5.2006667e-07 -3.9744108e-12)
(8.9505e-06 5.3743346e-07 -2.8617423e-12)
(8.4610508e-06 5.4762189e-07 -1.9834398e-12)
(7.956614e-06 5.5083195e-07 -1.2996211e-12)
(7.4422378e-06 5.4705444e-07 -7.7429205e-13)
(6.9225779e-06 5.3961487e-07 -3.7724936e-13)
(6.4018072e-06 5.2610706e-07 -8.2384538e-14)
(5.8836022e-06 5.0795306e-07 1.3230051e-13)
(5.3711011e-06 4.8848849e-07 2.8434458e-13)
(4.8669072e-06 4.6684433e-07 3.8770361e-13)
(4.3731064e-06 4.4476965e-07 4.5308902e-13)
(3.8912928e-06 4.240582e-07 4.8871548e-13)
(3.4226084e-06 4.0340911e-07 5.00885e-13)
(2.9677973e-06 3.823214e-07 4.9392937e-13)
(2.5272533e-06 3.6243326e-07 4.7064322e-13)
(2.1010809e-06 3.4190596e-07 4.3273118e-13)
(1.6891596e-06 3.1551458e-07 3.8054049e-13)
(1.2912501e-06 3.5673689e-07 3.1251131e-13)
(9.065778e-07 1.4510122e-07 2.4568243e-13)
(5.3610826e-07 6.0092537e-07 1.1934118e-13)
(1.7706659e-07 2.6826906e-07 7.2252862e-14)
(1.0862324e-05 3.1037262e-07 -1.170926e-11)
(1.0539723e-05 3.516109e-07 -9.3021478e-12)
(1.0175412e-05 3.871767e-07 -7.2881175e-12)
(9.7744284e-06 4.1609299e-07 -5.6301627e-12)
(9.3420324e-06 4.3838424e-07 -4.2848219e-12)
(8.8835755e-06 4.5448232e-07 -3.2064893e-12)
(8.4043675e-06 4.6489837e-07 -2.3518365e-12)
(7.9095575e-06 4.696011e-07 -1.6812645e-12)
(7.4040326e-06 4.6848974e-07 -1.1601531e-12)
(6.8923283e-06 4.6253317e-07 -7.595218e-13)
(6.3785529e-06 4.5271769e-07 -4.5512492e-13)
(5.8663537e-06 4.4004955e-07 -2.2685453e-13)
(5.3588782e-06 4.2514453e-07 -5.8294939e-14)
(4.8587791e-06 4.0879622e-07 6.3616891e-14)
(4.3682087e-06 3.9212493e-07 1.4905795e-13)
(3.8888475e-06 3.7391791e-07 2.0591604e-13)
(3.4219352e-06 3.5580176e-07 2.4009833e-13)
(2.9683186e-06 3.4002059e-07 2.557422e-13)
(2.5284953e-06 3.240668e-07 2.5578243e-13)
(2.1026729e-06 3.0702683e-07 2.4215839e-13)
(1.6908274e-06 2.8332065e-07 2.1584271e-13)
(1.2927459e-06 3.1732788e-07 1.7631322e-13)
(9.0777034e-07 1.4614469e-07 1.3780151e-13)
(5.3690869e-07 5.1221541e-07 5.2170382e-14)
(1.7722542e-07 2.4485288e-07 3.4182719e-14)
(1.076452e-05 2.6110515e-07 -1.1435391e-11)
(1.0449473e-05 2.9647983e-07 -9.1153862e-12)
(1.0093315e-05 3.278434e-07 -7.2007087e-12)
(9.7008406e-06 3.5300896e-07 -5.6380693e-12)
(9.2770715e-06 3.7274968e-07 -4.3760639e-12)
(8.8271426e-06 3.8830608e-07 -3.3660308e-12)
(8.3561687e-06 3.9924377e-07 -2.5635642e-12)
(7.8691353e-06 4.058427e-07 -1.930426e-12)
(7.3707947e-06 4.0759436e-07 -1.4339303e-12)
(6.8655857e-06 4.0534896e-07 -1.0472665e-12)
(6.3575594e-06 4.0024949e-07 -7.4814688e-13)
(5.8503356e-06 3.9229121e-07 -5.1816884e-13)
(5.3470691e-06 3.820196e-07 -3.4272296e-13)
(4.8504405e-06 3.7043889e-07 -2.1030863e-13)
(4.3626528e-06 3.5808946e-07 -1.1176904e-13)
(3.8854517e-06 3.4469331e-07 -3.9841807e-14)
(3.4201558e-06 3.3109516e-07 1.0884292e-14)
(2.9676897e-06 3.1753702e-07 4.4323031e-14)
(2.5286333e-06 3.0501566e-07 6.3279418e-14)
(2.1032691e-06 2.9236186e-07 6.9882827e-14)
(1.6916378e-06 2.7509837e-07 6.5493801e-14)
(1.2935885e-06 3.0171508e-07 5.0534299e-14)
(9.0857194e-07 1.6445484e-07 3.6940392e-14)
(5.3741078e-07 4.4508934e-07 -1.1412398e-14)
(1.7715959e-07 2.4139448e-07 -2.9234884e-15)
(1.0682087e-05 2.1750842e-07 -1.0475667e-11)
(1.0372839e-05 2.4984945e-07 -8.3455444e-12)
(1.0022965e-05 2.7792909e-07 -6.621737e-12)
(9.6370725e-06 2.9964528e-07 -5.2323526e-12)
(9.2200129e-06 3.1709646e-07 -4.1185298e-12)
(8.7767475e-06 3.317766e-07 -3.2300219e-12)
(8.3122498e-06 3.428478e-07 -2.5236598e-12)
(7.8313823e-06 3.5109288e-07 -1.9642646e-12)
(7.3387956e-06 3.5671253e-07 -1.523004e-12)
(6.8388518e-06 3.5901253e-07 -1.1757596e-12)
(6.3355539e-06 3.5804612e-07 -9.0311275e-13)
(5.8324972e-06 3.5493352e-07 -6.8971281e-13)
(5.3328353e-06 3.4931138e-07 -5.2282306e-13)
(4.8392669e-06 3.4212646e-07 -3.9289413e-13)
(4.3540292e-06 3.342862e-07 -2.9238329e-13)
(3.878916e-06 3.256446e-07 -2.1510157e-13)
(3.4152981e-06 3.1657545e-07 -1.5643676e-13)
(2.9641578e-06 3.0694951e-07 -1.1293801e-13)
(2.5261315e-06 2.9757401e-07 -8.2040348e-14)
(2.1015487e-06 2.8794411e-07 -6.1728759e-14)
(1.6904874e-06 2.7439383e-07 -5.0419046e-14)
(1.2928432e-06 2.9133876e-07 -4.7190269e-14)
(9.0821895e-07 1.9060737e-07 -4.2369001e-14)
(5.3722657e-07 3.87118e-07 -6.0281081e-14)
(1.7698184e-07 2.3307933e-07 -3.2480374e-14)
(1.0635448e-05 1.7127656e-07 -8.4621436e-12)
(1.0329828e-05 1.9675801e-07 -6.7115583e-12)
(9.9838802e-06 2.1943346e-07 -5.3304964e-12)
(9.6020959e-06 2.4129313e-07 -4.2369407e-12)
(9.1892123e-06 2.6005172e-07 -3.3681747e-12)
(8.7500702e-06 2.7272898e-07 -2.6768526e-12)
(8.2895688e-06 2.8306784e-07 -2.1281734e-12)
(7.812469e-06 2.9239736e-07 -1.6924847e-12)
(7.3233685e-06 2.9969831e-07 -1.3469367e-12)
(6.8265769e-06 3.0486031e-07 -1.0729288e-12)
(6.3260711e-06 3.0757605e-07 -8.5540139e-13)
(5.8254289e-06 3.0848556e-07 -6.8303427e-13)
(5.327797e-06 3.0745914e-07 -5.4609278e-13)
(4.8359009e-06 3.0485732e-07 -4.3719023e-13)
(4.3519887e-06 3.0141199e-07 -3.5058763e-13)
(3.8778956e-06 2.9707135e-07 -2.8178224e-13)
(3.4150269e-06 2.9200056e-07 -2.2737263e-13)
(2.9644044e-06 2.8628906e-07 -1.8473533e-13)
(2.5267015e-06 2.801567e-07 -1.5185155e-13)
(2.1022828e-06 2.732611e-07 -1.2708245e-13)
(1.691257e-06 2.6416113e-07 -1.0903489e-13)
(1.2934574e-06 2.7344596e-07 -9.6591335e-14)
(9.0859113e-07 2.0811554e-07 -8.2712964e-14)
(5.3746219e-07 3.2269794e-07 -8.1157501e-14)
(1.7729547e-07 2.2755523e-07 -4.7194751e-14)
(1.0559944e-05 1.1354679e-07 -5.0156695e-12)
(1.025735e-05 1.3093665e-07 -3.9506066e-12)
(9.914753e-06 1.4709992e-07 -3.1330735e-12)
(9.5365854e-06 1.6265707e-07 -2.4964944e-12)
(9.1275018e-06 1.7688558e-07 -1.9960805e-12)
(8.692312e-06 1.9122693e-07 -1.6013759e-12)
(8.235795e-06 2.0331935e-07 -1.2909421e-12)
(7.7626875e-06 2.1148201e-07 -1.0409387e-12)
(7.2775236e-06 2.1857339e-07 -8.4150915e-13)
(6.7845806e-06 2.24822e-07 -6.8237877e-13)
(6.2877971e-06 2.29675e-07 -5.5467604e-13)
(5.7907329e-06 2.3332244e-07 -4.5302096e-13)
(5.2965372e-06 2.3675524e-07 -3.7194656e-13)
(4.807895e-06 2.3899121e-07 -3.0670263e-13)
(4.3270855e-06 2.39442e-07 -2.5356562e-13)
(3.8559283e-06 2.389006e-07 -2.1040285e-13)
(3.395845e-06 2.3761758e-07 -1.7546367e-13)
(2.947872e-06 2.3565403e-07 -1.4728489e-13)
(2.5126957e-06 2.3304957e-07 -1.2472261e-13)
(2.0906947e-06 2.2972846e-07 -1.0682819e-13)
(1.6819828e-06 2.2527724e-07 -9.275074e-14)
(1.2866022e-06 2.2920338e-07 -8.1676395e-14)
(9.0335085e-07 2.0089785e-07 -7.009684e-14)
(5.3394833e-07 2.4181053e-07 -6.2970332e-14)
(1.7672164e-07 2.1016155e-07 -3.9883013e-14)
)
;

boundaryField
{
    Walls
    {
        type            noSlip;
    }
    Inlet
    {
        type            pressureInletVelocity;
        value           nonuniform List<vector> 3((1.602159 -0 -0) (1.5104404 -0 -0) (1.6462109 -0 -0));
    }
    Outlet
    {
        type            pressureInletOutletVelocity;
        value           nonuniform List<vector> 
86
(
(1.1306499e-05 1.4372853e-08 -1.4582933e-11)
(1.1294611e-05 3.6034601e-08 -1.4915453e-11)
(1.1188757e-05 5.5513611e-08 -1.1274532e-11)
(1.1029156e-05 7.5560496e-08 -8.4157426e-12)
(1.0818443e-05 9.5009109e-08 -6.4375903e-12)
(1.0559944e-05 1.1354679e-07 -5.0156695e-12)
(1.025735e-05 1.3093665e-07 -3.9506066e-12)
(9.914753e-06 1.4709992e-07 -3.1330735e-12)
(9.5365854e-06 1.6265707e-07 -2.4964944e-12)
(9.1275018e-06 1.7688558e-07 -1.9960805e-12)
(8.692312e-06 1.9122693e-07 -1.6013759e-12)
(8.235795e-06 2.0331935e-07 -1.2909421e-12)
(7.7626875e-06 2.1148201e-07 -1.0409387e-12)
(7.2775236e-06 2.1857339e-07 -8.4150915e-13)
(6.7845806e-06 2.24822e-07 -6.8237877e-13)
(6.2877971e-06 2.29675e-07 -5.5467604e-13)
(5.7907329e-06 2.3332244e-07 -4.5302096e-13)
(5.2965372e-06 2.3675524e-07 -3.7194656e-13)
(4.807895e-06 2.3899121e-07 -3.0670263e-13)
(4.3270855e-06 2.39442e-07 -2.5356562e-13)
(3.8559283e-06 2.389006e-07 -2.1040285e-13)
(3.395845e-06 2.3761758e-07 -1.7546367e-13)
(2.947872e-06 2.3565403e-07 -1.4728489e-13)
(2.5126957e-06 2.3304957e-07 -1.2472261e-13)
(2.0906947e-06 2.2972846e-07 -1.0682819e-13)
(1.6819828e-06 2.2527724e-07 -9.275074e-14)
(1.2866022e-06 2.2920338e-07 -8.1676395e-14)
(9.0335085e-07 2.0089785e-07 -7.009684e-14)
(5.3394833e-07 2.4181053e-07 -6.2970332e-14)
(1.7672164e-07 2.1016155e-07 -3.9883013e-14)
(-2.7112959e-06 0.10097329 -2.7487073e-07)
(9.3857047e-05 0.07085088 -2.5522205e-07)
(3.0032366e-05 0.022548572 -2.0104498e-07)
(0 -0.005564111 0)
(0 -0.010857799 0)
(0 -0.0058351965 0)
(0 -0.0013478882 0)
(2.4215997e-06 0.00032593504 -4.5768283e-08)
(2.3200283e-06 0.00050512944 -4.4544477e-08)
(2.0982094e-06 0.0002744024 -3.5849568e-08)
(2.0068299e-06 9.3631812e-05 -2.0688259e-08)
(2.1220986e-06 3.8735296e-05 -1.1682449e-08)
(2.1265274e-06 5.0235847e-05 -7.4934059e-09)
(1.948464e-06 7.5521833e-05 -5.379254e-09)
(1.7518522e-06 9.1378268e-05 -4.0035183e-09)
(1.5195652e-06 9.140845e-05 -2.8038993e-09)
(1.2769291e-06 8.1504886e-05 -1.8709237e-09)
(1.0653835e-06 6.8323184e-05 -1.1988747e-09)
(8.8595959e-07 5.5508324e-05 -7.4110864e-10)
(7.2569012e-07 4.5493729e-05 -4.4520453e-10)
(5.887501e-07 3.7707245e-05 -2.6165138e-10)
(4.9483834e-07 3.1586995e-05 -1.4958001e-10)
(4.4575703e-07 2.6384815e-05 -8.2633054e-11)
(4.0021355e-07 2.1945035e-05 -4.5043209e-11)
(3.428418e-07 1.8029711e-05 -2.3926174e-11)
(2.9547149e-07 1.460337e-05 -1.232284e-11)
(2.5554712e-07 1.18909e-05 -6.0840548e-12)
(2.2878608e-07 9.643954e-06 -2.7880823e-12)
(2.2700825e-07 7.8616275e-06 -1.0999115e-12)
(2.3017036e-07 6.222105e-06 -2.5770154e-13)
(2.1499978e-07 4.9151699e-06 1.3833174e-13)
(2.011764e-07 3.8754628e-06 3.1186526e-13)
(1.9328659e-07 3.0918324e-06 3.7465248e-13)
(1.8167471e-07 2.4406979e-06 3.8709711e-13)
(1.7788384e-07 1.877555e-06 3.768415e-13)
(1.7928476e-07 1.4746024e-06 3.5288222e-13)
(1.7969588e-07 1.1979362e-06 3.2111814e-13)
(1.7753025e-07 1.0022732e-06 2.8865629e-13)
(1.7461348e-07 8.0201842e-07 2.5737372e-13)
(1.7436407e-07 6.5014149e-07 2.2928803e-13)
(1.7558597e-07 5.1458208e-07 2.0297111e-13)
(1.7608425e-07 4.5181487e-07 1.7185772e-13)
(1.7630473e-07 3.7327139e-07 1.4109566e-13)
(1.7666677e-07 3.1247072e-07 1.0808516e-13)
(1.7706659e-07 2.6826906e-07 7.2252862e-14)
(1.7722542e-07 2.4485288e-07 3.4182719e-14)
(1.7715959e-07 2.4139448e-07 -2.9234884e-15)
(1.7698184e-07 2.3307933e-07 -3.2480374e-14)
(1.7729547e-07 2.2755523e-07 -4.7194751e-14)
(1.7672164e-07 2.1016155e-07 -3.9883013e-14)
(0 -0.00046273079 0)
(0 -0.0043063922 0)
(0 -0.0097014556 0)
(0 -0.006080301 0)
(-2.2040761e-05 0.019568423 -2.0666691e-07)
(-9.2902359e-05 0.067587999 -2.589818e-07)
)
;
    }
    Front
    {
        type            wedge;
    }
    Back
    {
        type            wedge;
    }
    defaultFaces
    {
        type            empty;
    }
}


// ************************************************************************* //
