/*--------------------------------*- C++ -*----------------------------------*\
| =========                 |                                                 |
| \\      /  F ield         | OpenFOAM: The Open Source CFD Toolbox           |
|  \\    /   O peration     | Version:  4.0                                   |
|   \\  /    A nd           | Web:      www.OpenFOAM.org                      |
|    \\/     M anipulation  |                                                 |
\*---------------------------------------------------------------------------*/
FoamFile
{
    version     2.0;
    format      ascii;
    class       volVectorField;
    location    "0.28";
    object      U;
}
// * * * * * * * * * * * * * * * * * * * * * * * * * * * * * * * * * * * * * //

dimensions      [0 1 -1 0 0 0 0];

internalField   nonuniform List<vector> 
1740
(
(1.4871558 -0.011157469 4.4849359e-06)
(1.4968005 -0.014981086 7.5048711e-07)
(1.6405552 -0.0047479448 3.0020926e-08)
(1.6200665 -0.01830945 7.3267591e-06)
(1.5285699 -0.034583299 1.4613214e-06)
(1.6589734 -0.018196998 3.0441515e-07)
(1.6145082 -0.0056553966 1.0349119e-05)
(1.5262991 -0.014901083 2.275851e-06)
(1.5436057 -0.0077066562 4.5716091e-07)
(1.5978061 0.0063000205 1.2942483e-05)
(1.5148121 0.013905478 3.2990424e-06)
(1.6368245 0.0010244707 5.6457399e-07)
(1.5663013 0.0084446713 1.5239969e-05)
(1.4955012 0.0068721048 4.3098384e-06)
(1.6226916 -0.0043605762 8.2455471e-07)
(1.5652536 0.0018615253 1.6529115e-05)
(1.5957107 -0.00084351062 4.9756506e-06)
(1.5879028 -0.00759142 9.698384e-07)
(1.5639149 0.0030319156 1.7968593e-05)
(1.5902575 0.018212584 6.0081741e-06)
(1.581182 0.010182667 1.1708824e-06)
(1.4537264 0.010006456 1.8265068e-05)
(1.4688033 0.034841817 6.6029615e-06)
(1.5898182 0.020423271 1.3238797e-06)
(1.4762767 0.0031308506 1.8556877e-05)
(1.5065798 0.0032567396 7.2238181e-06)
(1.7171438 -0.0013026621 1.5224965e-06)
(1.5171034 -0.0065343689 1.898152e-05)
(1.5252017 -0.019840278 7.8255459e-06)
(1.6107861 -0.015261777 1.7531587e-06)
(1.4993887 -0.015669541 1.9462306e-05)
(1.5184241 -0.018635284 8.4669968e-06)
(1.6184378 -0.010138698 1.938331e-06)
(1.5831119 -0.02010742 1.9896722e-05)
(1.5096036 -0.030724586 8.946096e-06)
(1.6110251 -0.017496062 2.1195863e-06)
(1.6139883 0.0076347162 2.029366e-05)
(1.6243559 -0.016222124 9.4020147e-06)
(1.5237454 -0.015219884 2.3113691e-06)
(1.5316633 0.0046852952 2.0407215e-05)
(1.6594667 0.011123372 1.006648e-05)
(1.5513131 0.00097372398 2.5252653e-06)
(1.5486306 0.0062778818 2.0274085e-05)
(1.5673091 0.0036636432 1.0411674e-05)
(1.5684324 -0.0028901706 2.6563806e-06)
(1.5583556 0.010805329 2.0459481e-05)
(1.6701177 -0.001726873 1.0937655e-05)
(1.5632349 -0.007045841 2.9092302e-06)
(1.5279386 0.002635843 2.1104854e-05)
(1.633841 0.0062106191 1.1516647e-05)
(1.5198779 0.0034926955 3.087565e-06)
(1.4907839 -0.0023868736 2.1351094e-05)
(1.6097822 0.012116308 1.1762005e-05)
(1.5620877 0.013853031 3.241344e-06)
(1.5127052 -0.010772158 2.15362e-05)
(1.639833 0.0099103673 1.2176216e-05)
(1.5975078 0.009355038 3.4835002e-06)
(1.5518503 -0.012270292 2.195209e-05)
(1.5732732 -0.0061639944 1.2480186e-05)
(1.5783604 -0.0051951985 3.6175296e-06)
(1.5775233 -0.018151525 2.2284054e-05)
(1.5942571 -0.017231639 1.2970006e-05)
(1.5747834 -0.0052500031 3.8128464e-06)
(1.6087034 -0.02040184 2.2114502e-05)
(1.5607778 -0.013864477 1.3267932e-05)
(1.550025 0.0018117657 3.9593119e-06)
(1.6769446 0.01605085 2.1818958e-05)
(1.5382464 -0.0069179254 1.3516786e-05)
(1.5585121 -0.0077421871 4.1329699e-06)
(1.6034927 0.036827774 2.1645572e-05)
(1.6586601 -0.0025888388 1.3800991e-05)
(1.5478632 -0.015545404 4.2191761e-06)
(1.5410311 0.019682362 2.1772945e-05)
(1.6517076 0.0047747657 1.4173218e-05)
(1.5337009 -0.0049156671 4.4011059e-06)
(1.5219997 -0.0010788462 2.2363564e-05)
(1.6292516 0.0078856434 1.4411498e-05)
(1.5527789 0.0052324634 4.5494106e-06)
(1.5060591 -0.017375838 2.2630785e-05)
(1.6125016 -0.0028396879 1.4696385e-05)
(1.5295251 0.0039527075 4.6901638e-06)
(1.5483541 -0.02247045 2.2935844e-05)
(1.5024044 -0.017907339 1.5028312e-05)
(1.5276173 -0.0053747232 4.8064928e-06)
(1.5726726 0.0015298541 2.250142e-05)
(1.4898871 -0.008265824 1.5111624e-05)
(1.5059919 -0.0012963787 4.869751e-06)
(1.3612886 0.053847392 2.3457502e-05)
(1.342298 0.10952716 1.5760598e-05)
(1.3800372 0.064252049 5.4915623e-06)
(0.84903996 0.36730199 1.2139569e-05)
(0.82455142 0.94787488 1.0011606e-05)
(0.76077167 1.2586005 5.3879128e-06)
(0.23493842 0.11888523 1.5183246e-06)
(0.19463497 0.38048222 3.1132139e-06)
(0.089124885 0.51912481 7.1063493e-07)
(-0.03098909 -0.012815936 1.2219494e-06)
(-0.029737591 -0.027022253 1.6989476e-06)
(-0.021776489 -0.031531758 5.9871511e-07)
(-0.009395639 -0.0032812684 4.5031437e-07)
(-0.0091224334 -0.0082880282 7.4692705e-07)
(-0.0080329007 -0.011251442 3.5922515e-07)
(-0.0018727213 -0.00045792653 1.3084809e-07)
(-0.0020605668 -0.0012019299 2.6324767e-07)
(-0.0022388068 -0.0021189951 1.3828606e-07)
(-0.00057002677 -0.00010154606 3.4687168e-08)
(-0.00073550505 -0.00025266581 7.4574548e-08)
(-0.00091583844 -0.00057006713 2.3564349e-08)
(-0.00028310783 -1.0273376e-05 3.8081463e-09)
(-0.00037702169 -4.8456968e-05 5.8761915e-09)
(-0.0004950147 -0.00015248289 -2.3279455e-08)
(-0.00024554831 2.1420458e-05 -6.5829493e-09)
(-0.00029731769 2.7310356e-05 -1.6665819e-08)
(-0.00036674756 -6.9291312e-06 -3.6698245e-08)
(-0.00025791619 1.0981057e-05 -7.9106853e-09)
(-0.00028610796 1.7390993e-05 -1.9724471e-08)
(-0.00032543781 6.0357586e-06 -3.4311005e-08)
(-0.00025434436 -3.7984813e-06 -5.9587192e-09)
(-0.00027096623 -1.6027453e-05 -1.5518993e-08)
(-0.00029153299 -4.0359573e-05 -2.6059831e-08)
(-0.0002291955 -1.4164247e-05 -3.5406013e-09)
(-0.00023752525 -3.7637631e-05 -1.0160031e-08)
(-0.00024733972 -6.855597e-05 -1.7455605e-08)
(-0.00019343835 -1.6011553e-05 -1.8875534e-09)
(-0.00019756773 -3.7293526e-05 -6.0697034e-09)
(-0.0002015675 -6.2984067e-05 -1.0790788e-08)
(-0.00015959306 -1.0993147e-05 -1.1003818e-09)
(-0.00016157663 -2.6134813e-05 -3.5382874e-09)
(-0.00016286598 -4.3851683e-05 -6.3678501e-09)
(-0.00013327042 -6.3767327e-06 -7.1486149e-10)
(-0.00013421091 -1.5105409e-05 -2.1073543e-09)
(-0.00013464463 -2.6296748e-05 -3.6793762e-09)
(-0.00011702093 -4.3969629e-06 -4.9482014e-10)
(-0.00011764129 -9.7910158e-06 -1.2943078e-09)
(-0.00011747561 -1.6930525e-05 -2.1116117e-09)
(-0.00010567993 -3.4957431e-06 -3.3688742e-10)
(-0.00010588094 -8.1023987e-06 -7.8915209e-10)
(-0.00010513837 -1.30144e-05 -1.1936983e-09)
(-9.5022848e-05 -3.2261482e-06 -2.0405723e-10)
(-9.5043573e-05 -7.408289e-06 -4.5454872e-10)
(-9.4090724e-05 -1.167237e-05 -6.480967e-10)
(-8.5649843e-05 -2.9711643e-06 -1.1291882e-10)
(-8.5603175e-05 -6.7697925e-06 -2.4532718e-10)
(-8.4714351e-05 -1.0808017e-05 -3.3253667e-10)
(-7.7575575e-05 -2.6424694e-06 -6.3797404e-11)
(-7.7507334e-05 -5.9797652e-06 -1.294186e-10)
(-7.6650336e-05 -9.6888938e-06 -1.6252502e-10)
(-7.0483366e-05 -2.3144024e-06 -4.0531841e-11)
(-7.0411125e-05 -5.1847981e-06 -7.2911319e-11)
(-6.9583023e-05 -8.4472645e-06 -7.9554757e-11)
(-6.4206621e-05 -2.0101694e-06 -3.1158536e-11)
(-6.4126796e-05 -4.3855502e-06 -4.9085403e-11)
(-6.3396993e-05 -7.370152e-06 -4.3584242e-11)
(-5.8627643e-05 -1.6728425e-06 -3.0399868e-11)
(-5.8550233e-05 -3.9281179e-06 -4.1342343e-11)
(-5.7925711e-05 -6.6129858e-06 -3.0538446e-11)
(-5.3642913e-05 -1.5956131e-06 -2.8829044e-11)
(-5.3584899e-05 -3.630384e-06 -3.9174413e-11)
(-5.3028858e-05 -5.9684192e-06 -2.6747778e-11)
(-4.9154074e-05 -1.4512134e-06 -2.81215e-11)
(-4.9108301e-05 -3.3061329e-06 -3.8331193e-11)
(-4.8616484e-05 -5.3766569e-06 -2.6497905e-11)
(-4.5073331e-05 -1.2959296e-06 -2.8656205e-11)
(-4.5037149e-05 -3.0043383e-06 -3.7986222e-11)
(-4.4605509e-05 -4.8827051e-06 -2.7248403e-11)
(-4.1335768e-05 -1.1999079e-06 -2.6665826e-11)
(-4.1307958e-05 -2.7047408e-06 -3.6602641e-11)
(-4.0925829e-05 -4.4454654e-06 -2.6749777e-11)
(-3.7892892e-05 -1.1062226e-06 -2.4816484e-11)
(-3.7870067e-05 -2.5109294e-06 -3.3568977e-11)
(-3.7525763e-05 -4.0917351e-06 -2.5211798e-11)
(-3.4703932e-05 -1.0327019e-06 -2.3312482e-11)
(-3.4684061e-05 -2.343122e-06 -3.1010831e-11)
(-3.4371354e-05 -3.8096757e-06 -2.3725421e-11)
(-3.173305e-05 -9.9398976e-07 -2.2236585e-11)
(-3.1719076e-05 -2.2256612e-06 -2.9346816e-11)
(-3.1436896e-05 -3.5874696e-06 -2.2848527e-11)
(-2.8959051e-05 -9.163961e-07 -2.1966719e-11)
(-2.8949457e-05 -2.1106155e-06 -2.8420854e-11)
(-2.8698098e-05 -3.432432e-06 -2.2399867e-11)
(-2.6377785e-05 -8.4830702e-07 -2.1752846e-11)
(-2.6368304e-05 -1.9343625e-06 -2.7642767e-11)
(-2.6142707e-05 -3.1547571e-06 -2.206415e-11)
(-2.398205e-05 -7.8654715e-07 -2.128486e-11)
(-2.3973544e-05 -1.788935e-06 -2.6754908e-11)
(-2.3767836e-05 -2.9174996e-06 -2.1684192e-11)
(-2.176209e-05 -7.2911835e-07 -2.0710908e-11)
(-2.1754383e-05 -1.6590764e-06 -2.5913497e-11)
(-2.1567789e-05 -2.7029167e-06 -2.1345532e-11)
(-1.971159e-05 -6.7243223e-07 -2.0225823e-11)
(-1.9704602e-05 -1.5305314e-06 -2.5255207e-11)
(-1.9535873e-05 -2.4930789e-06 -2.1074174e-11)
(-1.7825938e-05 -6.1357385e-07 -1.9812157e-11)
(-1.7819555e-05 -1.3967983e-06 -2.4644727e-11)
(-1.766716e-05 -2.2734865e-06 -2.082387e-11)
(-1.6100293e-05 -5.6091707e-07 -1.9257216e-11)
(-1.6094397e-05 -1.2778675e-06 -2.3953852e-11)
(-1.5956822e-05 -2.0800011e-06 -2.0469511e-11)
(-1.4529229e-05 -5.114286e-07 -1.8611235e-11)
(-1.4523732e-05 -1.1661648e-06 -2.3187083e-11)
(-1.4399569e-05 -1.8981748e-06 -2.0015832e-11)
(-1.3107358e-05 -4.6327274e-07 -1.7937235e-11)
(-1.3102209e-05 -1.0572786e-06 -2.2403273e-11)
(-1.2990189e-05 -1.7207193e-06 -1.9529782e-11)
(-1.1829101e-05 -4.1534193e-07 -1.743365e-11)
(-1.1824264e-05 -9.4819365e-07 -2.1884876e-11)
(-1.1723169e-05 -1.5431464e-06 -1.925278e-11)
(-1.0688437e-05 -3.6873151e-07 -1.7042052e-11)
(-1.0683871e-05 -8.4168239e-07 -2.1548492e-11)
(-1.059251e-05 -1.3695026e-06 -1.9148559e-11)
(-9.6788628e-06 -3.2460761e-07 -1.6678119e-11)
(-9.6745213e-06 -7.4115225e-07 -2.1263637e-11)
(-9.5917525e-06 -1.2063632e-06 -1.908123e-11)
(-8.7936506e-06 -2.8310136e-07 -1.632818e-11)
(-8.7894944e-06 -6.4674177e-07 -2.1007922e-11)
(-8.7142379e-06 -1.0532783e-06 -1.9034528e-11)
(-8.0261841e-06 -2.4436062e-07 -1.5974467e-11)
(-8.0221802e-06 -5.5818346e-07 -2.0794991e-11)
(-7.9534225e-06 -9.0726339e-07 -1.9056759e-11)
(-7.3702716e-06 -2.0737883e-07 -1.5751847e-11)
(-7.3663959e-06 -4.7415188e-07 -2.0715054e-11)
(-7.3031855e-06 -7.7095924e-07 -1.9147796e-11)
(-6.8204667e-06 -1.7188893e-07 -1.5650469e-11)
(-6.8167001e-06 -3.9306794e-07 -2.0769466e-11)
(-6.7581381e-06 -6.3998429e-07 -1.9318771e-11)
(-6.3728141e-06 -1.3686008e-07 -1.5691446e-11)
(-6.3691294e-06 -3.1231664e-07 -2.0913814e-11)
(-6.3143477e-06 -5.1075718e-07 -1.9484485e-11)
(-6.0257411e-06 -1.0199299e-07 -1.5796267e-11)
(-6.0221013e-06 -2.3109884e-07 -2.0953207e-11)
(-5.9702602e-06 -3.8081419e-07 -1.9386903e-11)
(-5.7762638e-06 -7.0420676e-08 -1.5630812e-11)
(-5.7726528e-06 -1.5827207e-07 -2.0381049e-11)
(-5.7229079e-06 -2.4992068e-07 -1.8523146e-11)
(-5.6301585e-06 -3.6203173e-08 -1.5125e-11)
(-5.6266191e-06 -8.0941159e-08 -1.8462307e-11)
(-5.5781243e-06 -1.3110698e-07 -1.5994454e-11)
(-5.5522729e-06 -5.0442707e-09 -1.2854036e-11)
(-5.5486836e-06 -9.7526982e-09 -1.3168712e-11)
(-5.500805e-06 -1.8233539e-08 -1.0482511e-11)
(-0.048054846 1.971531 -3.9960918e-07)
(-0.034066226 1.7185029 -3.4754081e-06)
(-0.063968162 0.35591805 -2.4433279e-07)
(-0.044292692 0.16091768 -1.0039313e-06)
(-0.016392656 -0.039883537 -1.879874e-07)
(-0.011893909 -0.042856385 -5.9053746e-07)
(-0.0066818644 -0.013842145 -6.9034973e-08)
(-0.0056409342 -0.015127149 -3.5796914e-07)
(-0.0021601279 -0.0032518661 -6.5883828e-08)
(-0.0019643325 -0.0040613533 -2.4005139e-07)
(-0.00089465659 -0.00096546354 -7.6160735e-08)
(-0.00073627505 -0.0012729693 -1.7607653e-07)
(-0.00049089187 -0.00027916039 -7.6401734e-08)
(-0.00039721239 -0.00036488143 -1.3424614e-07)
(-0.00037358454 -3.2786529e-05 -6.750494e-08)
(-0.00032108985 -3.8916209e-05 -1.0189217e-07)
(-0.00032966715 -6.7476377e-06 -5.3455809e-08)
(-0.00030192346 -1.7010599e-05 -7.4548348e-08)
(-0.00029537515 -6.314387e-05 -3.8452776e-08)
(-0.00027865056 -8.1050396e-05 -5.1678212e-08)
(-0.00024814402 -9.7894076e-05 -2.5516007e-08)
(-0.00023622272 -0.00012161682 -3.3858225e-08)
(-0.000200961 -9.0860228e-05 -1.5863673e-08)
(-0.00019368424 -0.00011347988 -2.1012137e-08)
(-0.00016154705 -6.3051116e-05 -9.3907563e-09)
(-0.00015682801 -8.0140374e-05 -1.2430979e-08)
(-0.00013345595 -3.7712385e-05 -5.3673893e-09)
(-0.00012979384 -4.8601865e-05 -7.0650848e-09)
(-0.00011614126 -2.437125e-05 -2.9885436e-09)
(-0.00011257985 -3.1178207e-05 -3.8783099e-09)
(-0.00010327906 -1.8530703e-05 -1.6199808e-09)
(-0.00010008054 -2.4197395e-05 -2.0572403e-09)
(-9.2325315e-05 -1.6155025e-05 -8.4502679e-10)
(-8.9714762e-05 -2.1050238e-05 -1.0474692e-09)
(-8.3150913e-05 -1.4912594e-05 -4.1753808e-10)
(-8.0987847e-05 -1.9042261e-05 -5.0566964e-10)
(-7.5258533e-05 -1.3433864e-05 -1.9400783e-10)
(-7.339895e-05 -1.7131958e-05 -2.2809602e-10)
(-6.8355502e-05 -1.1767116e-05 -8.5858082e-11)
(-6.6717086e-05 -1.5054274e-05 -9.4832902e-11)
(-6.2310621e-05 -1.0379726e-05 -3.8382816e-11)
(-6.0867158e-05 -1.3157835e-05 -3.6146809e-11)
(-5.6963298e-05 -9.1879854e-06 -2.0267519e-11)
(-5.5695677e-05 -1.1571145e-05 -1.321012e-11)
(-5.218473e-05 -8.2412618e-06 -1.4471639e-11)
(-5.1068931e-05 -1.0351318e-05 -5.5061007e-12)
(-4.7870952e-05 -7.4230749e-06 -1.3918133e-11)
(-4.6886053e-05 -9.3764851e-06 -4.1321451e-12)
(-4.3941252e-05 -6.6800959e-06 -1.5173568e-11)
(-4.3065095e-05 -8.4917623e-06 -5.1369547e-12)
(-4.0331572e-05 -6.1405277e-06 -1.5460213e-11)
(-3.9546703e-05 -7.7641618e-06 -6.0641788e-12)
(-3.6992065e-05 -5.6694227e-06 -1.5083965e-11)
(-3.628665e-05 -7.1861969e-06 -6.5228498e-12)
(-3.3889244e-05 -5.2538063e-06 -1.4704528e-11)
(-3.3253554e-05 -6.6878012e-06 -6.8459524e-12)
(-3.0999621e-05 -4.9242899e-06 -1.4569438e-11)
(-3.0425037e-05 -6.2480579e-06 -7.2748971e-12)
(-2.8306769e-05 -4.6758562e-06 -1.4651368e-11)
(-2.778506e-05 -5.8798254e-06 -7.8108507e-12)
(-2.5790943e-05 -4.3885516e-06 -1.4820007e-11)
(-2.5321433e-05 -5.5705008e-06 -8.3813405e-12)
(-2.3447094e-05 -4.0418313e-06 -1.4971158e-11)
(-2.3024741e-05 -5.1533441e-06 -8.928428e-12)
(-2.1277571e-05 -3.7372664e-06 -1.5100714e-11)
(-2.0893796e-05 -4.7525299e-06 -9.4029402e-12)
(-1.9273693e-05 -3.4483601e-06 -1.5218509e-11)
(-1.8926601e-05 -4.3811215e-06 -9.8350169e-12)
(-1.7430491e-05 -3.1419118e-06 -1.5343157e-11)
(-1.7116975e-05 -3.9978709e-06 -1.0242441e-11)
(-1.5743283e-05 -2.8764235e-06 -1.5330946e-11)
(-1.5460198e-05 -3.6602058e-06 -1.0495227e-11)
(-1.4207043e-05 -2.625005e-06 -1.5194531e-11)
(-1.3951809e-05 -3.3390037e-06 -1.0597945e-11)
(-1.2816723e-05 -2.3788878e-06 -1.5012478e-11)
(-1.2586769e-05 -3.0237809e-06 -1.0658692e-11)
(-1.1566853e-05 -2.1335181e-06 -1.4980278e-11)
(-1.1359619e-05 -2.7111234e-06 -1.0828785e-11)
(-1.0451472e-05 -1.8932859e-06 -1.5100038e-11)
(-1.0264474e-05 -2.4060217e-06 -1.1115978e-11)
(-9.4642054e-06 -1.6679086e-06 -1.5242996e-11)
(-9.2950807e-06 -2.1193788e-06 -1.1413698e-11)
(-8.5984943e-06 -1.456597e-06 -1.5391645e-11)
(-8.4450137e-06 -1.8508783e-06 -1.1705085e-11)
(-7.8478919e-06 -1.2548383e-06 -1.5589063e-11)
(-7.7079545e-06 -1.5963505e-06 -1.20174e-11)
(-7.2063741e-06 -1.066121e-06 -1.5823762e-11)
(-7.0780009e-06 -1.3559886e-06 -1.2353891e-11)
(-6.668636e-06 -8.852692e-07 -1.6086713e-11)
(-6.5499545e-06 -1.1248325e-06 -1.2688494e-11)
(-6.230801e-06 -7.0718266e-07 -1.627666e-11)
(-6.120016e-06 -8.9787628e-07 -1.2913005e-11)
(-5.8913258e-06 -5.2777958e-07 -1.6132191e-11)
(-5.7866764e-06 -6.7035568e-07 -1.2798023e-11)
(-5.6472681e-06 -3.4200075e-07 -1.5199088e-11)
(-5.5470443e-06 -4.4312424e-07 -1.1959516e-11)
(-5.5044658e-06 -1.8136658e-07 -1.2746268e-11)
(-5.406802e-06 -2.2506401e-07 -9.8904792e-12)
(-5.4281448e-06 -2.6563153e-08 -7.9972578e-12)
(-5.3317483e-06 -3.3988205e-08 -6.0670647e-12)
(0.0020003956 -2.8014197e-05 -8.1982455e-08)
(0.0019505355 -0.00010919766 -1.9331997e-07)
(0.0018501991 -0.00013715067 -2.7146275e-07)
(0.0017283428 -0.00018072972 -3.1890302e-07)
(0.0015953699 -0.00019763598 -3.422264e-07)
(0.0014576882 -0.0002162327 -3.4885744e-07)
(0.0013205634 -0.00022460222 -3.4465258e-07)
(0.0011874924 -0.00023189984 -3.3383626e-07)
(0.0010615287 -0.00024066938 -3.1931639e-07)
(0.00094492502 -0.00025173553 -3.0306055e-07)
(0.00083866219 -0.00026945776 -2.8639827e-07)
(0.00074249029 -0.00029419196 -2.7008154e-07)
(0.00065575116 -0.00032416726 -2.5442669e-07)
(0.00057755649 -0.00035869376 -2.3943955e-07)
(0.00050690057 -0.00039607435 -2.2497968e-07)
(0.00044273371 -0.0004343603 -2.108397e-07)
(0.00038397015 -0.00047341561 -1.9675159e-07)
(0.00032941889 -0.00051116816 -1.8232994e-07)
(0.00027841763 -0.00054414678 -1.6714277e-07)
(0.00023037087 -0.00057123928 -1.5066808e-07)
(0.00018482486 -0.00059115822 -1.3230062e-07)
(0.00014137305 -0.00060335442 -1.1114571e-07)
(9.9636989e-05 -0.00060638998 -8.6385974e-08)
(5.9119332e-05 -0.00060768012 -5.750182e-08)
(1.9053738e-05 -0.0005764479 -2.4042923e-08)
(0.00031072716 -0.0001423097 -9.8545892e-08)
(0.00029991812 -0.0005809391 -2.2895659e-07)
(0.00028933482 -0.00080685894 -3.1511214e-07)
(0.00027920828 -0.0011238276 -3.620769e-07)
(0.00027270821 -0.0013659976 -3.8089844e-07)
(0.00027101533 -0.0016158643 -3.8247645e-07)
(0.00027517734 -0.0018497546 -3.7388282e-07)
(0.0002857014 -0.0020969204 -3.5963266e-07)
(0.00029733903 -0.0023604773 -3.4243451e-07)
(0.00030642523 -0.0026209604 -3.2402897e-07)
(0.00031117442 -0.0028777167 -3.0573581e-07)
(0.00031145641 -0.0031297429 -2.8819938e-07)
(0.00030673279 -0.0033734435 -2.7163709e-07)
(0.0002969715 -0.0036055259 -2.5591362e-07)
(0.00028239206 -0.0038231033 -2.408064e-07)
(0.00026345469 -0.0040263215 -2.2608201e-07)
(0.00024084544 -0.0042252426 -2.1150631e-07)
(0.00021554135 -0.0044115687 -1.9657635e-07)
(0.00018804123 -0.0045609839 -1.8088627e-07)
(0.00015881276 -0.0046653243 -1.6386439e-07)
(0.00012853172 -0.0047211902 -1.4506838e-07)
(9.7812453e-05 -0.0047305739 -1.2312417e-07)
(6.7290259e-05 -0.0046963333 -9.693711e-08)
(3.7626591e-05 -0.0046044541 -6.5105746e-08)
(1.0125349e-05 -0.0043966146 -2.8371584e-08)
(0.0011950074 -0.00034638065 -1.3809665e-07)
(0.0011815615 -0.0016007399 -3.0856488e-07)
(0.001176095 -0.0021344559 -4.0698084e-07)
(0.0011761469 -0.0029936575 -4.4770175e-07)
(0.0011762262 -0.0036681301 -4.5503722e-07)
(0.0011721838 -0.0043545443 -4.4581598e-07)
(0.0011623215 -0.0050267217 -4.28368e-07)
(0.0011426715 -0.0058643565 -4.0759999e-07)
(0.001113231 -0.0068546662 -3.8539814e-07)
(0.001074469 -0.0077922943 -3.627875e-07)
(0.0010273163 -0.0086237658 -3.4138494e-07)
(0.00097194184 -0.0093374103 -3.2153791e-07)
(0.00090987386 -0.009926326 -3.0333421e-07)
(0.00084236957 -0.010396597 -2.8627574e-07)
(0.00077045887 -0.010754574 -2.6998181e-07)
(0.00069522875 -0.011001635 -2.5417113e-07)
(0.00061800833 -0.011129198 -2.3891444e-07)
(0.00054000102 -0.011155601 -2.2317392e-07)
(0.00046196501 -0.011109863 -2.068451e-07)
(0.00038468026 -0.011007544 -1.8938187e-07)
(0.00030889602 -0.01085845 -1.7005806e-07)
(0.00023476813 -0.010670823 -1.4768605e-07)
(0.00016267308 -0.010451184 -1.2057032e-07)
(9.325917e-05 -0.010170867 -8.5815703e-08)
(2.8548906e-05 -0.0097868307 -4.2667209e-08)
(0.0038221883 -0.0011003086 -2.2186623e-07)
(0.0037172291 -0.0048357177 -4.5515669e-07)
(0.003562093 -0.0061164484 -5.5762537e-07)
(0.0033151059 -0.0091445147 -5.7725601e-07)
(0.0030663258 -0.011788615 -5.6276406e-07)
(0.0028093733 -0.014190059 -5.3630646e-07)
(0.0025568809 -0.015930016 -5.0560903e-07)
(0.002308025 -0.016869435 -4.7683117e-07)
(0.0020710692 -0.017155984 -4.4904428e-07)
(0.0018464816 -0.017040483 -4.2034661e-07)
(0.0016361625 -0.016621716 -3.9467822e-07)
(0.0014401585 -0.016008977 -3.7145928e-07)
(0.0012572494 -0.015216685 -3.511101e-07)
(0.0010829251 -0.014298284 -3.3217161e-07)
(0.00092617953 -0.013309637 -3.1410452e-07)
(0.00078664438 -0.012295554 -2.9670932e-07)
(0.00066291602 -0.011293376 -2.7973629e-07)
(0.00055317267 -0.010335735 -2.6290068e-07)
(0.0004559205 -0.0094446691 -2.4583394e-07)
(0.00036941709 -0.0086446638 -2.2802911e-07)
(0.00029160524 -0.0079508617 -2.0882661e-07)
(0.00022100686 -0.0073650631 -1.872279e-07)
(0.00015603362 -0.0068875325 -1.6166951e-07)
(9.4856177e-05 -0.0064772288 -1.2946438e-07)
(3.5437479e-05 -0.0061867803 -8.2249197e-08)
(0.011912389 -0.0088657665 -4.1081486e-07)
(0.0092390393 -0.02581545 -7.0320732e-07)
(0.0077945785 -0.027830644 -7.7583826e-07)
(0.0059815551 -0.031707036 -7.5882751e-07)
(0.0045371994 -0.02890649 -7.1642859e-07)
(0.0033187386 -0.025053984 -6.6720903e-07)
(0.0023190155 -0.020434141 -6.1938778e-07)
(0.0015318168 -0.01555112 -5.7510976e-07)
(0.00092334672 -0.010652722 -5.3638888e-07)
(0.00045897433 -0.0061573179 -5.0099812e-07)
(0.00011032192 -0.0021075495 -4.6921134e-07)
(-0.00014070097 0.0013888225 -4.3967991e-07)
(-0.00031336922 0.004635521 -4.1632995e-07)
(-0.00042331875 0.007746775 -3.9424848e-07)
(-0.00048927494 0.010615268 -3.7297264e-07)
(-0.00051786144 0.013105079 -3.5276068e-07)
(-0.00051680331 0.015183662 -3.3336485e-07)
(-0.00049258435 0.016866803 -3.1450662e-07)
(-0.00045038647 0.018180917 -2.9586434e-07)
(-0.00039448284 0.0191586 -2.7707408e-07)
(-0.00032879114 0.019827038 -2.576642e-07)
(-0.00025618063 0.020209006 -2.3692821e-07)
(-0.00017908375 0.020301763 -2.1365284e-07)
(-0.00010083789 0.020164185 -1.9128089e-07)
(-2.3156261e-05 0.019450177 -1.6905982e-07)
(0.014486466 0.024783808 -7.8369536e-07)
(0.0028682731 0.00052186329 -1.1032927e-06)
(0.00018423803 0.050150372 -1.1024466e-06)
(-0.0015128656 0.053380238 -1.0268512e-06)
(-0.003010043 0.067302495 -9.4909608e-07)
(-0.0041327092 0.077337436 -8.6212347e-07)
(-0.0047453533 0.084294527 -7.8414228e-07)
(-0.0049128102 0.090060828 -7.1607428e-07)
(-0.0048057012 0.094258132 -6.5666427e-07)
(-0.0045606007 0.096852924 -6.0570514e-07)
(-0.0042491485 0.098313503 -5.6256032e-07)
(-0.0038810427 0.098689846 -5.1725252e-07)
(-0.0035106915 0.098338607 -4.9146705e-07)
(-0.0031542269 0.096976612 -4.6324132e-07)
(-0.0027963545 0.094765044 -4.3524474e-07)
(-0.0024498166 0.092295784 -4.1012264e-07)
(-0.0021229461 0.0896325 -3.8680922e-07)
(-0.0018163743 0.086856815 -3.6472083e-07)
(-0.001529262 0.084044398 -3.4345882e-07)
(-0.0012598138 0.081252533 -3.2269299e-07)
(-0.001005617 0.078517281 -3.0208362e-07)
(-0.00076459177 0.075880193 -2.811953e-07)
(-0.00053416479 0.073311613 -2.5955234e-07)
(-0.00031238133 0.07100246 -2.3782602e-07)
(-9.3533343e-05 0.067503842 -2.168221e-07)
(-0.0016667505 1.1894482 -2.52083e-06)
(-0.00092557377 0.97045687 -1.998942e-06)
(-0.0011873487 0.87239777 -1.617666e-06)
(-0.00089403519 0.77794825 -1.3278233e-06)
(-0.00075838526 0.6805177 -1.1122835e-06)
(-0.00065108622 0.58839609 -9.5418232e-07)
(-0.00054799064 0.50955001 -8.3695112e-07)
(-0.00046014378 0.44553682 -7.4902056e-07)
(-0.00038569699 0.39279706 -6.766866e-07)
(-0.00032051125 0.34782262 -6.2053353e-07)
(-0.00026473823 0.30900641 -5.7700157e-07)
(-0.00021990939 0.27560018 -5.3888391e-07)
(-0.00018502651 0.24703871 -5.0672018e-07)
(-0.00016005858 0.22258979 -4.7796452e-07)
(-0.00013628291 0.20159481 -4.5149621e-07)
(-0.00011564975 0.18357151 -4.2695324e-07)
(-9.7597907e-05 0.1680875 -4.0383146e-07)
(-8.1630123e-05 0.15477858 -3.8169365e-07)
(-6.7407713e-05 0.143341 -3.6023858e-07)
(-5.468666e-05 0.1335245 -3.3925324e-07)
(-4.3086609e-05 0.12511169 -3.1853465e-07)
(-3.2355236e-05 0.11796034 -2.9777082e-07)
(-2.230242e-05 0.11182526 -2.7682378e-07)
(-1.2843236e-05 0.1069968 -2.5553335e-07)
(-3.7571355e-06 0.10096214 -2.330571e-07)
(-0.012629808 0.096678372 -1.2166959e-06)
(-0.0017341817 0.10354149 -1.2538339e-06)
(0.00050207965 0.10853268 -1.2068594e-06)
(0.0019591581 0.10954966 -1.1157346e-06)
(0.0032930321 0.11084428 -1.012881e-06)
(0.0043128548 0.11189227 -9.1259838e-07)
(0.004857526 0.11312403 -8.2284063e-07)
(0.0049767158 0.11430495 -7.448337e-07)
(0.0048054156 0.11483107 -6.612033e-07)
(0.0045272016 0.11468747 -6.1886104e-07)
(0.0042262104 0.11382219 -5.7597759e-07)
(0.0038728191 0.11203524 -5.3176006e-07)
(0.0034940752 0.1094292 -4.9429822e-07)
(0.0031191532 0.10633372 -4.6180532e-07)
(0.0027575606 0.10299877 -4.3304557e-07)
(0.0024142591 0.099546614 -4.0709324e-07)
(0.0020904904 0.096058554 -3.8322556e-07)
(0.0017869903 0.092600842 -3.6087535e-07)
(0.0015031123 0.089223268 -3.3960253e-07)
(0.001237242 0.085962742 -3.1903347e-07)
(0.00098722642 0.082839964 -2.9877177e-07)
(0.0007506702 0.079884443 -2.7827665e-07)
(0.00052476351 0.0770568 -2.579616e-07)
(0.00030730612 0.074552916 -2.3677588e-07)
(9.2398645e-05 0.070836808 -2.1591054e-07)
(-0.0091388299 -0.040206822 -8.1541166e-07)
(-0.0074712033 -0.037235956 -8.7847865e-07)
(-0.0059868028 -0.035159078 -8.6490382e-07)
(-0.0046162555 -0.031566832 -8.1891615e-07)
(-0.003404043 -0.026636476 -7.6093946e-07)
(-0.0023696082 -0.021201972 -6.9990938e-07)
(-0.0015309535 -0.015695978 -6.4344205e-07)
(-0.00087430883 -0.010283801 -5.9176537e-07)
(-0.00037268772 -0.005452418 -5.4394998e-07)
(5.3133082e-07 -0.0011906655 -5.0815747e-07)
(0.00027245545 0.0025034007 -4.7506988e-07)
(0.0004614634 0.0061387846 -4.4404871e-07)
(0.00058430165 0.0096029947 -4.1604506e-07)
(0.00065608571 0.012705703 -3.9076835e-07)
(0.00068669119 0.015374629 -3.6767844e-07)
(0.00068453337 0.017609625 -3.4628869e-07)
(0.00065762971 0.01944898 -3.2624843e-07)
(0.00061120598 0.020928656 -3.0716253e-07)
(0.00054944578 0.022066002 -2.886533e-07)
(0.00047584941 0.022881842 -2.70306e-07)
(0.00039343755 0.023397227 -2.5152863e-07)
(0.00030459355 0.023632231 -2.31144e-07)
(0.00021263312 0.023597266 -2.1207957e-07)
(0.00012035104 0.023336238 -1.893953e-07)
(2.9017118e-05 0.022469095 -1.6760649e-07)
(-0.0049234784 -0.016169149 -5.2661543e-07)
(-0.0044039952 -0.018114926 -5.989873e-07)
(-0.0039562552 -0.020434993 -6.1218651e-07)
(-0.0035641907 -0.022123555 -5.9500305e-07)
(-0.0032042898 -0.023192336 -5.6543731e-07)
(-0.0028779974 -0.023543115 -5.3448458e-07)
(-0.0025761192 -0.023317099 -4.9584278e-07)
(-0.0022910281 -0.022697321 -4.6001022e-07)
(-0.0020259789 -0.021829678 -4.2770732e-07)
(-0.0017815188 -0.020766438 -4.0022017e-07)
(-0.0015570913 -0.019577608 -3.7528569e-07)
(-0.0013476949 -0.018244221 -3.5234097e-07)
(-0.0011568385 -0.016836918 -3.313417e-07)
(-0.00098661299 -0.015407027 -3.1211426e-07)
(-0.00083616382 -0.013991272 -2.9418261e-07)
(-0.00070403811 -0.01262799 -2.7716409e-07)
(-0.00058770118 -0.011358496 -2.6107106e-07)
(-0.00048587771 -0.010210487 -2.4541582e-07)
(-0.00039694676 -0.0091878046 -2.2979689e-07)
(-0.00031923477 -0.0082926556 -2.137431e-07)
(-0.00025098305 -0.0075262824 -1.9659697e-07)
(-0.00019031778 -0.0068888793 -1.7743911e-07)
(-0.00013528085 -0.0063774657 -1.5534921e-07)
(-8.3638399e-05 -0.0059520448 -1.2574401e-07)
(-3.2742525e-05 -0.0056672181 -8.1048773e-08)
(-0.0017897238 -0.0047316751 -3.5866814e-07)
(-0.0016726853 -0.0053652896 -4.2338007e-07)
(-0.0015984576 -0.0060070785 -4.47496e-07)
(-0.0015461628 -0.00660551 -4.4658801e-07)
(-0.0015063339 -0.0072493307 -4.3203749e-07)
(-0.001466023 -0.0081326277 -4.1077745e-07)
(-0.0014222457 -0.009195525 -3.8514867e-07)
(-0.0013706202 -0.010175087 -3.5957421e-07)
(-0.0013096083 -0.011035165 -3.3583977e-07)
(-0.0012397965 -0.011753801 -3.1450427e-07)
(-0.0011635538 -0.012337862 -2.9506624e-07)
(-0.0010824659 -0.012783274 -2.7719263e-07)
(-0.00099745081 -0.013092975 -2.6068415e-07)
(-0.00091043015 -0.013251024 -2.4575019e-07)
(-0.00082278611 -0.01328835 -2.3150852e-07)
(-0.00073469386 -0.013241855 -2.1814136e-07)
(-0.0006479138 -0.013133631 -2.0498975e-07)
(-0.00056347662 -0.012977022 -1.9189596e-07)
(-0.00048070759 -0.012780916 -1.7850349e-07)
(-0.00039968764 -0.012552547 -1.6434404e-07)
(-0.0003205491 -0.012297738 -1.4869227e-07)
(-0.00024344479 -0.012022233 -1.3047674e-07)
(-0.00016869278 -0.011729721 -1.0809158e-07)
(-9.6869327e-05 -0.011382398 -7.8107773e-08)
(-2.9986045e-05 -0.010942816 -3.9731241e-08)
(-0.00057526282 -0.0015397199 -2.5358607e-07)
(-0.00047765582 -0.0017821058 -3.028947e-07)
(-0.00042433455 -0.0020304853 -3.2711492e-07)
(-0.0003920804 -0.0022790835 -3.3319299e-07)
(-0.00038160809 -0.0025372564 -3.2759092e-07)
(-0.00038785291 -0.0028204006 -3.1505888e-07)
(-0.00039963199 -0.0031313955 -2.9860494e-07)
(-0.00041221823 -0.0034455924 -2.8091221e-07)
(-0.00042189964 -0.0037638727 -2.6356526e-07)
(-0.00042607106 -0.004079008 -2.4727431e-07)
(-0.00042385299 -0.0043862902 -2.3213275e-07)
(-0.00041511648 -0.0046817039 -2.1807393e-07)
(-0.00040033489 -0.0049732296 -2.0501042e-07)
(-0.00038063523 -0.005278487 -1.928841e-07)
(-0.00035671169 -0.0055815674 -1.8141886e-07)
(-0.0003293857 -0.0058458284 -1.7044665e-07)
(-0.00029965524 -0.0060636233 -1.5964879e-07)
(-0.00026667696 -0.0062313065 -1.4876219e-07)
(-0.00023153473 -0.0063472845 -1.3743452e-07)
(-0.00019479076 -0.0064108649 -1.2537602e-07)
(-0.00015712111 -0.0064231933 -1.1187475e-07)
(-0.00011917717 -0.0063868499 -9.5986753e-08)
(-8.1706754e-05 -0.0063067922 -7.6698557e-08)
(-4.5516179e-05 -0.0061656913 -5.2382432e-08)
(-1.2342284e-05 -0.005892047 -2.3688747e-08)
(-0.00028387467 -0.00040134316 -1.833967e-07)
(-0.00019206393 -0.00041402926 -2.1814088e-07)
(-0.00012093929 -0.00041792574 -2.3814719e-07)
(-7.2049226e-05 -0.0004258894 -2.4598717e-07)
(-3.9288356e-05 -0.00045069427 -2.4499372e-07)
(-1.9175434e-05 -0.00049124037 -2.3814719e-07)
(-8.0169227e-06 -0.00054505064 -2.2777351e-07)
(-4.4501642e-06 -0.0006085715 -2.1574148e-07)
(-6.7304679e-06 -0.0006830123 -2.0330939e-07)
(-1.2526238e-05 -0.00076648802 -1.9117855e-07)
(-1.9847372e-05 -0.00085757222 -1.7963956e-07)
(-2.7167192e-05 -0.00095242771 -1.6877766e-07)
(-3.358112e-05 -0.0010472469 -1.5858625e-07)
(-3.8276717e-05 -0.0011415418 -1.4900658e-07)
(-4.072018e-05 -0.0012315724 -1.3989931e-07)
(-4.1604429e-05 -0.0013109188 -1.3110424e-07)
(-4.1358642e-05 -0.0013779556 -1.2241146e-07)
(-3.895825e-05 -0.0014325789 -1.1359456e-07)
(-3.5531914e-05 -0.0014745219 -1.043817e-07)
(-3.1268107e-05 -0.0015029706 -9.4460278e-08)
(-2.6215561e-05 -0.0015175332 -8.3456967e-08)
(-2.0611361e-05 -0.0015183156 -7.0801695e-08)
(-1.4664494e-05 -0.0015075106 -5.5933825e-08)
(-8.4459126e-06 -0.0014845846 -3.8417939e-08)
(-2.0387786e-06 -0.0014112459 -1.7986393e-08)
(-0.00024769212 -2.178216e-05 -1.3274661e-07)
(-0.00017800165 1.4522435e-05 -1.5617692e-07)
(-0.00012020042 6.4152149e-05 -1.711193e-07)
(-7.4826116e-05 0.00011786307 -1.7828028e-07)
(-3.8937808e-05 0.00016761299 -1.7922683e-07)
(-1.1993371e-05 0.0002164585 -1.7570247e-07)
(7.2591774e-06 0.0002585765 -1.692684e-07)
(2.061489e-05 0.00029147672 -1.6121674e-07)
(2.8846788e-05 0.0003159352 -1.5248838e-07)
(3.2903135e-05 0.00033203275 -1.436767e-07)
(3.3842744e-05 0.00034145873 -1.3510002e-07)
(3.271338e-05 0.00034515737 -1.2690392e-07)
(3.0428017e-05 0.00034428494 -1.1912853e-07)
(2.7715016e-05 0.00033978281 -1.1174962e-07)
(2.487733e-05 0.00033283838 -1.0468738e-07)
(2.2256673e-05 0.00032469081 -9.7828294e-08)
(2.0244105e-05 0.00031613822 -9.1026348e-08)
(1.7682104e-05 0.00030738875 -8.4113004e-08)
(1.4950648e-05 0.00029835912 -7.6893137e-08)
(1.2055617e-05 0.0002893707 -6.9151076e-08)
(9.2082618e-06 0.00028044188 -6.0656855e-08)
(6.5098625e-06 0.00027153651 -5.1198515e-08)
(4.0358806e-06 0.00026248354 -4.0758426e-08)
(1.9395429e-06 0.0002518525 -2.9911749e-08)
(5.6631829e-07 0.00024206505 -2.0897183e-08)
(-0.00025767536 -7.8315956e-06 -9.4077227e-08)
(-0.00020807041 1.9534337e-05 -1.096154e-07)
(-0.00016145386 5.6319028e-05 -1.2019867e-07)
(-0.00012133057 0.00010159534 -1.258747e-07)
(-8.6769696e-05 0.0001501755 -1.2735657e-07)
(-5.8209826e-05 0.00019588293 -1.2562576e-07)
(-3.551918e-05 0.00024123939 -1.2166742e-07)
(-1.8069356e-05 0.00028625965 -1.1634162e-07)
(-4.9577275e-06 0.00032707415 -1.1031542e-07)
(4.0084432e-06 0.0003628226 -1.0405144e-07)
(9.3903276e-06 0.00039162898 -9.7832746e-08)
(1.2256595e-05 0.0004136658 -9.1805084e-08)
(1.3358447e-05 0.00043039181 -8.602965e-08)
(1.3200686e-05 0.00044225942 -8.0505562e-08)
(1.2246191e-05 0.00044989872 -7.5189382e-08)
(1.0934328e-05 0.00045411403 -7.0007735e-08)
(9.4597562e-06 0.00045564204 -6.4863449e-08)
(7.8208832e-06 0.00045485795 -5.9641817e-08)
(6.3164358e-06 0.0004519139 -5.4214099e-08)
(4.987341e-06 0.00044703671 -4.8450127e-08)
(3.7482631e-06 0.00044039177 -4.2240442e-08)
(2.6231711e-06 0.00043218409 -3.5549212e-08)
(1.6346177e-06 0.00042265344 -2.8560184e-08)
(7.7831211e-07 0.000411113 -2.1934057e-08)
(1.4572689e-07 0.00039161353 -1.7257882e-08)
(-0.00025196155 -9.3602146e-05 -6.4054815e-08)
(-0.0002188504 -9.5446091e-05 -7.4220857e-08)
(-0.00018434455 -8.3958931e-05 -8.1458741e-08)
(-0.00015166797 -6.457328e-05 -8.5647795e-08)
(-0.00012232008 -3.8903065e-05 -8.7089375e-08)
(-9.6787543e-05 -1.1772597e-05 -8.6313339e-08)
(-7.511193e-05 1.4213727e-05 -8.3917707e-08)
(-5.7301782e-05 3.9195681e-05 -8.0460693e-08)
(-4.2555213e-05 6.3041488e-05 -7.6399967e-08)
(-3.0551937e-05 8.5300325e-05 -7.2071236e-08)
(-2.1141002e-05 0.00010579586 -6.7695205e-08)
(-1.4332867e-05 0.00012385548 -6.3400039e-08)
(-9.6613771e-06 0.00013833787 -5.9246867e-08)
(-6.5516966e-06 0.00014933304 -5.5249194e-08)
(-4.6098524e-06 0.00015721353 -5.138743e-08)
(-3.4470461e-06 0.00016236411 -4.7618762e-08)
(-2.7240481e-06 0.00016520316 -4.3883494e-08)
(-2.3127979e-06 0.0001662025 -4.0110213e-08)
(-2.0207796e-06 0.00016578654 -3.6222018e-08)
(-1.7519981e-06 0.00016427821 -3.2147708e-08)
(-1.4894568e-06 0.00016192844 -2.784256e-08)
(-1.2129967e-06 0.00015895896 -2.3329002e-08)
(-8.48042e-07 0.00015527048 -1.8766682e-08)
(-5.854414e-07 0.00015181421 -1.455761e-08)
(-3.7404689e-07 0.00014375928 -1.1544622e-08)
(-0.00021616533 -0.00014180334 -4.1683951e-08)
(-0.00019367927 -0.00015643093 -4.8232809e-08)
(-0.00017009197 -0.00016255479 -5.302804e-08)
(-0.00014751013 -0.00016233119 -5.5925315e-08)
(-0.00012636498 -0.00015717597 -5.7056414e-08)
(-0.00010716 -0.00014855433 -5.6717495e-08)
(-8.963315e-05 -0.00013725797 -5.5264698e-08)
(-7.4344091e-05 -0.00012506615 -5.3049618e-08)
(-6.1022465e-05 -0.00011320129 -5.037245e-08)
(-4.9036061e-05 -0.00010140931 -4.7463893e-08)
(-3.856323e-05 -9.0003843e-05 -4.4482998e-08)
(-3.0078224e-05 -7.9496234e-05 -4.1528469e-08)
(-2.3437205e-05 -7.0081905e-05 -3.8652171e-08)
(-1.8207932e-05 -6.2032412e-05 -3.5872181e-08)
(-1.4219661e-05 -5.5601437e-05 -3.318293e-08)
(-1.122665e-05 -5.0590456e-05 -3.056255e-08)
(-8.9432316e-06 -4.6723499e-05 -2.7977992e-08)
(-7.1807422e-06 -4.3822688e-05 -2.5389278e-08)
(-5.7663027e-06 -4.1680356e-05 -2.275444e-08)
(-4.5831605e-06 -4.0150891e-05 -2.0037295e-08)
(-3.5646138e-06 -3.902721e-05 -1.721976e-08)
(-2.6678428e-06 -3.7859073e-05 -1.4317089e-08)
(-1.8494919e-06 -3.8233393e-05 -1.138286e-08)
(-1.0897983e-06 -3.5179414e-05 -8.4486438e-09)
(-3.9671757e-07 -3.6511534e-05 -5.1492974e-09)
(-0.00017996311 -0.00013023235 -2.5836327e-08)
(-0.00016385681 -0.00014499447 -2.9910456e-08)
(-0.00014693907 -0.00015714032 -3.2943958e-08)
(-0.00013013261 -0.00016499571 -3.4833693e-08)
(-0.00011382641 -0.0001685927 -3.5628751e-08)
(-9.8394099e-05 -0.00016870072 -3.5483107e-08)
(-8.4175082e-05 -0.00016487639 -3.4606672e-08)
(-7.1602695e-05 -0.00015990228 -3.3213659e-08)
(-6.0378617e-05 -0.00015449481 -3.1495016e-08)
(-5.0307213e-05 -0.00014731932 -2.9602632e-08)
(-4.1480731e-05 -0.00014013951 -2.7644916e-08)
(-3.3732578e-05 -0.00013317898 -2.5692305e-08)
(-2.7055316e-05 -0.00012668408 -2.378397e-08)
(-2.148183e-05 -0.00012081391 -2.1937237e-08)
(-1.6955468e-05 -0.0001154064 -2.0153369e-08)
(-1.3338501e-05 -0.00011051818 -1.8423145e-08)
(-1.0457632e-05 -0.00010622688 -1.6730437e-08)
(-8.1617844e-06 -0.0001024935 -1.5055208e-08)
(-6.321097e-06 -9.9137376e-05 -1.3376482e-08)
(-4.8356787e-06 -9.6052502e-05 -1.1676752e-08)
(-3.6244993e-06 -9.3099391e-05 -9.9466189e-09)
(-2.6153365e-06 -9.0100916e-05 -8.1867076e-09)
(-1.8101761e-06 -8.8024706e-05 -6.394918e-09)
(-1.0168712e-06 -8.3215898e-05 -4.5091591e-09)
(-2.6171502e-07 -8.0432562e-05 -2.2426404e-09)
(-0.00014760127 -9.269232e-05 -1.5279255e-08)
(-0.00013585269 -0.00010350797 -1.7697659e-08)
(-0.00012332733 -0.00011360134 -1.9513935e-08)
(-0.00011086598 -0.00012137825 -2.0659834e-08)
(-9.8809928e-05 -0.00012636583 -2.1153547e-08)
(-8.7127636e-05 -0.00012878808 -2.1077029e-08)
(-7.6202286e-05 -0.00012890652 -2.0548275e-08)
(-6.5353073e-05 -0.00012626324 -1.9693133e-08)
(-5.579958e-05 -0.00012183161 -1.8626978e-08)
(-4.7619929e-05 -0.00011727695 -1.7443895e-08)
(-4.0176938e-05 -0.00011245292 -1.6213838e-08)
(-3.3505894e-05 -0.00010717684 -1.4983006e-08)
(-2.7571735e-05 -0.00010195102 -1.3779419e-08)
(-2.2446525e-05 -9.6884673e-05 -1.26162e-08)
(-1.8059442e-05 -9.1942732e-05 -1.1497212e-08)
(-1.4350396e-05 -8.7266984e-05 -1.0419655e-08)
(-1.1282593e-05 -8.2919998e-05 -9.3766976e-09)
(-8.7842018e-06 -7.8890001e-05 -8.3591577e-09)
(-6.7640874e-06 -7.5196857e-05 -7.3573056e-09)
(-5.133307e-06 -7.1857739e-05 -6.3625177e-09)
(-3.8170538e-06 -6.8837543e-05 -5.368756e-09)
(-2.7427326e-06 -6.5893983e-05 -4.3708634e-09)
(-1.8419039e-06 -6.4392211e-05 -3.355422e-09)
(-1.0755899e-06 -5.9899643e-05 -2.278358e-09)
(-3.8237625e-07 -5.8614768e-05 -1.030763e-09)
(-0.00012303476 -5.8099326e-05 -8.6545398e-09)
(-0.00011383911 -6.5916205e-05 -1.0008521e-08)
(-0.0001043291 -7.2073641e-05 -1.1030577e-08)
(-9.4905255e-05 -7.6407603e-05 -1.1677685e-08)
(-8.5805383e-05 -7.924986e-05 -1.1953965e-08)
(-7.6978425e-05 -8.0576161e-05 -1.1901431e-08)
(-6.8653403e-05 -8.0653599e-05 -1.1584259e-08)
(-6.0240654e-05 -7.923815e-05 -1.1073585e-08)
(-5.2238289e-05 -7.6588181e-05 -1.0436613e-08)
(-4.5318477e-05 -7.3209271e-05 -9.7286201e-09)
(-3.9028064e-05 -6.9400312e-05 -8.9917953e-09)
(-3.3139659e-05 -6.5289214e-05 -8.2550394e-09)
(-2.7845351e-05 -6.0762354e-05 -7.5358302e-09)
(-2.3178229e-05 -5.6202509e-05 -6.843647e-09)
(-1.907181e-05 -5.1927171e-05 -6.1820111e-09)
(-1.5503562e-05 -4.7887014e-05 -5.550624e-09)
(-1.2449592e-05 -4.4077669e-05 -4.9468459e-09)
(-9.8779761e-06 -4.0560191e-05 -4.3666774e-09)
(-7.7245567e-06 -3.7388876e-05 -3.8056474e-09)
(-5.9377672e-06 -3.461023e-05 -3.2593983e-09)
(-4.456947e-06 -3.223156e-05 -2.7238777e-09)
(-3.2276732e-06 -3.0082771e-05 -2.1940855e-09)
(-2.1897576e-06 -2.9626746e-05 -1.6603488e-09)
(-1.2622501e-06 -2.5017832e-05 -1.1043093e-09)
(-3.8224396e-07 -2.6917821e-05 -5.082548e-10)
(-0.00010707968 -3.7932047e-05 -4.7138177e-09)
(-9.9924746e-05 -4.3291501e-05 -5.4273169e-09)
(-9.246107e-05 -4.6558385e-05 -5.9671635e-09)
(-8.4828443e-05 -4.8797832e-05 -6.3071556e-09)
(-7.7390808e-05 -5.0079297e-05 -6.4467546e-09)
(-7.025879e-05 -5.0362671e-05 -6.4066559e-09)
(-6.3364926e-05 -4.9972393e-05 -6.2203101e-09)
(-5.7107717e-05 -4.9158724e-05 -5.9262459e-09)
(-5.0657734e-05 -4.7327566e-05 -5.5614514e-09)
(-4.428577e-05 -4.4482203e-05 -5.1574445e-09)
(-3.8650877e-05 -4.1438959e-05 -4.7380173e-09)
(-3.3449943e-05 -3.8413709e-05 -4.319643e-09)
(-2.8673924e-05 -3.5137822e-05 -3.9128988e-09)
(-2.4337941e-05 -3.148817e-05 -3.5236081e-09)
(-2.0434638e-05 -2.7783502e-05 -3.1542781e-09)
(-1.6999181e-05 -2.4272411e-05 -2.8052386e-09)
(-1.3989355e-05 -2.0972373e-05 -2.4755242e-09)
(-1.1362142e-05 -1.7941742e-05 -2.1634505e-09)
(-9.0824043e-06 -1.5264993e-05 -1.8668672e-09)
(-7.1194945e-06 -1.2951167e-05 -1.5834727e-09)
(-5.4325853e-06 -1.1002582e-05 -1.31075e-09)
(-3.9766489e-06 -9.1370242e-06 -1.0454262e-09)
(-2.7131343e-06 -9.2162989e-06 -7.8243329e-10)
(-1.5591539e-06 -5.0330835e-06 -5.1543542e-10)
(-4.6459809e-07 -7.1140334e-06 -2.4338786e-10)
(-9.5761781e-05 -2.8849706e-05 -2.4712708e-09)
(-9.0424362e-05 -3.2498656e-05 -2.8266151e-09)
(-8.4520907e-05 -3.5217915e-05 -3.0957841e-09)
(-7.8484856e-05 -3.7111532e-05 -3.263355e-09)
(-7.2428599e-05 -3.810629e-05 -3.3278806e-09)
(-6.6460608e-05 -3.8396054e-05 -3.2990194e-09)
(-6.0617687e-05 -3.7989987e-05 -3.1936267e-09)
(-5.5012949e-05 -3.70015e-05 -3.0315541e-09)
(-4.9670632e-05 -3.582931e-05 -2.8322674e-09)
(-4.4183395e-05 -3.3924826e-05 -2.6124823e-09)
(-3.8966909e-05 -3.1381855e-05 -2.3850509e-09)
(-3.4223416e-05 -2.8887165e-05 -2.1591738e-09)
(-2.9792285e-05 -2.6330315e-05 -1.9407001e-09)
(-2.5670558e-05 -2.3651266e-05 -1.7329207e-09)
(-2.1964275e-05 -2.07937e-05 -1.5373313e-09)
(-1.8613004e-05 -1.7856953e-05 -1.3543281e-09)
(-1.5611376e-05 -1.4974993e-05 -1.18353e-09)
(-1.2936544e-05 -1.2344752e-05 -1.0241398e-09)
(-1.053482e-05 -1.0012773e-05 -8.7510556e-10)
(-8.4064079e-06 -7.9738898e-06 -7.3519887e-10)
(-6.5178985e-06 -6.2708278e-06 -6.0298808e-10)
(-4.8316781e-06 -4.5766897e-06 -4.7665446e-10)
(-3.3112797e-06 -4.7987512e-06 -3.5376654e-10)
(-1.921216e-06 -8.1559482e-07 -2.3211219e-10)
(-6.1993324e-07 -3.197697e-06 -1.1132022e-10)
(-8.638099e-05 -2.5175614e-05 -1.2418454e-09)
(-8.2422227e-05 -2.850528e-05 -1.4102033e-09)
(-7.7782134e-05 -3.1219642e-05 -1.537895e-09)
(-7.2965298e-05 -3.316916e-05 -1.6164054e-09)
(-6.7964791e-05 -3.4251102e-05 -1.6443029e-09)
(-6.2893877e-05 -3.4744778e-05 -1.6257969e-09)
(-5.7781636e-05 -3.4739995e-05 -1.5690365e-09)
(-5.2776703e-05 -3.4200261e-05 -1.4839357e-09)
(-4.801181e-05 -3.3359742e-05 -1.3802459e-09)
(-4.3513866e-05 -3.246549e-05 -1.266481e-09)
(-3.9057196e-05 -3.0887174e-05 -1.149301e-09)
(-3.4741079e-05 -2.8724427e-05 -1.03342e-09)
(-3.065783e-05 -2.663452e-05 -9.2188258e-10)
(-2.6829981e-05 -2.4494657e-05 -8.1644849e-10)
(-2.3306274e-05 -2.2204883e-05 -7.1796617e-10)
(-2.0034256e-05 -1.988565e-05 -6.2665814e-10)
(-1.7023633e-05 -1.7684696e-05 -5.423899e-10)
(-1.4268308e-05 -1.5544605e-05 -4.6478125e-10)
(-1.1793732e-05 -1.3537593e-05 -3.9330451e-10)
(-9.5375713e-06 -1.1745115e-05 -3.2732124e-10)
(-7.4774885e-06 -1.0197612e-05 -2.6607552e-10)
(-5.5927839e-06 -8.6606398e-06 -2.0862824e-10)
(-3.8559724e-06 -8.8083513e-06 -1.5380293e-10)
(-2.2481683e-06 -4.688629e-06 -1.0076284e-10)
(-7.3749906e-07 -7.1348505e-06 -4.8627446e-11)
(-7.8263576e-05 -2.2752411e-05 -5.9230696e-10)
(-7.5021419e-05 -2.6029018e-05 -6.6856351e-10)
(-7.128271e-05 -2.8649993e-05 -7.2676995e-10)
(-6.7191212e-05 -3.0624831e-05 -7.6236478e-10)
(-6.2946925e-05 -3.2200148e-05 -7.7415278e-10)
(-5.8650549e-05 -3.3223979e-05 -7.639698e-10)
(-5.4352772e-05 -3.3630003e-05 -7.3554594e-10)
(-5.0124573e-05 -3.3615604e-05 -6.9348538e-10)
(-4.6001898e-05 -3.3248709e-05 -6.4246795e-10)
(-4.2027043e-05 -3.2679768e-05 -5.8664351e-10)
(-3.8162346e-05 -3.2014638e-05 -5.2931696e-10)
(-3.4415e-05 -3.0739753e-05 -4.728599e-10)
(-3.0813518e-05 -2.9055831e-05 -4.1875871e-10)
(-2.7381405e-05 -2.7422255e-05 -3.6789731e-10)
(-2.408239e-05 -2.5666654e-05 -3.2072001e-10)
(-2.097294e-05 -2.3865334e-05 -2.773543e-10)
(-1.804613e-05 -2.207078e-05 -2.3773751e-10)
(-1.5299368e-05 -2.0314076e-05 -2.0169791e-10)
(-1.2776009e-05 -1.8627611e-05 -1.6897897e-10)
(-1.042901e-05 -1.7080858e-05 -1.3926461e-10)
(-8.2434568e-06 -1.5730017e-05 -1.1217483e-10)
(-6.2071132e-06 -1.4277572e-05 -8.7253367e-11)
(-4.3007741e-06 -1.4418502e-05 -6.3916608e-11)
(-2.5108172e-06 -1.0399936e-05 -4.188861e-11)
(-8.1726336e-07 -1.2495266e-05 -2.019694e-11)
(-7.108863e-05 -2.0460065e-05 -2.6386736e-10)
(-6.8326748e-05 -2.3353736e-05 -2.9650117e-10)
(-6.5160053e-05 -2.5825213e-05 -3.218819e-10)
(-6.1744672e-05 -2.7922629e-05 -3.3766873e-10)
(-5.8191668e-05 -2.9686225e-05 -3.4298437e-10)
(-5.4561238e-05 -3.0981686e-05 -3.3844077e-10)
(-5.092952e-05 -3.1783903e-05 -3.2556348e-10)
(-4.7317794e-05 -3.2183929e-05 -3.0637717e-10)
(-4.3757635e-05 -3.2243805e-05 -2.8300333e-10)
(-4.0269664e-05 -3.205007e-05 -2.5735828e-10)
(-3.6853928e-05 -3.166079e-05 -2.3100133e-10)
(-3.3524214e-05 -3.1124827e-05 -2.0505476e-10)
(-3.0291555e-05 -3.0248356e-05 -1.8026778e-10)
(-2.7174437e-05 -2.9043839e-05 -1.5707889e-10)
(-2.416601e-05 -2.7731977e-05 -1.3569572e-10)
(-2.1283827e-05 -2.6366247e-05 -1.1618609e-10)
(-1.8525811e-05 -2.4972151e-05 -9.8530997e-11)
(-1.5906564e-05 -2.3579949e-05 -8.2657695e-11)
(-1.3394754e-05 -2.2220994e-05 -6.8451774e-11)
(-1.1020566e-05 -2.0930989e-05 -5.5765689e-11)
(-8.7759648e-06 -1.9754472e-05 -4.4426675e-11)
(-6.6499436e-06 -1.8320423e-05 -3.4225197e-11)
(-4.6262235e-06 -1.8509035e-05 -2.4866195e-11)
(-2.7049193e-06 -1.4798602e-05 -1.6342371e-11)
(-8.8225316e-07 -1.6363369e-05 -7.8165509e-12)
(-6.4687333e-05 -1.7997334e-05 -1.0680506e-10)
(-6.233833e-05 -2.0622037e-05 -1.1907641e-10)
(-5.9678953e-05 -2.3017923e-05 -1.2932746e-10)
(-5.680223e-05 -2.5037937e-05 -1.3619124e-10)
(-5.3794865e-05 -2.6570628e-05 -1.3889846e-10)
(-5.0700856e-05 -2.7868592e-05 -1.3749962e-10)
(-4.7590751e-05 -2.896789e-05 -1.3251843e-10)
(-4.4468744e-05 -2.9684048e-05 -1.2476218e-10)
(-4.1370821e-05 -3.0064839e-05 -1.1511225e-10)
(-3.8304204e-05 -3.0198921e-05 -1.0438139e-10)
(-3.5277283e-05 -3.0120008e-05 -9.3258734e-11)
(-3.2301182e-05 -2.9868424e-05 -8.2262344e-11)
(-2.9391082e-05 -2.9461096e-05 -7.1737266e-11)
(-2.6554003e-05 -2.8866498e-05 -6.1905438e-11)
(-2.3783448e-05 -2.7983568e-05 -5.2886018e-11)
(-2.1101066e-05 -2.6950843e-05 -4.471461e-11)
(-1.8504195e-05 -2.592742e-05 -3.7383285e-11)
(-1.6001401e-05 -2.4877127e-05 -3.0869403e-11)
(-1.3582868e-05 -2.3830205e-05 -2.5132491e-11)
(-1.1253388e-05 -2.2791821e-05 -2.0114388e-11)
(-9.01507e-06 -2.1812533e-05 -1.574381e-11)
(-6.8666644e-06 -2.0599036e-05 -1.1933635e-11)
(-4.7903741e-06 -2.0883995e-05 -8.535863e-12)
(-2.8055342e-06 -1.7486083e-05 -5.6766199e-12)
(-9.2161087e-07 -1.8875456e-05 -2.6216428e-12)
(-5.9086922e-05 -1.5759782e-05 -3.705928e-11)
(-5.7035276e-05 -1.8168078e-05 -3.9896993e-11)
(-5.4772632e-05 -2.0229425e-05 -4.3191725e-11)
(-5.2311887e-05 -2.2007715e-05 -4.5902378e-11)
(-4.972356e-05 -2.3558859e-05 -4.737275e-11)
(-4.7070932e-05 -2.4862955e-05 -4.7379921e-11)
(-4.4363978e-05 -2.5992446e-05 -4.6017749e-11)
(-4.1644302e-05 -2.6865485e-05 -4.3548895e-11)
(-3.8923839e-05 -2.7452541e-05 -4.0276546e-11)
(-3.6212232e-05 -2.7814961e-05 -3.6487884e-11)
(-3.3517812e-05 -2.7980103e-05 -3.2458969e-11)
(-3.0849855e-05 -2.7942072e-05 -2.8414036e-11)
(-2.8217165e-05 -2.7744372e-05 -2.450107e-11)
(-2.5627475e-05 -2.7405949e-05 -2.082309e-11)
(-2.3082971e-05 -2.7027481e-05 -1.744587e-11)
(-2.0587339e-05 -2.6517969e-05 -1.440289e-11)
(-1.8148642e-05 -2.5750688e-05 -1.1704191e-11)
(-1.5768826e-05 -2.4931228e-05 -9.3455255e-12)
(-1.3448103e-05 -2.4135471e-05 -7.3160267e-12)
(-1.1192227e-05 -2.3315644e-05 -5.6000661e-12)
(-9.0017378e-06 -2.2528168e-05 -4.1793565e-12)
(-6.8858598e-06 -2.1412082e-05 -3.0311418e-12)
(-4.7828294e-06 -2.1787921e-05 -2.0655462e-12)
(-2.7844436e-06 -1.8878033e-05 -1.4777343e-12)
(-9.4885364e-07 -1.9721928e-05 -6.0664571e-13)
(-5.4138308e-05 -1.3848895e-05 -9.2596777e-12)
(-5.2343761e-05 -1.6018199e-05 -7.7202125e-12)
(-5.0373099e-05 -1.7876719e-05 -7.6681342e-12)
(-4.8233811e-05 -1.9541589e-05 -8.2731513e-12)
(-4.5978022e-05 -2.1050208e-05 -8.9968876e-12)
(-4.3658198e-05 -2.2305467e-05 -9.4612587e-12)
(-4.1285377e-05 -2.3411624e-05 -9.5499192e-12)
(-3.8886403e-05 -2.433093e-05 -9.3061405e-12)
(-3.6476091e-05 -2.5021305e-05 -8.7637842e-12)
(-3.4060894e-05 -2.5526998e-05 -7.9801739e-12)
(-3.1647999e-05 -2.5859944e-05 -7.0359272e-12)
(-2.9244094e-05 -2.6018662e-05 -6.0180788e-12)
(-2.6854599e-05 -2.6019244e-05 -4.9948476e-12)
(-2.4484136e-05 -2.5887061e-05 -4.0082922e-12)
(-2.2144443e-05 -2.5669966e-05 -3.0871919e-12)
(-1.9825352e-05 -2.5359543e-05 -2.252931e-12)
(-1.754355e-05 -2.4993628e-05 -1.5235657e-12)
(-1.5296698e-05 -2.4542846e-05 -9.1050352e-13)
(-1.3090004e-05 -2.3952829e-05 -4.2036357e-13)
(-1.0928136e-05 -2.3293296e-05 -5.6207998e-14)
(-8.8128152e-06 -2.2642074e-05 1.757211e-13)
(-6.7541827e-06 -2.1597376e-05 2.7268457e-13)
(-4.7272401e-06 -2.2105223e-05 3.0329174e-13)
(-2.7681544e-06 -1.9372405e-05 3.7180481e-14)
(-9.127948e-07 -2.0210578e-05 1.1147639e-13)
(-4.9704788e-05 -1.2349954e-05 2.3604437e-13)
(-4.8129893e-05 -1.4295149e-05 3.5976661e-12)
(-4.6389801e-05 -1.6023961e-05 5.225866e-12)
(-4.4507052e-05 -1.7591269e-05 5.7269632e-12)
(-4.251533e-05 -1.9028236e-05 5.5524133e-12)
(-4.0460023e-05 -2.0282387e-05 5.0818317e-12)
(-3.8357705e-05 -2.130913e-05 4.5289005e-12)
(-3.6221054e-05 -2.2201034e-05 3.9841126e-12)
(-3.4065329e-05 -2.2989943e-05 3.5058979e-12)
(-3.1897367e-05 -2.3592124e-05 3.1217025e-12)
(-2.9721983e-05 -2.4045775e-05 2.8407545e-12)
(-2.7543898e-05 -2.4354289e-05 2.645904e-12)
(-2.536734e-05 -2.45311e-05 2.5116543e-12)
(-2.3196446e-05 -2.4587135e-05 2.4159094e-12)
(-2.1036189e-05 -2.4536416e-05 2.3435996e-12)
(-1.8887476e-05 -2.4386013e-05 2.2810785e-12)
(-1.6756679e-05 -2.4158001e-05 2.2152779e-12)
(-1.4647564e-05 -2.3844642e-05 2.1338536e-12)
(-1.2564511e-05 -2.3457095e-05 2.02393e-12)
(-1.0511596e-05 -2.3047317e-05 1.8721519e-12)
(-8.4941086e-06 -2.2608353e-05 1.6606557e-12)
(-6.5101402e-06 -2.1580721e-05 1.3763295e-12)
(-4.6088107e-06 -2.2237952e-05 1.0713092e-12)
(-2.7338332e-06 -1.9763912e-05 5.1450191e-13)
(-8.5729255e-07 -2.0209791e-05 3.3025876e-13)
(-4.5682236e-05 -1.1197461e-05 2.446493e-12)
(-4.4290063e-05 -1.2932677e-05 6.5133273e-12)
(-4.274374e-05 -1.4553667e-05 8.8244111e-12)
(-4.1065338e-05 -1.6008417e-05 9.8538829e-12)
(-3.9296934e-05 -1.7351645e-05 1.0040089e-11)
(-3.7461625e-05 -1.8586914e-05 9.7315405e-12)
(-3.5575405e-05 -1.964495e-05 9.1437437e-12)
(-3.3656285e-05 -2.052717e-05 8.4304553e-12)
(-3.1712447e-05 -2.1329951e-05 7.6766255e-12)
(-2.9751656e-05 -2.2016949e-05 6.9372658e-12)
(-2.7777809e-05 -2.2540152e-05 6.2527984e-12)
(-2.5794275e-05 -2.2957123e-05 5.6370403e-12)
(-2.3804171e-05 -2.3260125e-05 5.0922744e-12)
(-2.1810872e-05 -2.346028e-05 4.6122092e-12)
(-1.9817837e-05 -2.35537e-05 4.1836056e-12)
(-1.7827769e-05 -2.3556475e-05 3.7991052e-12)
(-1.5844973e-05 -2.3465149e-05 3.4473708e-12)
(-1.3874022e-05 -2.3284088e-05 3.1156879e-12)
(-1.1919075e-05 -2.3036979e-05 2.7904019e-12)
(-9.9852436e-06 -2.2733717e-05 2.455359e-12)
(-8.0795e-06 -2.2361852e-05 2.0913602e-12)
(-6.198669e-06 -2.1635129e-05 1.6835834e-12)
(-4.3861671e-06 -2.2236884e-05 1.2724906e-12)
(-2.6036925e-06 -1.9440072e-05 6.3469228e-13)
(-8.3379702e-07 -2.0454551e-05 3.8254396e-13)
(-4.1995627e-05 -1.0237222e-05 1.9682953e-12)
(-4.0754957e-05 -1.1862036e-05 6.4473716e-12)
(-3.9371527e-05 -1.3376483e-05 9.0709924e-12)
(-3.7871668e-05 -1.4757552e-05 1.0367526e-11)
(-3.6288753e-05 -1.6025553e-05 1.0756638e-11)
(-3.4633927e-05 -1.7182225e-05 1.0573767e-11)
(-3.2930906e-05 -1.8224293e-05 1.0071906e-11)
(-3.119267e-05 -1.9162215e-05 9.4034857e-12)
(-2.9428292e-05 -1.9953012e-05 8.64846e-12)
(-2.7643562e-05 -2.0646542e-05 7.8715286e-12)
(-2.5842865e-05 -2.1263039e-05 7.1233296e-12)
(-2.4028935e-05 -2.1766341e-05 6.4246236e-12)
(-2.2203937e-05 -2.2155838e-05 5.7775985e-12)
(-2.0370531e-05 -2.2437526e-05 5.1890423e-12)
(-1.8531803e-05 -2.2625893e-05 4.661367e-12)
(-1.6690844e-05 -2.2732221e-05 4.188331e-12)
(-1.4851555e-05 -2.2751155e-05 3.7569046e-12)
(-1.3018117e-05 -2.2685882e-05 3.3546246e-12)
(-1.1194939e-05 -2.2544026e-05 2.9680292e-12)
(-9.3875184e-06 -2.2323039e-05 2.5816511e-12)
(-7.6017311e-06 -2.2017492e-05 2.1770207e-12)
(-5.8408875e-06 -2.1443565e-05 1.7400502e-12)
(-4.1312002e-06 -2.1971449e-05 1.3075898e-12)
(-2.4478096e-06 -1.9027887e-05 6.625739e-13)
(-7.7956882e-07 -2.0190147e-05 3.9275706e-13)
(-3.8588326e-05 -9.3769274e-06 8.5563261e-13)
(-3.7477482e-05 -1.0921264e-05 5.4319913e-12)
(-3.6235755e-05 -1.2382663e-05 8.199931e-12)
(-3.4891876e-05 -1.371125e-05 9.6644988e-12)
(-3.3458147e-05 -1.4908504e-05 1.0210031e-11)
(-3.1959526e-05 -1.6036834e-05 1.0166241e-11)
(-3.0412987e-05 -1.7060328e-05 9.7740195e-12)
(-2.8830559e-05 -1.7968641e-05 9.1782673e-12)
(-2.7220521e-05 -1.8772545e-05 8.4850993e-12)
(-2.5588657e-05 -1.9469171e-05 7.7593624e-12)
(-2.3939041e-05 -2.0081357e-05 7.0464357e-12)
(-2.227461e-05 -2.06311e-05 6.3764245e-12)
(-2.0597668e-05 -2.1094717e-05 5.7545468e-12)
(-1.8910084e-05 -2.1458161e-05 5.1834702e-12)
(-1.7214738e-05 -2.172748e-05 4.6629056e-12)
(-1.5514819e-05 -2.1898163e-05 4.1856841e-12)
(-1.3813892e-05 -2.1973347e-05 3.7461892e-12)
(-1.2115825e-05 -2.1976607e-05 3.3381231e-12)
(-1.0425247e-05 -2.1898356e-05 2.947117e-12)
(-8.7474606e-06 -2.1727397e-05 2.5580626e-12)
(-7.0882331e-06 -2.1479283e-05 2.1559509e-12)
(-5.4528114e-06 -2.0984053e-05 1.7250055e-12)
(-3.849842e-06 -2.144967e-05 1.2967111e-12)
(-2.2757184e-06 -1.8510004e-05 6.6647925e-13)
(-7.2562685e-07 -1.9728302e-05 3.9744715e-13)
(-3.542436e-05 -8.6374821e-06 -1.4791705e-13)
(-3.4425097e-05 -1.0084776e-05 4.2647557e-12)
(-3.3306912e-05 -1.1486215e-05 7.0542234e-12)
(-3.2089655e-05 -1.2757112e-05 8.597241e-12)
(-3.0789382e-05 -1.3910545e-05 9.2559129e-12)
(-2.9426997e-05 -1.498756e-05 9.3308263e-12)
(-2.8017121e-05 -1.5983646e-05 9.0549965e-12)
(-2.6570959e-05 -1.6885923e-05 8.568248e-12)
(-2.5096884e-05 -1.7692131e-05 7.965948e-12)
(-2.3600459e-05 -1.841722e-05 7.3246589e-12)
(-2.2085597e-05 -1.9048847e-05 6.6819387e-12)
(-2.0555279e-05 -1.9584674e-05 6.0622459e-12)
(-1.9012332e-05 -2.0057098e-05 5.4877466e-12)
(-1.7459085e-05 -2.0458259e-05 4.9616586e-12)
(-1.5897733e-05 -2.0769208e-05 4.4795445e-12)
(-1.4331171e-05 -2.0991681e-05 4.0353554e-12)
(-1.2762846e-05 -2.1121516e-05 3.6215654e-12)
(-1.1196459e-05 -2.1163204e-05 3.2312533e-12)
(-9.6364983e-06 -2.1100567e-05 2.8533065e-12)
(-8.0877391e-06 -2.0936825e-05 2.4765694e-12)
(-6.5552926e-06 -2.0721414e-05 2.0912054e-12)
(-5.0437558e-06 -2.0263927e-05 1.6777749e-12)
(-3.5603302e-06 -2.0688229e-05 1.2660814e-12)
(-2.1024096e-06 -1.7849036e-05 6.6111362e-13)
(-6.7029845e-07 -1.9025918e-05 3.9356448e-13)
(-3.2477014e-05 -8.0577728e-06 -9.2987669e-13)
(-3.1573526e-05 -9.3561704e-06 3.1815283e-12)
(-3.0561298e-05 -1.0651423e-05 5.8839696e-12)
(-2.9453882e-05 -1.1881587e-05 7.4618694e-12)
(-2.8271789e-05 -1.2995941e-05 8.2038433e-12)
(-2.7030827e-05 -1.4021989e-05 8.3842132e-12)
(-2.5741983e-05 -1.497858e-05 8.2197645e-12)
(-2.4417243e-05 -1.5862601e-05 7.8439067e-12)
(-2.306483e-05 -1.6658786e-05 7.3397832e-12)
(-2.1690498e-05 -1.7381133e-05 6.7826193e-12)
(-2.0298387e-05 -1.8028215e-05 6.2178132e-12)
(-1.8891394e-05 -1.8580838e-05 5.6649541e-12)
(-1.7471996e-05 -1.9035414e-05 5.141418e-12)
(-1.6043264e-05 -1.9419551e-05 4.6604171e-12)
(-1.4607181e-05 -1.974006e-05 4.2192372e-12)
(-1.3166629e-05 -1.9970706e-05 3.8090843e-12)
(-1.17247e-05 -2.0110931e-05 3.4261031e-12)
(-1.028501e-05 -2.0167949e-05 3.0641085e-12)
(-8.8517697e-06 -2.0132966e-05 2.7129552e-12)
(-7.4291874e-06 -2.0012682e-05 2.3633846e-12)
(-6.0215772e-06 -1.9835424e-05 2.0031572e-12)
(-4.6330254e-06 -1.9396215e-05 1.6116269e-12)
(-3.2704531e-06 -1.9803544e-05 1.2241312e-12)
(-1.93021e-06 -1.7126733e-05 6.5127634e-13)
(-6.1511389e-07 -1.8242642e-05 3.8736872e-13)
(-2.9723038e-05 -7.54293e-06 -1.704345e-12)
(-2.8905981e-05 -8.7761105e-06 2.2079627e-12)
(-2.7988487e-05 -9.932778e-06 4.7848131e-12)
(-2.6984242e-05 -1.1058834e-05 6.3469399e-12)
(-2.5900342e-05 -1.2146593e-05 7.1656826e-12)
(-2.4768292e-05 -1.3135228e-05 7.4519031e-12)
(-2.3588332e-05 -1.4045429e-05 7.3884041e-12)
(-2.2373773e-05 -1.4886877e-05 7.1030547e-12)
(-2.1131921e-05 -1.565032e-05 6.6842455e-12)
(-1.9869482e-05 -1.6345595e-05 6.204145e-12)
(-1.8590411e-05 -1.6969499e-05 5.7085668e-12)
(-1.7297921e-05 -1.7515797e-05 5.2215408e-12)
(-1.599438e-05 -1.7971843e-05 4.7555972e-12)
(-1.4682052e-05 -1.8346658e-05 4.3200632e-12)
(-1.3363856e-05 -1.8642018e-05 3.9160995e-12)
(-1.2042522e-05 -1.8860664e-05 3.5425864e-12)
(-1.0720703e-05 -1.9014101e-05 3.1959221e-12)
(-9.4020817e-06 -1.9083248e-05 2.866272e-12)
(-8.0902234e-06 -1.9065302e-05 2.5451791e-12)
(-6.7890245e-06 -1.897001e-05 2.2242824e-12)
(-5.5021174e-06 -1.8824562e-05 1.8907938e-12)
(-4.233332e-06 -1.8388871e-05 1.5225528e-12)
(-2.9878736e-06 -1.8771546e-05 1.1607517e-12)
(-1.762568e-06 -1.6270861e-05 6.2298287e-13)
(-5.6216543e-07 -1.7278941e-05 3.6681926e-13)
(-2.7148234e-05 -7.0722093e-06 -2.5372543e-12)
(-2.6408046e-05 -8.2310103e-06 1.2301875e-12)
(-2.5576052e-05 -9.3347112e-06 3.7655329e-12)
(-2.4666554e-05 -1.0349461e-05 5.3120705e-12)
(-2.3689199e-05 -1.1326821e-05 6.1699898e-12)
(-2.2643511e-05 -1.227772e-05 6.5436397e-12)
(-2.1557505e-05 -1.3153887e-05 6.5661317e-12)
(-2.0445195e-05 -1.3953201e-05 6.3629028e-12)
(-1.9304696e-05 -1.4674221e-05 6.0232478e-12)
(-1.8146189e-05 -1.5322611e-05 5.6153279e-12)
(-1.6972177e-05 -1.5903642e-05 5.1851996e-12)
(-1.5786225e-05 -1.6417378e-05 4.7587467e-12)
(-1.4591056e-05 -1.6860602e-05 4.3497125e-12)
(-1.3388443e-05 -1.7228925e-05 3.9632132e-12)
(-1.2181343e-05 -1.7510593e-05 3.599024e-12)
(-1.0972433e-05 -1.7723301e-05 3.2622292e-12)
(-9.7645244e-06 -1.7870075e-05 2.9502894e-12)
(-8.560729e-06 -1.7937434e-05 2.6532226e-12)
(-7.3640773e-06 -1.7925267e-05 2.3627293e-12)
(-6.1781665e-06 -1.7840199e-05 2.0694802e-12)
(-5.0064077e-06 -1.7704794e-05 1.7612444e-12)
(-3.8523633e-06 -1.7305574e-05 1.418902e-12)
(-2.7191977e-06 -1.7690613e-05 1.0840014e-12)
(-1.6036621e-06 -1.5333727e-05 5.8097554e-13)
(-5.1092374e-07 -1.6251178e-05 3.3993711e-13)
(-2.4745367e-05 -6.6571039e-06 -3.3784298e-12)
(-2.4072093e-05 -7.7036408e-06 2.5246047e-13)
(-2.3316157e-05 -8.7459903e-06 2.7636232e-12)
(-2.2486111e-05 -9.7203006e-06 4.3393585e-12)
(-2.1601394e-05 -1.0599845e-05 5.2320806e-12)
(-2.0652881e-05 -1.1447953e-05 5.6525376e-12)
(-1.9666418e-05 -1.2274812e-05 5.7453919e-12)
(-1.8638954e-05 -1.3034468e-05 5.6235075e-12)
(-1.7587121e-05 -1.3715187e-05 5.3652858e-12)
(-1.6527623e-05 -1.4323305e-05 5.0329565e-12)
(-1.5450751e-05 -1.486198e-05 4.6700961e-12)
(-1.4364393e-05 -1.5338693e-05 4.3036999e-12)
(-1.3270369e-05 -1.5753599e-05 3.9488998e-12)
(-1.217048e-05 -1.6107167e-05 3.6121872e-12)
(-1.1067739e-05 -1.6380524e-05 3.2914977e-12)
(-9.964632e-06 -1.6576441e-05 2.9893622e-12)
(-8.8637549e-06 -1.6708701e-05 2.7078282e-12)
(-7.7677692e-06 -1.6773233e-05 2.4403803e-12)
(-6.6795593e-06 -1.6765363e-05 2.177584e-12)
(-5.6020761e-06 -1.6685729e-05 1.9102711e-12)
(-4.538727e-06 -1.6545369e-05 1.6273418e-12)
(-3.4926862e-06 -1.6171776e-05 1.3131489e-12)
(-2.4664296e-06 -1.6576603e-05 1.0034238e-12)
(-1.455429e-06 -1.4379775e-05 5.3337422e-13)
(-4.6207611e-07 -1.5189288e-05 3.1427461e-13)
(-2.2504978e-05 -6.2395093e-06 -4.1582721e-12)
(-2.1896469e-05 -7.2275127e-06 -6.5687557e-13)
(-2.1207461e-05 -8.1620423e-06 1.7921596e-12)
(-2.0450695e-05 -9.0681316e-06 3.3812588e-12)
(-1.9634838e-05 -9.8991108e-06 4.317755e-12)
(-1.8781943e-05 -1.0691715e-05 4.7945706e-12)
(-1.7888718e-05 -1.1436727e-05 4.9563288e-12)
(-1.6957234e-05 -1.2118652e-05 4.9074423e-12)
(-1.6006201e-05 -1.2761319e-05 4.7265791e-12)
(-1.5024099e-05 -1.3341464e-05 4.4696268e-12)
(-1.4031421e-05 -1.3842717e-05 4.1745324e-12)
(-1.3037158e-05 -1.4287682e-05 3.8690978e-12)
(-1.2037801e-05 -1.4676509e-05 3.5679312e-12)
(-1.1033231e-05 -1.5000815e-05 3.2773862e-12)
(-1.0027792e-05 -1.5258672e-05 2.9994453e-12)
(-9.0238568e-06 -1.5448254e-05 2.7343088e-12)
(-8.0230204e-06 -1.5565023e-05 2.4812758e-12)
(-7.0275081e-06 -1.5615373e-05 2.2385235e-12)
(-6.0401704e-06 -1.5604638e-05 2.0003223e-12)
(-5.0637054e-06 -1.552958e-05 1.757452e-12)
(-4.1009918e-06 -1.5402351e-05 1.4995529e-12)
(-3.1548496e-06 -1.5007758e-05 1.212156e-12)
(-2.2278281e-06 -1.5470992e-05 9.2920424e-13)
(-1.3155778e-06 -1.3501941e-05 4.9282527e-13)
(-4.2107977e-07 -1.4062837e-05 2.9099431e-13)
(-2.0423028e-05 -5.7317529e-06 -4.8710027e-12)
(-1.987345e-05 -6.6951014e-06 -1.4963446e-12)
(-1.9249217e-05 -7.6083404e-06 8.9126489e-13)
(-1.8563066e-05 -8.4265604e-06 2.4736316e-12)
(-1.7821609e-05 -9.1969479e-06 3.4513655e-12)
(-1.7038023e-05 -9.9425489e-06 3.9955209e-12)
(-1.6218501e-05 -1.0639266e-05 4.22922e-12)
(-1.5378754e-05 -1.1276598e-05 4.248214e-12)
(-1.4516973e-05 -1.1844965e-05 4.1356608e-12)
(-1.3625577e-05 -1.2361894e-05 3.947892e-12)
(-1.2728408e-05 -1.2846911e-05 3.7173401e-12)
(-1.1816254e-05 -1.3274543e-05 3.4668406e-12)
(-1.0898749e-05 -1.3629842e-05 3.2117376e-12)
(-9.9812902e-06 -1.391873e-05 2.9621441e-12)
(-9.0631681e-06 -1.415488e-05 2.7227421e-12)
(-8.15261e-06 -1.4332567e-05 2.4924912e-12)
(-7.2449979e-06 -1.4440555e-05 2.2697969e-12)
(-6.3425371e-06 -1.4482632e-05 2.052261e-12)
(-5.4484165e-06 -1.4460054e-05 1.8353839e-12)
(-4.5649019e-06 -1.4380839e-05 1.6136262e-12)
(-3.6945202e-06 -1.425985e-05 1.3782361e-12)
(-2.8398675e-06 -1.3928098e-05 1.11534e-12)
(-2.0036038e-06 -1.4336955e-05 8.552566e-13)
(-1.1840022e-06 -1.2463745e-05 4.4982796e-13)
(-3.8310616e-07 -1.3086565e-05 2.6611654e-13)
(-1.8500556e-05 -5.2767708e-06 -5.512643e-12)
(-1.8001145e-05 -6.1449404e-06 -2.255742e-12)
(-1.7437343e-05 -6.9781202e-06 8.3277573e-14)
(-1.681562e-05 -7.7862364e-06 1.6728673e-12)
(-1.6143038e-05 -8.5388634e-06 2.6886372e-12)
(-1.5430324e-05 -9.2095303e-06 3.2845138e-12)
(-1.4683323e-05 -9.8432774e-06 3.579515e-12)
(-1.391045e-05 -1.044112e-05 3.6645744e-12)
(-1.3115707e-05 -1.0977094e-05 3.6135847e-12)
(-1.2317191e-05 -1.1455395e-05 3.4802149e-12)
(-1.1505417e-05 -1.1880872e-05 3.2990062e-12)
(-1.0677917e-05 -1.2256152e-05 3.0936272e-12)
(-9.8461203e-06 -1.2580729e-05 2.8800321e-12)
(-9.016765e-06 -1.2853913e-05 2.667639e-12)
(-8.1886373e-06 -1.307436e-05 2.4610332e-12)
(-7.3578112e-06 -1.3230851e-05 2.2612604e-12)
(-6.5327048e-06 -1.3325731e-05 2.0672303e-12)
(-5.7147289e-06 -1.3362252e-05 1.8754432e-12)
(-4.9060618e-06 -1.3340128e-05 1.6816151e-12)
(-4.1075259e-06 -1.3264278e-05 1.4808299e-12)
(-3.3215629e-06 -1.3141537e-05 1.2651838e-12)
(-2.5509091e-06 -1.2844544e-05 1.0236767e-12)
(-1.7989663e-06 -1.3206241e-05 7.8511224e-13)
(-1.0651515e-06 -1.1421076e-05 4.0857429e-13)
(-3.4587599e-07 -1.2040879e-05 2.4282385e-13)
(-1.6731823e-05 -4.8406392e-06 -6.0802207e-12)
(-1.6280382e-05 -5.6592521e-06 -2.9049736e-12)
(-1.5769724e-05 -6.4281385e-06 -5.9686001e-13)
(-1.5205939e-05 -7.1568795e-06 9.9903652e-13)
(-1.4597721e-05 -7.8381296e-06 2.0373281e-12)
(-1.3951249e-05 -8.4738526e-06 2.6684848e-12)
(-1.3272426e-05 -9.0694163e-06 3.0137258e-12)
(-1.2569346e-05 -9.6089494e-06 3.1522562e-12)
(-1.1847628e-05 -1.0099632e-05 3.1502123e-12)
(-1.1113731e-05 -1.0551469e-05 3.0617808e-12)
(-1.0367416e-05 -1.0951062e-05 2.9215972e-12)
(-9.6210253e-06 -1.1287168e-05 2.7535194e-12)
(-8.8726342e-06 -1.1575532e-05 2.5748145e-12)
(-8.1229077e-06 -1.1820168e-05 2.3947177e-12)
(-7.3753558e-06 -1.2005868e-05 2.2172557e-12)
(-6.6242479e-06 -1.2137359e-05 2.0440011e-12)
(-5.8793857e-06 -1.2223142e-05 1.8741749e-12)
(-5.1424797e-06 -1.2252686e-05 1.7053188e-12)
(-4.4129568e-06 -1.2229448e-05 1.5337663e-12)
(-3.6934035e-06 -1.2160591e-05 1.3544523e-12)
(-2.9852542e-06 -1.2047672e-05 1.1600252e-12)
(-2.2905424e-06 -1.1766513e-05 9.4027776e-13)
(-1.6134512e-06 -1.2121864e-05 7.2353801e-13)
(-9.5696746e-07 -1.0501573e-05 3.7567034e-13)
(-3.1570779e-07 -1.1049996e-05 2.2534248e-13)
(-1.5112305e-05 -4.4271612e-06 -6.505123e-12)
(-1.4704829e-05 -5.1732601e-06 -3.4239678e-12)
(-1.4243466e-05 -5.8773182e-06 -1.1568377e-12)
(-1.3733915e-05 -6.5376152e-06 4.2899942e-13)
(-1.3183176e-05 -7.1562479e-06 1.4770469e-12)
(-1.2596964e-05 -7.7456995e-06 2.1353677e-12)
(-1.1982213e-05 -8.295886e-06 2.5174062e-12)
(-1.1344479e-05 -8.7886649e-06 2.6951541e-12)
(-1.0689324e-05 -9.2405685e-06 2.732512e-12)
(-1.0021875e-05 -9.6486737e-06 2.6817108e-12)
(-9.3465247e-06 -1.0008207e-05 2.5780034e-12)
(-8.6675626e-06 -1.031598e-05 2.4445029e-12)
(-7.9860525e-06 -1.0575059e-05 2.2964036e-12)
(-7.3033599e-06 -1.0789889e-05 2.1436448e-12)
(-6.6221836e-06 -1.0955233e-05 1.9913527e-12)
(-5.9493003e-06 -1.1073432e-05 1.841284e-12)
(-5.2806694e-06 -1.1146534e-05 1.6929919e-12)
(-4.6183338e-06 -1.1174611e-05 1.5447068e-12)
(-3.9626938e-06 -1.1154269e-05 1.3931494e-12)
(-3.3164718e-06 -1.1085881e-05 1.2336796e-12)
(-2.6808171e-06 -1.0973978e-05 1.0592638e-12)
(-2.0571927e-06 -1.0678291e-05 8.605214e-13)
(-1.4477873e-06 -1.1043344e-05 6.6411191e-13)
(-8.5801262e-07 -9.644354e-06 3.432307e-13)
(-2.7974866e-07 -1.0043391e-05 2.0708881e-13)
(-1.363812e-05 -4.0332434e-06 -6.7786281e-12)
(-1.3270572e-05 -4.7071944e-06 -3.8127904e-12)
(-1.2854089e-05 -5.3449311e-06 -1.6154517e-12)
(-1.2393935e-05 -5.9418345e-06 -6.0913479e-14)
(-1.1895817e-05 -6.5083915e-06 9.9213262e-13)
(-1.1365318e-05 -7.0395498e-06 1.6642536e-12)
(-1.0808791e-05 -7.5336415e-06 2.0657505e-12)
(-1.0231097e-05 -7.9863855e-06 2.2748242e-12)
(-9.6373445e-06 -8.3943437e-06 2.3470768e-12)
(-9.0323594e-06 -8.7579481e-06 2.3312498e-12)
(-8.4201692e-06 -9.0781897e-06 2.2610782e-12)
(-7.8041349e-06 -9.3602978e-06 2.1588144e-12)
(-7.1863929e-06 -9.5978508e-06 2.0389608e-12)
(-6.5690012e-06 -9.7878453e-06 1.9113515e-12)
(-5.9543141e-06 -9.9357708e-06 1.7816008e-12)
(-5.3450295e-06 -1.0041356e-05 1.6520897e-12)
(-4.7412068e-06 -1.0104718e-05 1.5230786e-12)
(-4.1437369e-06 -1.0125872e-05 1.3930851e-12)
(-3.5549295e-06 -1.0103226e-05 1.2592788e-12)
(-2.9751086e-06 -1.0040153e-05 1.117714e-12)
(-2.405781e-06 -9.9404923e-06 9.6171479e-13)
(-1.8482986e-06 -9.6420554e-06 7.8309027e-13)
(-1.3034558e-06 -1.001257e-05 6.0614304e-13)
(-7.67187e-07 -8.7809561e-06 3.1235027e-13)
(-2.4017038e-07 -9.0937446e-06 1.8956515e-13)
(-1.2304077e-05 -3.6491919e-06 -7.017342e-12)
(-1.1972641e-05 -4.2531718e-06 -4.1703931e-12)
(-1.1596828e-05 -4.8268778e-06 -2.0411242e-12)
(-1.1181352e-05 -5.3692173e-06 -5.1065412e-13)
(-1.0731233e-05 -5.8839176e-06 5.4478395e-13)
(-1.0251694e-05 -6.3600096e-06 1.2287771e-12)
(-9.7480402e-06 -6.8015231e-06 1.6478908e-12)
(-9.2250439e-06 -7.2084983e-06 1.8818832e-12)
(-8.6873711e-06 -7.5740838e-06 1.9846888e-12)
(-8.1392996e-06 -7.9006857e-06 2.0013033e-12)
(-7.5845177e-06 -8.1881053e-06 1.9625809e-12)
(-7.0261193e-06 -8.4382076e-06 1.8896678e-12)
(-6.4667522e-06 -8.6492997e-06 1.7967386e-12)
(-5.908372e-06 -8.82016e-06 1.6932296e-12)
(-5.3530341e-06 -8.9522597e-06 1.5848991e-12)
(-4.8025743e-06 -9.0456064e-06 1.4747021e-12)
(-4.2579577e-06 -9.1005961e-06 1.3634768e-12)
(-3.7202637e-06 -9.1178812e-06 1.2501585e-12)
(-3.1908573e-06 -9.097962e-06 1.1326476e-12)
(-2.6704477e-06 -9.0415456e-06 1.0073405e-12)
(-2.1599141e-06 -8.9474475e-06 8.6799746e-13)
(-1.6597675e-06 -8.7052811e-06 7.0783261e-13)
(-1.1704274e-06 -9.0217759e-06 5.492345e-13)
(-6.8423592e-07 -7.8925567e-06 2.8196706e-13)
(-2.0872786e-07 -8.1829097e-06 1.7055165e-13)
(-1.110476e-05 -3.2719451e-06 -7.3300276e-12)
(-1.0805781e-05 -3.8115254e-06 -4.5718236e-12)
(-1.0466562e-05 -4.3248018e-06 -2.4876824e-12)
(-1.0091316e-05 -4.8126606e-06 -9.6980772e-13)
(-9.6845637e-06 -5.2734018e-06 9.2281108e-14)
(-9.2509752e-06 -5.7001481e-06 7.9798125e-13)
(-8.7951987e-06 -6.0949129e-06 1.2431376e-12)
(-8.3216891e-06 -6.4575845e-06 1.5046115e-12)
(-7.8346746e-06 -6.7841662e-06 1.6379903e-12)
(-7.3380471e-06 -7.0761719e-06 1.685418e-12)
(-6.8352324e-06 -7.3342511e-06 1.6766793e-12)
(-6.3291923e-06 -7.5583742e-06 1.6322554e-12)
(-5.8224793e-06 -7.7474822e-06 1.5655568e-12)
(-5.3171332e-06 -7.9004396e-06 1.4854776e-12)
(-4.8149784e-06 -8.0182658e-06 1.3981206e-12)
(-4.317567e-06 -8.102098e-06 1.3068605e-12)
(-3.8260661e-06 -8.1513309e-06 1.2127747e-12)
(-3.3414918e-06 -8.1653015e-06 1.1152822e-12)
(-2.8648346e-06 -8.1453474e-06 1.0127642e-12)
(-2.3967935e-06 -8.0948056e-06 9.0240095e-13)
(-1.937822e-06 -8.0138153e-06 7.7887655e-13)
(-1.4879715e-06 -7.7997277e-06 6.3574369e-13)
(-1.0469284e-06 -8.0913692e-06 4.9550956e-13)
(-6.1257432e-07 -7.0607106e-06 2.5520691e-13)
(-1.8554013e-07 -7.3179768e-06 1.543553e-13)
(-1.0034417e-05 -2.9056602e-06 -7.7207346e-12)
(-9.7643977e-06 -3.3847714e-06 -5.0193403e-12)
(-9.4578639e-06 -3.8408396e-06 -2.9586683e-12)
(-9.1185928e-06 -4.2755207e-06 -1.4432212e-12)
(-8.7506241e-06 -4.6845324e-06 -3.6920563e-13)
(-8.3581286e-06 -5.0648243e-06 3.6211615e-13)
(-7.9452752e-06 -5.4170175e-06 8.3902396e-13)
(-7.516124e-06 -5.7409292e-06 1.134256e-12)
(-7.0745253e-06 -6.0329753e-06 1.3009728e-12)
(-6.624045e-06 -6.292986e-06 1.3789942e-12)
(-6.1678789e-06 -6.5226412e-06 1.3987361e-12)
(-5.7088308e-06 -6.7219837e-06 1.3809559e-12)
(-5.2493124e-06 -6.8901847e-06 1.3389881e-12)
(-4.7913258e-06 -7.0265578e-06 1.2815914e-12)
(-4.3365657e-06 -7.1316383e-06 1.2148719e-12)
(-3.8864467e-06 -7.2049818e-06 1.1422264e-12)
(-3.4420996e-06 -7.2472246e-06 1.0651029e-12)
(-3.0044349e-06 -7.2591559e-06 9.8353578e-13)
(-2.5742217e-06 -7.2407738e-06 8.9625811e-13)
(-2.1520176e-06 -7.1963875e-06 8.0104219e-13)
(-1.7381853e-06 -7.1302463e-06 6.9352308e-13)
(-1.3328788e-06 -6.9180105e-06 5.6730746e-13)
(-9.3656384e-07 -7.2095518e-06 4.4477363e-13)
(-5.5008108e-07 -6.3078155e-06 2.3069982e-13)
(-1.7068957e-07 -6.4948445e-06 1.4047937e-13)
(-9.0869472e-06 -2.5603555e-06 -8.1117867e-12)
(-8.8425575e-06 -2.9830433e-06 -5.4580946e-12)
(-8.564982e-06 -3.3850914e-06 -3.4182048e-12)
(-8.2575942e-06 -3.7680741e-06 -1.9067669e-12)
(-7.9240043e-06 -4.1279298e-06 -8.2236678e-13)
(-7.567952e-06 -4.46263e-06 -6.8494918e-14)
(-7.1932034e-06 -4.7729735e-06 4.3761391e-13)
(-6.8034483e-06 -5.059868e-06 7.6538441e-13)
(-6.4022124e-06 -5.319426e-06 9.6521691e-13)
(-5.9927701e-06 -5.5498482e-06 1.0740965e-12)
(-5.5780954e-06 -5.752184e-06 1.1217089e-12)
(-5.1608183e-06 -5.9263174e-06 1.1290219e-12)
(-4.7432139e-06 -6.0731427e-06 1.1105746e-12)
(-4.3271988e-06 -6.1930209e-06 1.0755208e-12)
(-3.9143752e-06 -6.2854692e-06 1.0293968e-12)
(-3.5060546e-06 -6.3501506e-06 9.7560335e-13)
(-3.103269e-06 -6.3874747e-06 9.1584444e-13)
(-2.7068456e-06 -6.3980836e-06 8.5061014e-13)
(-2.3174221e-06 -6.3821308e-06 7.7914777e-13)
(-1.9354756e-06 -6.3403983e-06 6.9954944e-13)
(-1.5614009e-06 -6.278508e-06 6.0829723e-13)
(-1.195626e-06 -6.0914551e-06 4.9935342e-13)
(-8.3952302e-07 -6.344952e-06 3.9328817e-13)
(-4.9441604e-07 -5.5589958e-06 2.042801e-13)
(-1.5734603e-07 -5.7250076e-06 1.2598708e-13)
(-8.2560837e-06 -2.2355686e-06 -8.4903252e-12)
(-8.0341618e-06 -2.60535e-06 -5.8834784e-12)
(-7.7819891e-06 -2.957204e-06 -3.8652944e-12)
(-7.5025845e-06 -3.291608e-06 -2.3566297e-12)
(-7.1991828e-06 -3.6061018e-06 -1.2608982e-12)
(-6.8751519e-06 -3.89727e-06 -4.8664895e-13)
(-6.5339027e-06 -4.1671969e-06 4.4583529e-14)
(-6.1788e-06 -4.4176745e-06 3.9990845e-13)
(-5.8130761e-06 -4.6437788e-06 6.2816796e-13)
(-5.4397564e-06 -4.8442056e-06 7.6519929e-13)
(-5.0616031e-06 -5.0204447e-06 8.4017052e-13)
(-4.6810805e-06 -5.1722819e-06 8.7329555e-13)
(-4.3003307e-06 -5.2999354e-06 8.7852936e-13)
(-3.9211821e-06 -5.4035634e-06 8.6511828e-13)
(-3.5451527e-06 -5.4829735e-06 8.3889321e-13)
(-3.1734755e-06 -5.5385147e-06 8.0364468e-13)
(-2.8071201e-06 -5.5702248e-06 7.6134663e-13)
(-2.4468479e-06 -5.5782211e-06 7.126819e-13)
(-2.0932465e-06 -5.563027e-06 6.5734596e-13)
(-1.7467989e-06 -5.5262494e-06 5.9396895e-13)
(-1.4079624e-06 -5.4733644e-06 5.1948486e-13)
(-1.0773206e-06 -5.2958393e-06 4.2826036e-13)
(-7.5626766e-07 -5.5274066e-06 3.3920034e-13)
(-4.4563973e-07 -4.8315553e-06 1.7534619e-13)
(-1.4340483e-07 -4.9534941e-06 1.0895414e-13)
(-7.5356569e-06 -1.9282739e-06 -8.8782892e-12)
(-7.333203e-06 -2.2474398e-06 -6.314498e-12)
(-7.1030535e-06 -2.5516764e-06 -4.3136845e-12)
(-6.847923e-06 -2.8404981e-06 -2.8043337e-12)
(-6.5707274e-06 -3.1119872e-06 -1.6962807e-12)
(-6.2745128e-06 -3.3631399e-06 -9.0247176e-13)
(-5.9623806e-06 -3.5962279e-06 -3.468931e-13)
(-5.6374083e-06 -3.8113927e-06 3.375636e-14)
(-5.3025691e-06 -4.0049249e-06 2.8779911e-13)
(-4.9606649e-06 -4.1769568e-06 4.5157312e-13)
(-4.6142713e-06 -4.328249e-06 5.5278498e-13)
(-4.2657032e-06 -4.4584986e-06 6.1071818e-13)
(-3.9169899e-06 -4.5677962e-06 6.3894322e-13)
(-3.5698711e-06 -4.6563751e-06 6.4688207e-13)
(-3.2257974e-06 -4.7237566e-06 6.4045628e-13)
(-2.8859471e-06 -4.7699746e-06 6.2357482e-13)
(-2.5512541e-06 -4.7955294e-06 5.9869415e-13)
(-2.2224496e-06 -4.8010614e-06 5.6682901e-13)
(-1.9001143e-06 -4.7875379e-06 5.2797664e-13)
(-1.5847449e-06 -4.7560219e-06 4.8113683e-13)
(-1.2768212e-06 -4.7085682e-06 4.2378379e-13)
(-9.7682711e-07 -4.5693582e-06 3.5146351e-13)
(-6.8561808e-07 -4.7636743e-06 2.8021253e-13)
(-4.0398662e-07 -4.1240159e-06 1.4235511e-13)
(-1.3045491e-07 -4.2784098e-06 9.0562055e-14)
(-6.9199057e-06 -1.6367186e-06 -9.2811581e-12)
(-6.7340778e-06 -1.9062773e-06 -6.7543406e-12)
(-6.5227437e-06 -2.1642009e-06 -4.7671501e-12)
(-6.2883631e-06 -2.4095325e-06 -3.2555278e-12)
(-6.0335827e-06 -2.6399592e-06 -2.1353699e-12)
(-5.7611763e-06 -2.8535763e-06 -1.3229901e-12)
(-5.4739789e-06 -3.0516168e-06 -7.4442795e-13)
(-5.174819e-06 -3.2332159e-06 -3.3924653e-13)
(-4.8664447e-06 -3.3966299e-06 -5.9805512e-14)
(-4.5514605e-06 -3.5421745e-06 1.2998922e-13)
(-4.2322794e-06 -3.6698553e-06 2.5650255e-13)
(-3.9110869e-06 -3.7795321e-06 3.3846467e-13)
(-3.5898141e-06 -3.8713046e-06 3.8919322e-13)
(-3.270125e-06 -3.9450103e-06 4.179951e-13)
(-2.9534157e-06 -4.0002288e-06 4.3102922e-13)
(-2.6408271e-06 -4.0377992e-06 4.3260895e-13)
(-2.3332731e-06 -4.0593859e-06 4.2562688e-13)
(-2.0314772e-06 -4.0651176e-06 4.1115863e-13)
(-1.7360179e-06 -4.0545626e-06 3.8916856e-13)
(-1.4473764e-06 -4.0285623e-06 3.5907314e-13)
(-1.1659755e-06 -3.9888764e-06 3.1916309e-13)
(-8.9213052e-07 -3.879537e-06 2.658911e-13)
(-6.2667262e-07 -4.0387573e-06 2.1343862e-13)
(-3.6943375e-07 -3.4553456e-06 1.033581e-13)
(-1.187033e-07 -3.6286893e-06 6.8170159e-14)
(-6.4037605e-06 -1.3565007e-06 -9.6656729e-12)
(-6.2318633e-06 -1.579343e-06 -7.1698532e-12)
(-6.0362974e-06 -1.7926564e-06 -5.198937e-12)
(-5.8193119e-06 -1.9946866e-06 -3.6917623e-12)
(-5.5833308e-06 -2.1845082e-06 -2.5659124e-12)
(-5.3309011e-06 -2.3614927e-06 -1.7399769e-12)
(-5.0646355e-06 -2.5251613e-06 -1.1426549e-12)
(-4.7871512e-06 -2.6748016e-06 -7.1546655e-13)
(-4.501004e-06 -2.8099343e-06 -4.1206091e-13)
(-4.208632e-06 -2.9303765e-06 -1.9765538e-13)
(-3.9123087e-06 -3.035661e-06 -4.7067327e-14)
(-3.6141085e-06 -3.1257723e-06 5.7996323e-14)
(-3.3158768e-06 -3.2006106e-06 1.3057837e-13)
(-3.0192135e-06 -3.2600126e-06 1.799251e-13)
(-2.725471e-06 -3.304819e-06 2.125902e-13)
(-2.4357657e-06 -3.3366488e-06 2.3308308e-13)
(-2.1510015e-06 -3.3560669e-06 2.4408915e-13)
(-1.8718989e-06 -3.3622565e-06 2.4676824e-13)
(-1.5990283e-06 -3.3541333e-06 2.4139281e-13)
(-1.332843e-06 -3.3323586e-06 2.2787457e-13)
(-1.0737055e-06 -3.3004522e-06 2.0542688e-13)
(-8.2187325e-07 -3.208274e-06 1.7108801e-13)
(-5.7793963e-07 -3.3397896e-06 1.3851096e-13)
(-3.4108754e-07 -2.8369238e-06 5.813201e-14)
(-1.0881239e-07 -2.9996584e-06 4.1814081e-14)
(-5.9835171e-06 -1.0834892e-06 -9.9299816e-12)
(-5.8229703e-06 -1.2612467e-06 -7.4755714e-12)
(-5.6402529e-06 -1.4302487e-06 -5.5400206e-12)
(-5.4374423e-06 -1.5902197e-06 -4.056319e-12)
(-5.2167824e-06 -1.7406242e-06 -2.9416226e-12)
(-4.9806359e-06 -1.8808672e-06 -2.1162874e-12)
(-4.7314345e-06 -2.010139e-06 -1.5111997e-12)
(-4.4716225e-06 -2.1283977e-06 -1.0700586e-12)
(-4.2035991e-06 -2.2358254e-06 -7.4863805e-13)
(-3.9296669e-06 -2.3321394e-06 -5.1406868e-13)
(-3.6519837e-06 -2.4162314e-06 -3.4271545e-13)
(-3.3725299e-06 -2.4874865e-06 -2.1713168e-13)
(-3.093077e-06 -2.5460521e-06 -1.2457772e-13)
(-2.815173e-06 -2.593239e-06 -5.5687244e-14)
(-2.5401386e-06 -2.6306513e-06 -3.9478006e-15)
(-2.2690738e-06 -2.6583896e-06 3.4642162e-14)
(-2.0028754e-06 -2.6751302e-06 6.2392882e-14)
(-1.7422572e-06 -2.6798612e-06 8.0800888e-14)
(-1.4877746e-06 -2.6726219e-06 9.0889194e-14)
(-1.2398512e-06 -2.6546567e-06 9.3208338e-14)
(-9.9879546e-07 -2.6292203e-06 8.7574887e-14)
(-7.648049e-07 -2.551699e-06 7.1749063e-14)
(-5.3816075e-07 -2.6615276e-06 5.882815e-14)
(-3.1784392e-07 -2.2511514e-06 8.1861606e-15)
(-1.0113778e-07 -2.3854112e-06 1.226051e-14)
(-5.6577105e-06 -8.1204035e-07 -9.8846225e-12)
(-5.5059965e-06 -9.4628404e-07 -7.5154793e-12)
(-5.3332733e-06 -1.0722448e-06 -5.6608662e-12)
(-5.1414869e-06 -1.1912685e-06 -4.2418494e-12)
(-4.9327385e-06 -1.3030841e-06 -3.1729869e-12)
(-4.7092484e-06 -1.4072857e-06 -2.3760872e-12)
(-4.4733071e-06 -1.503301e-06 -1.785127e-12)
(-4.2272238e-06 -1.5908596e-06 -1.3473279e-12)
(-3.9732758e-06 -1.6702916e-06 -1.0218311e-12)
(-3.7136588e-06 -1.7422532e-06 -7.7814822e-13)
(-3.4504448e-06 -1.8055782e-06 -5.9445948e-13)
(-3.1855356e-06 -1.8590575e-06 -4.5477293e-13)
(-2.920645e-06 -1.9034709e-06 -3.4705674e-13)
(-2.6572833e-06 -1.940721e-06 -2.6255879e-13)
(-2.3967498e-06 -1.9711614e-06 -1.9564124e-13)
(-2.1401339e-06 -1.992946e-06 -1.4291042e-13)
(-1.8883238e-06 -2.0050836e-06 -1.0186577e-13)
(-1.6420212e-06 -2.0079366e-06 -7.0467013e-14)
(-1.4017602e-06 -2.0019273e-06 -4.7254015e-14)
(-1.1679286e-06 -1.9881392e-06 -3.1264486e-14)
(-9.4077878e-07 -1.969465e-06 -2.2137967e-14)
(-7.2045487e-07 -1.9084987e-06 -2.1171983e-14)
(-5.0708502e-07 -1.9998386e-06 -1.6926582e-14)
(-2.9963775e-07 -1.6891346e-06 -4.0079657e-14)
(-9.5307185e-08 -1.7907551e-06 -1.659092e-14)
(-5.4234536e-06 -5.4007611e-07 -9.2318153e-12)
(-5.2781043e-06 -6.2975525e-07 -7.0581974e-12)
(-5.1125744e-06 -7.1610983e-07 -5.3739386e-12)
(-4.9287204e-06 -7.9662846e-07 -4.0933279e-12)
(-4.7285417e-06 -8.717768e-07 -3.1294036e-12)
(-4.5141567e-06 -9.4167656e-07 -2.4077385e-12)
(-4.2877541e-06 -1.0062189e-06 -1.8679547e-12)
(-4.0515457e-06 -1.0652214e-06 -1.4629305e-12)
(-3.8077194e-06 -1.1185753e-06 -1.1570294e-12)
(-3.5583933e-06 -1.1651718e-06 -9.241072e-13)
(-3.3055747e-06 -1.2065835e-06 -7.4424949e-13)
(-3.0511166e-06 -1.2442396e-06 -6.0304195e-13)
(-2.7966916e-06 -1.2766169e-06 -4.9076309e-13)
(-2.5437863e-06 -1.3033414e-06 -4.0043817e-13)
(-2.2936855e-06 -1.3239844e-06 -3.2735748e-13)
(-2.0474692e-06 -1.3380709e-06 -2.6807985e-13)
(-1.8060166e-06 -1.3456868e-06 -2.1994548e-13)
(-1.5700131e-06 -1.3468556e-06 -1.8094699e-13)
(-1.3399691e-06 -1.3422371e-06 -1.495175e-13)
(-1.1162333e-06 -1.3329718e-06 -1.2449022e-13)
(-8.9899765e-07 -1.3205092e-06 -1.0521136e-13)
(-6.883308e-07 -1.2747657e-06 -9.1889398e-14)
(-4.8424565e-07 -1.3487205e-06 -7.5762178e-14)
(-2.86296e-07 -1.1380042e-06 -7.7393397e-14)
(-9.1381784e-08 -1.2035226e-06 -4.0490901e-14)
(-5.286486e-06 -2.7291798e-07 -7.5933003e-12)
(-5.1448541e-06 -3.2412126e-07 -5.811062e-12)
(-4.9835862e-06 -3.6844089e-07 -4.4565374e-12)
(-4.8044264e-06 -4.1157983e-07 -3.4333166e-12)
(-4.6093153e-06 -4.5247519e-07 -2.6638174e-12)
(-4.4003093e-06 -4.903857e-07 -2.0864191e-12)
(-4.1795354e-06 -5.2546945e-07 -1.6519613e-12)
(-3.9491463e-06 -5.5761511e-07 -1.3229348e-12)
(-3.7112747e-06 -5.867213e-07 -1.0714085e-12)
(-3.4679911e-06 -6.121538e-07 -8.7696976e-13)
(-3.2212597e-06 -6.3374264e-07 -7.2451398e-13)
(-2.972912e-06 -6.538316e-07 -6.0259036e-13)
(-2.7246008e-06 -6.7216291e-07 -5.040866e-13)
(-2.4778022e-06 -6.8642521e-07 -4.2382565e-13)
(-2.2337923e-06 -6.9671802e-07 -3.5783737e-13)
(-1.9936436e-06 -7.0323986e-07 -3.0327687e-13)
(-1.7582297e-06 -7.0629953e-07 -2.5793041e-13)
(-1.5282291e-06 -7.0643431e-07 -2.2006577e-13)
(-1.3041383e-06 -7.0368886e-07 -1.8841859e-13)
(-1.0862828e-06 -6.9846128e-07 -1.6196739e-13)
(-8.7481923e-07 -6.9223158e-07 -1.3991813e-13)
(-6.6993015e-07 -6.6205251e-07 -1.2186303e-13)
(-4.7007449e-07 -7.0994883e-07 -1.0186249e-13)
(-2.7793123e-07 -5.9399735e-07 -9.1137671e-14)
(-9.0235349e-08 -6.2273354e-07 -5.2186627e-14)
(-5.2129852e-06 -3.1189075e-08 -4.6194205e-12)
(-5.0731989e-06 -3.1234485e-08 -3.5389934e-12)
(-4.9139876e-06 -3.9577274e-08 -2.7294806e-12)
(-4.7371333e-06 -4.6965645e-08 -2.1220553e-12)
(-4.5445441e-06 -5.4046232e-08 -1.6631286e-12)
(-4.3382414e-06 -6.0961014e-08 -1.3176194e-12)
(-4.1203228e-06 -6.7110078e-08 -1.0566741e-12)
(-3.8929156e-06 -7.2597197e-08 -8.5784e-13)
(-3.6581297e-06 -7.7586907e-08 -7.0452507e-13)
(-3.4180105e-06 -8.2189115e-08 -5.8462403e-13)
(-3.1745012e-06 -8.6156136e-08 -4.8936659e-13)
(-2.9294099e-06 -8.8603928e-08 -4.1260787e-13)
(-2.6843968e-06 -9.0624774e-08 -3.5079619e-13)
(-2.4409214e-06 -9.3016854e-08 -2.9941189e-13)
(-2.2002499e-06 -9.425333e-08 -2.5629597e-13)
(-1.9634492e-06 -9.4529224e-08 -2.2038087e-13)
(-1.731385e-06 -9.4585823e-08 -1.9021603e-13)
(-1.5047342e-06 -9.4378466e-08 -1.6469085e-13)
(-1.2839894e-06 -9.3653506e-08 -1.4302019e-13)
(-1.0694708e-06 -9.2442299e-08 -1.2456202e-13)
(-8.6134019e-07 -9.1305163e-08 -1.0875016e-13)
(-6.5935298e-07 -8.1909584e-08 -9.5090279e-14)
(-4.6605065e-07 -1.0186786e-07 -8.0687036e-14)
(-2.7555679e-07 -5.9203423e-08 -6.9375749e-14)
(-8.6428003e-08 -8.2108299e-08 -4.3542927e-14)
)
;

boundaryField
{
    Walls
    {
        type            noSlip;
    }
    Inlet
    {
        type            pressureInletVelocity;
        value           nonuniform List<vector> 3((1.4969661 -0 -0) (1.4953069 -0 -0) (1.641791 -0 -0));
    }
    Outlet
    {
        type            pressureInletOutletVelocity;
        value           nonuniform List<vector> 
86
(
(-5.5522729e-06 0 0)
(-5.5486836e-06 0 0)
(-5.500805e-06 0 0)
(-5.4281448e-06 0 0)
(-5.3317483e-06 0 0)
(-5.2129852e-06 0 0)
(-5.0731989e-06 3.5202389e-20 6.2059993e-20)
(-4.9139876e-06 -3.4097639e-20 5.2097392e-20)
(-4.7371333e-06 0 0)
(-4.5445441e-06 0 0)
(-4.3382414e-06 0 0)
(-4.1203228e-06 0 0)
(-3.8929156e-06 -2.7012529e-20 -2.476328e-20)
(-3.6581297e-06 2.5383374e-20 -2.1546092e-20)
(-3.4180105e-06 0 0)
(-3.1745012e-06 0 0)
(-2.9294099e-06 0 0)
(-2.6843968e-06 0 0)
(-2.4409214e-06 0 0)
(-2.2002499e-06 0 0)
(-1.9634492e-06 0 0)
(-1.731385e-06 0 0)
(-1.5047342e-06 0 0)
(-1.2839894e-06 0 0)
(-1.0694708e-06 0 0)
(-8.6134019e-07 0 0)
(-6.5935298e-07 0 0)
(-4.6605065e-07 6.467752e-21 0)
(-2.7555679e-07 -3.8241187e-21 0)
(-8.6428003e-08 0 0)
(-3.7571355e-06 0.10096214 -2.330571e-07)
(9.2398645e-05 0.070836808 -2.1591054e-07)
(2.9017118e-05 0.022469095 -1.6760649e-07)
(0 -0.0056672181 0)
(0 -0.010942816 0)
(0 -0.005892047 0)
(0 -0.0014112459 0)
(5.6631829e-07 0.00024206505 -2.0897183e-08)
(1.4572689e-07 0.00039161353 -1.7257882e-08)
(-3.7404689e-07 0.00014375928 -1.1544622e-08)
(0 -3.6511534e-05 0)
(0 -8.0432562e-05 0)
(0 -5.8614768e-05 0)
(0 -2.6917821e-05 0)
(0 -7.1140334e-06 0)
(0 -3.197697e-06 0)
(0 -7.1348505e-06 0)
(0 -1.2495266e-05 0)
(0 -1.6363369e-05 0)
(0 -1.8875456e-05 0)
(0 -1.9721928e-05 0)
(0 -2.0210578e-05 0)
(0 -2.0209791e-05 0)
(0 -2.0454551e-05 0)
(0 -2.0190147e-05 0)
(0 -1.9728302e-05 0)
(0 -1.9025918e-05 0)
(0 -1.8242642e-05 0)
(0 -1.7278941e-05 0)
(0 -1.6251178e-05 0)
(0 -1.5189288e-05 0)
(0 -1.4062837e-05 0)
(0 -1.3086565e-05 0)
(0 -1.2040879e-05 0)
(0 -1.1049996e-05 0)
(0 -1.0043391e-05 0)
(0 -9.0937446e-06 0)
(0 -8.1829097e-06 0)
(0 -7.3179768e-06 0)
(0 -6.4948445e-06 0)
(0 -5.7250076e-06 0)
(0 -4.9534941e-06 0)
(0 -4.2784098e-06 0)
(0 -3.6286893e-06 0)
(0 -2.9996584e-06 0)
(0 -2.3854112e-06 0)
(0 -1.7907551e-06 0)
(0 -1.2035226e-06 0)
(0 -6.2273354e-07 0)
(0 -8.2108299e-08 0)
(0 -0.0005764479 0)
(0 -0.0043966146 0)
(0 -0.0097868307 0)
(0 -0.0061867803 0)
(-2.3156261e-05 0.019450177 -1.6905982e-07)
(-9.3533343e-05 0.067503842 -2.168221e-07)
)
;
    }
    Front
    {
        type            wedge;
    }
    Back
    {
        type            wedge;
    }
    defaultFaces
    {
        type            empty;
    }
}


// ************************************************************************* //
