/*--------------------------------*- C++ -*----------------------------------*\
| =========                 |                                                 |
| \\      /  F ield         | OpenFOAM: The Open Source CFD Toolbox           |
|  \\    /   O peration     | Version:  4.0                                   |
|   \\  /    A nd           | Web:      www.OpenFOAM.org                      |
|    \\/     M anipulation  |                                                 |
\*---------------------------------------------------------------------------*/
FoamFile
{
    version     2.0;
    format      ascii;
    class       volVectorField;
    location    "0.57";
    object      U;
}
// * * * * * * * * * * * * * * * * * * * * * * * * * * * * * * * * * * * * * //

dimensions      [0 1 -1 0 0 0 0];

internalField   nonuniform List<vector> 
1740
(
(1.4721768 0.006188041 5.662963e-06)
(1.6143798 -0.0020354554 8.9390472e-07)
(1.4924799 -0.0046401642 8.7490894e-08)
(1.4655669 -0.0021865238 9.034411e-06)
(1.7218074 -0.0038484533 1.6563934e-06)
(1.4970328 -0.0029323876 2.7412704e-07)
(1.5069899 -0.010261709 1.1987885e-05)
(1.6335589 0.0042778878 2.7771739e-06)
(1.5040763 0.0040670074 4.0387506e-07)
(1.5013833 -0.0039629116 1.3676613e-05)
(1.5982199 0.015739774 3.3331611e-06)
(1.4936909 0.0082680869 6.1526848e-07)
(1.5199097 0.0034444931 1.4561046e-05)
(1.5612441 0.018570844 4.0491189e-06)
(1.5348937 0.011304623 7.3181783e-07)
(1.5170486 0.0090675001 1.5941035e-05)
(1.5684777 0.0057726847 4.7395399e-06)
(1.6148286 -0.0048160364 9.6429068e-07)
(1.4374781 -0.020027556 1.6981844e-05)
(1.555324 -0.021530076 5.8080317e-06)
(1.5355031 -0.010664159 1.1617463e-06)
(1.5819231 -0.021251528 1.7635088e-05)
(1.4921634 -0.027822279 6.4665728e-06)
(1.497177 -0.01335093 1.3278024e-06)
(1.5980759 0.0040526638 1.8212345e-05)
(1.604964 -0.0098730491 7.0596009e-06)
(1.4969856 -0.0074522175 1.5424027e-06)
(1.579178 0.0050728696 1.8751898e-05)
(1.5977677 0.018835528 7.887398e-06)
(1.5198872 0.004904906 1.7463885e-06)
(1.5690747 0.015527302 1.9566444e-05)
(1.5104051 0.031360152 8.5403882e-06)
(1.5209707 0.011805181 1.9276247e-06)
(1.4532627 0.015238141 1.9903752e-05)
(1.5838496 0.021240921 8.9070262e-06)
(1.5581104 0.0057391329 2.1288656e-06)
(1.4703767 -0.016085676 2.0351226e-05)
(1.5734389 -0.0059258321 9.6271835e-06)
(1.5607056 -0.0024146998 2.3269681e-06)
(1.5099327 -0.016360943 2.056686e-05)
(1.5257814 -0.010447054 1.0048036e-05)
(1.5136735 -0.0005193715 2.5082529e-06)
(1.5497895 -0.0053252383 2.0452399e-05)
(1.567116 -0.0035147062 1.044176e-05)
(1.5458261 -0.001914122 2.7183918e-06)
(1.535467 -0.010734421 2.0778242e-05)
(1.5509777 -0.0087268416 1.0864989e-05)
(1.5285095 -0.0049344349 2.899428e-06)
(1.6158799 -0.013037697 2.1053436e-05)
(1.5296116 -0.012491844 1.1274866e-05)
(1.5214385 -0.0047275721 3.0711314e-06)
(1.6183 0.010680996 2.1040871e-05)
(1.5218008 -0.0036853259 1.1613111e-05)
(1.527723 -0.0077390787 3.2513585e-06)
(1.5541284 0.019035875 2.1193152e-05)
(1.6024759 0.0017333099 1.2011887e-05)
(1.4923227 -0.0074491367 3.3946527e-06)
(1.530901 0.0049089317 2.1487969e-05)
(1.5790345 0.0021517541 1.2463088e-05)
(1.5319328 -0.00045695396 3.554816e-06)
(1.5598644 -0.0029566845 2.1830482e-05)
(1.5666963 0.00086781905 1.2758324e-05)
(1.5393495 0.0046591866 3.7384766e-06)
(1.5705102 -0.012750357 2.2302211e-05)
(1.5781369 -0.0023186441 1.314442e-05)
(1.5202657 0.0067683148 3.9224926e-06)
(1.597299 -0.0023165193 2.213507e-05)
(1.483682 -0.0070128592 1.3385428e-05)
(1.5188479 -0.0037298428 4.0874018e-06)
(1.5917744 0.019279037 2.1984982e-05)
(1.5859875 0.00014437987 1.3728517e-05)
(1.5144542 -0.0087191845 4.2304613e-06)
(1.4770824 -0.0074218096 2.2342869e-05)
(1.5844889 0.008862427 1.400111e-05)
(1.5253499 0.002997323 4.3991847e-06)
(1.6035584 -0.026092483 2.268697e-05)
(1.5127864 -0.0037406629 1.4412082e-05)
(1.5068051 0.0098339418 4.5256352e-06)
(1.6026552 -0.012153008 2.2526719e-05)
(1.5117482 -0.0098767833 1.465833e-05)
(1.5189274 0.0023464716 4.6467028e-06)
(1.5811425 -0.017556463 2.2684213e-05)
(1.4803234 -0.018825763 1.4917592e-05)
(1.4965778 -0.010680934 4.7972856e-06)
(1.6063182 0.0069363079 2.213144e-05)
(1.4448413 -0.0083667873 1.5040979e-05)
(1.4478804 -0.0047392253 4.8332635e-06)
(1.3611882 0.060740684 2.3468929e-05)
(1.297354 0.1149347 1.5686694e-05)
(1.3464551 0.058643761 5.467589e-06)
(0.83825573 0.38120588 1.1653059e-05)
(0.79961096 0.94297664 9.9601109e-06)
(0.73651091 1.245015 5.3799838e-06)
(0.22188516 0.11383885 1.5014623e-06)
(0.18236159 0.36691729 3.0540972e-06)
(0.080133911 0.4965536 6.8091449e-07)
(-0.030745863 -0.013196723 1.2272212e-06)
(-0.030602959 -0.028042178 1.6744528e-06)
(-0.022670975 -0.033872197 5.6830212e-07)
(-0.0092492761 -0.0029964198 4.5200585e-07)
(-0.0092565444 -0.0081387329 7.2607831e-07)
(-0.0080960125 -0.011352219 3.1828154e-07)
(-0.0040420331 -0.00030803747 1.1540338e-07)
(-0.0038226775 -0.0010054865 2.3124925e-07)
(-0.0032105763 -0.0017877419 9.0772347e-08)
(-0.0025962838 -0.00021841614 2.0247822e-08)
(-0.0023966951 -0.00047153459 4.2951932e-08)
(-0.0019771596 -0.00070265294 -2.3730522e-08)
(-0.0019703612 -0.00015857886 -8.3848448e-09)
(-0.0017883146 -0.00032983705 -2.3275625e-08)
(-0.0014350151 -0.00045144948 -6.8056311e-08)
(-0.0015559565 -0.00010251616 -1.6810061e-08)
(-0.0014267247 -0.00019963769 -4.303918e-08)
(-0.001171707 -0.00027333748 -7.8400502e-08)
(-0.0012708181 -8.2710644e-05 -1.6685723e-08)
(-0.0011851288 -0.00016994105 -4.3605188e-08)
(-0.0010102434 -0.00023877356 -7.2684672e-08)
(-0.0010501758 -7.1882307e-05 -1.3674591e-08)
(-0.00099336906 -0.00015283229 -3.7019908e-08)
(-0.00087363938 -0.00022397297 -6.0794313e-08)
(-0.00086589972 -6.3698724e-05 -1.0270444e-08)
(-0.00082774767 -0.00013982871 -2.9042134e-08)
(-0.00074459377 -0.00020464729 -4.8108325e-08)
(-0.00071236413 -5.1215623e-05 -7.6835683e-09)
(-0.00068639241 -0.00011512009 -2.2195605e-08)
(-0.00062783359 -0.00017329122 -3.7059886e-08)
(-0.00058999311 -3.7615096e-05 -5.9231714e-09)
(-0.00057189926 -8.485098e-05 -1.6922021e-08)
(-0.00052979791 -0.00013169906 -2.8199869e-08)
(-0.00049493682 -2.8195965e-05 -4.5641683e-09)
(-0.00048202451 -6.2714967e-05 -1.2832469e-08)
(-0.00045108361 -9.7164069e-05 -2.1235785e-08)
(-0.0004212909 -2.1435866e-05 -3.4748407e-09)
(-0.0004118949 -4.7298866e-05 -9.6293337e-09)
(-0.00038874705 -7.2564967e-05 -1.5776164e-08)
(-0.00036385255 -1.6612561e-05 -2.593297e-09)
(-0.00035691899 -3.6894103e-05 -7.078438e-09)
(-0.00033935508 -5.6698104e-05 -1.1487244e-08)
(-0.00031835181 -1.3379349e-05 -1.8669141e-09)
(-0.00031316984 -2.9693161e-05 -5.057555e-09)
(-0.00029965967 -4.6218589e-05 -8.154498e-09)
(-0.00028165158 -1.1032088e-05 -1.2953215e-09)
(-0.00027772917 -2.4609973e-05 -3.5012124e-09)
(-0.00026718567 -3.859554e-05 -5.6275801e-09)
(-0.00025164603 -9.186419e-06 -8.6885583e-10)
(-0.00024864482 -2.0650362e-05 -2.3534557e-09)
(-0.00024030481 -3.2807875e-05 -3.776726e-09)
(-0.00022690708 -7.664854e-06 -5.7130811e-10)
(-0.00022459169 -1.7247671e-05 -1.5464119e-09)
(-0.0002179139 -2.7534762e-05 -2.4729071e-09)
(-0.00020639265 -6.3664047e-06 -3.7287693e-10)
(-0.00020459529 -1.4371986e-05 -1.0001228e-09)
(-0.00019918783 -2.2889806e-05 -1.5861407e-09)
(-0.00018928541 -5.304611e-06 -2.4284179e-10)
(-0.00018788448 -1.1983567e-05 -6.4079025e-10)
(-0.00018345944 -1.904723e-05 -1.0006056e-09)
(-0.00017491888 -4.4701288e-06 -1.5916691e-10)
(-0.00017382469 -1.0046329e-05 -4.1023996e-10)
(-0.00017016755 -1.5997227e-05 -6.2355375e-10)
(-0.00016274441 -3.8034421e-06 -1.0640023e-10)
(-0.00016188952 -8.51677e-06 -2.6492224e-10)
(-0.00015883803 -1.3618027e-05 -3.8588563e-10)
(-0.00015231405 -3.2776737e-06 -7.2644997e-11)
(-0.00015164708 -7.3272576e-06 -1.7366536e-10)
(-0.00014907695 -1.1736092e-05 -2.3864241e-10)
(-0.00014326679 -2.8615614e-06 -5.1441488e-11)
(-0.00014274813 -6.3840119e-06 -1.1719642e-10)
(-0.00014056327 -1.023631e-05 -1.4894463e-10)
(-0.00013531427 -2.5357044e-06 -3.8285109e-11)
(-0.00013491309 -5.6541316e-06 -8.2537172e-11)
(-0.00013303875 -9.0751041e-06 -9.524628e-11)
(-0.00012822825 -2.2791458e-06 -3.0517815e-11)
(-0.00012792042 -5.091226e-06 -6.1617092e-11)
(-0.00012629819 -8.1769022e-06 -6.3806863e-11)
(-0.00012183063 -2.070511e-06 -2.6387429e-11)
(-0.0001215971 -4.6284178e-06 -4.941308e-11)
(-0.00012018087 -7.4517639e-06 -4.5836308e-11)
(-0.00011598444 -1.9049266e-06 -2.3971294e-11)
(-0.00011581 -4.2619048e-06 -4.1906887e-11)
(-0.00011456309 -6.878378e-06 -3.5465609e-11)
(-0.00011058589 -1.7689844e-06 -2.2853296e-11)
(-0.0001104584 -3.9618368e-06 -3.7415499e-11)
(-0.00010935151 -6.4032188e-06 -2.9696397e-11)
(-0.00010555826 -1.6504539e-06 -2.2973941e-11)
(-0.00010546799 -3.7002783e-06 -3.5069704e-11)
(-0.00010447761 -5.9952022e-06 -2.6703731e-11)
(-0.00010084651 -1.5543938e-06 -2.2688808e-11)
(-0.0001007857 -3.4902024e-06 -3.3051616e-11)
(-9.989298e-05 -5.6564163e-06 -2.4896071e-11)
(-9.6412571e-05 -1.4675462e-06 -2.2692356e-11)
(-9.6375098e-05 -3.2999324e-06 -3.1692036e-11)
(-9.5564865e-05 -5.3502163e-06 -2.3922121e-11)
(-9.2231863e-05 -1.3826017e-06 -2.3339278e-11)
(-9.2212794e-05 -3.1179284e-06 -3.1001912e-11)
(-9.1472707e-05 -5.064025e-06 -2.3454307e-11)
(-8.8290028e-05 -1.3051588e-06 -2.3502923e-11)
(-8.828542e-05 -2.9476963e-06 -3.0161403e-11)
(-8.7605376e-05 -4.7881199e-06 -2.3086781e-11)
(-8.4580298e-05 -1.2277426e-06 -2.3738711e-11)
(-8.4587033e-05 -2.7765891e-06 -2.947275e-11)
(-8.39587e-05 -4.5110734e-06 -2.2847712e-11)
(-8.1101485e-05 -1.1490927e-06 -2.4069192e-11)
(-8.1117066e-05 -2.6024587e-06 -2.8955765e-11)
(-8.0533454e-05 -4.230055e-06 -2.2709519e-11)
(-7.7856372e-05 -1.0689485e-06 -2.4374201e-11)
(-7.7878794e-05 -2.4242406e-06 -2.85143e-11)
(-7.7333969e-05 -3.9414655e-06 -2.2635674e-11)
(-7.4850675e-05 -9.8654483e-07 -2.4656908e-11)
(-7.4878313e-05 -2.2401556e-06 -2.8142835e-11)
(-7.4367177e-05 -3.6430495e-06 -2.2604984e-11)
(-7.2093021e-05 -9.0171807e-07 -2.4899931e-11)
(-7.212448e-05 -2.0500059e-06 -2.7822161e-11)
(-7.1642595e-05 -3.334386e-06 -2.2595327e-11)
(-6.9602177e-05 -8.1384069e-07 -2.512047e-11)
(-6.9636996e-05 -1.852849e-06 -2.7556526e-11)
(-6.9179712e-05 -3.0146671e-06 -2.2604739e-11)
(-6.7366963e-05 -7.2335882e-07 -2.5345715e-11)
(-6.7406028e-05 -1.6478487e-06 -2.7376051e-11)
(-6.6973249e-05 -2.6814709e-06 -2.2657856e-11)
(-6.5365471e-05 -6.3197123e-07 -2.5608814e-11)
(-6.54059e-05 -1.4414278e-06 -2.7314312e-11)
(-6.4993075e-05 -2.3465282e-06 -2.2775053e-11)
(-6.3627393e-05 -5.4054141e-07 -2.5869217e-11)
(-6.3667622e-05 -1.2295843e-06 -2.7363204e-11)
(-6.326826e-05 -1.9984133e-06 -2.293512e-11)
(-6.2176893e-05 -4.4214025e-07 -2.6159158e-11)
(-6.2218445e-05 -1.006228e-06 -2.7468944e-11)
(-6.1831844e-05 -1.6353161e-06 -2.3038243e-11)
(-6.1017673e-05 -3.4201507e-07 -2.639081e-11)
(-6.105997e-05 -7.7716918e-07 -2.7432243e-11)
(-6.068358e-05 -1.2621776e-06 -2.2822573e-11)
(-6.0166878e-05 -2.4009659e-07 -2.6418478e-11)
(-6.0209735e-05 -5.43778e-07 -2.6821077e-11)
(-5.9840864e-05 -8.8315195e-07 -2.177998e-11)
(-5.9680123e-05 -1.3601212e-07 -2.5775537e-11)
(-5.9723293e-05 -3.0846153e-07 -2.4539976e-11)
(-5.9358845e-05 -5.0516929e-07 -1.891694e-11)
(-5.9422315e-05 -3.6766547e-08 -2.2502e-11)
(-5.9465099e-05 -8.2779063e-08 -1.7961314e-11)
(-5.9102815e-05 -1.3872953e-07 -1.255059e-11)
(-0.048073159 1.9439535 -3.8651551e-07)
(-0.033396928 1.6907006 -3.4649422e-06)
(-0.064451104 0.33856996 -2.5812592e-07)
(-0.043925629 0.14925148 -1.012477e-06)
(-0.016974447 -0.042395614 -2.1791947e-07)
(-0.012337069 -0.044812523 -6.4267517e-07)
(-0.006572753 -0.014118716 -1.2459323e-07)
(-0.0054567541 -0.015607125 -4.2352304e-07)
(-0.0024361276 -0.0027980227 -1.2661711e-07)
(-0.0018704223 -0.0036766507 -3.1116872e-07)
(-0.0014364188 -0.00089517061 -1.3702447e-07)
(-0.00094779607 -0.0010555706 -2.4823041e-07)
(-0.0010250715 -0.00046154589 -1.351826e-07)
(-0.00064595551 -0.00039771287 -2.0496049e-07)
(-0.00087384387 -0.00026825076 -1.2308902e-07)
(-0.00058800788 -0.00018981962 -1.6957597e-07)
(-0.00079852187 -0.00025445453 -1.0507739e-07)
(-0.00058422256 -0.00021433968 -1.3787722e-07)
(-0.0007239278 -0.00026240055 -8.5414737e-08)
(-0.00056633475 -0.00026254227 -1.0960053e-07)
(-0.00063751109 -0.00024747235 -6.7144212e-08)
(-0.00052123422 -0.00027123825 -8.5424444e-08)
(-0.00055026957 -0.00021264268 -5.1690824e-08)
(-0.00046352417 -0.00023819802 -6.5563482e-08)
(-0.00047269682 -0.00016756858 -3.9252186e-08)
(-0.00040714645 -0.00019084247 -4.9683185e-08)
(-0.00040829113 -0.00012528079 -2.9437513e-08)
(-0.00035805921 -0.00014388841 -3.7162404e-08)
(-0.00035626486 -9.3794538e-05 -2.1745914e-08)
(-0.00031741475 -0.00010826355 -2.7361846e-08)
(-0.00031440768 -7.2463858e-05 -1.5750078e-08)
(-0.0002841103 -8.5053816e-05 -1.9754795e-08)
(-0.00028026352 -5.9483625e-05 -1.1137169e-08)
(-0.0002564031 -7.0317051e-05 -1.3936067e-08)
(-0.00025191807 -5.0226746e-05 -7.6705177e-09)
(-0.00023293508 -5.9648799e-05 -9.5853545e-09)
(-0.00022814138 -4.2435991e-05 -5.1445455e-09)
(-0.00021287895 -5.0611831e-05 -6.4247266e-09)
(-0.000208112 -3.5750668e-05 -3.3644719e-09)
(-0.00019571538 -4.2844421e-05 -4.1991257e-09)
(-0.00019120522 -3.0161898e-05 -2.1505947e-09)
(-0.00018104175 -3.6105033e-05 -2.680515e-09)
(-0.00017689452 -2.5286449e-05 -1.3476656e-09)
(-0.0001684889 -3.03716e-05 -1.6746059e-09)
(-0.00016471725 -2.1324669e-05 -8.3007689e-10)
(-0.00015770479 -2.5697923e-05 -1.0255933e-09)
(-0.00015427082 -1.8234644e-05 -5.0380993e-10)
(-0.00014836916 -2.1972745e-05 -6.1655548e-10)
(-0.00014521441 -1.5769267e-05 -3.0240049e-10)
(-0.000140204 -1.9095527e-05 -3.6434754e-10)
(-0.00013726658 -1.3799951e-05 -1.8044699e-10)
(-0.0001329754 -1.6881436e-05 -2.1214266e-10)
(-0.00013019939 -1.2275516e-05 -1.081117e-10)
(-0.00012649201 -1.5112718e-05 -1.2228709e-10)
(-0.00012383099 -1.1070203e-05 -6.635238e-11)
(-0.00012060023 -1.3710443e-05 -7.0564338e-11)
(-0.00011801848 -1.0119538e-05 -4.280689e-11)
(-0.00011517916 -1.2573312e-05 -4.1637774e-11)
(-0.00011265185 -9.3503303e-06 -2.9716973e-11)
(-0.00011013592 -1.1651505e-05 -2.584923e-11)
(-0.00010764848 -8.7323345e-06 -2.2662704e-11)
(-0.00010540137 -1.0912e-05 -1.7523381e-11)
(-0.00010294834 -8.2089874e-06 -1.9119044e-11)
(-0.00010092626 -1.0296777e-05 -1.3428657e-11)
(-9.8509764e-05 -7.748851e-06 -1.7438807e-11)
(-9.6677366e-05 -9.7382644e-06 -1.1679101e-11)
(-9.4305368e-05 -7.344037e-06 -1.6711243e-11)
(-9.2633998e-05 -9.247158e-06 -1.1079666e-11)
(-9.0318739e-05 -6.9621163e-06 -1.6523853e-11)
(-8.8785059e-05 -8.7843501e-06 -1.108933e-11)
(-8.6542019e-05 -6.5867544e-06 -1.6560681e-11)
(-8.5126839e-05 -8.3183684e-06 -1.1406364e-11)
(-8.2973622e-05 -6.2117834e-06 -1.6702591e-11)
(-8.1661004e-05 -7.8545133e-06 -1.1817163e-11)
(-7.961629e-05 -5.8306622e-06 -1.69033e-11)
(-7.8392834e-05 -7.3822482e-06 -1.2257914e-11)
(-7.6475895e-05 -5.436607e-06 -1.7147131e-11)
(-7.5330162e-05 -6.8896464e-06 -1.2723705e-11)
(-7.3560578e-05 -5.0277763e-06 -1.7406749e-11)
(-7.2482652e-05 -6.3760303e-06 -1.3185533e-11)
(-7.0880803e-05 -4.6031692e-06 -1.7659436e-11)
(-6.9861844e-05 -5.8406087e-06 -1.3620771e-11)
(-6.8455596e-05 -4.1634288e-06 -1.7896278e-11)
(-6.7486369e-05 -5.2843535e-06 -1.4018472e-11)
(-6.6286773e-05 -3.7046384e-06 -1.8137293e-11)
(-6.5368328e-05 -4.7035229e-06 -1.43896e-11)
(-6.4337539e-05 -3.2437286e-06 -1.8390737e-11)
(-6.3459901e-05 -4.1222341e-06 -1.4734089e-11)
(-6.2633621e-05 -2.7613323e-06 -1.8619946e-11)
(-6.1782762e-05 -3.5081979e-06 -1.5008938e-11)
(-6.1216864e-05 -2.2593339e-06 -1.8704875e-11)
(-6.0392315e-05 -2.8700831e-06 -1.5095346e-11)
(-6.0084385e-05 -1.7433229e-06 -1.8382904e-11)
(-5.9280943e-05 -2.2140399e-06 -1.4760748e-11)
(-5.9253297e-05 -1.2197671e-06 -1.7198427e-11)
(-5.8465353e-05 -1.5493802e-06 -1.3627335e-11)
(-5.8778149e-05 -6.9915452e-07 -1.4411938e-11)
(-5.7999342e-05 -8.8883857e-07 -1.1168058e-11)
(-5.8525536e-05 -1.9308724e-07 -9.0543626e-12)
(-5.7751281e-05 -2.4594229e-07 -6.8031514e-12)
(0.0047992113 -5.2194492e-05 -1.1525019e-07)
(0.0046266807 -0.00018886144 -2.7328097e-07)
(0.0042888855 -0.00023507322 -3.866823e-07)
(0.0038792541 -0.00028664067 -4.5834349e-07)
(0.0034499564 -0.00030337123 -4.9717218e-07)
(0.0030420008 -0.00032763697 -5.1328931e-07)
(0.0026782406 -0.00035762473 -5.1429807e-07)
(0.002363957 -0.00040562147 -5.0553336e-07)
(0.0020963992 -0.00047019398 -4.9071803e-07)
(0.001868388 -0.00054525138 -4.7242615e-07)
(0.0016719299 -0.00062559416 -4.5245244e-07)
(0.001499862 -0.00070634623 -4.3188048e-07)
(0.0013462649 -0.000783642 -4.1123845e-07)
(0.0012066175 -0.00085472652 -3.9063039e-07)
(0.0010774381 -0.00091809493 -3.6991933e-07)
(0.00095610743 -0.0009726523 -3.4882656e-07)
(0.00084062318 -0.0010192631 -3.2695297e-07)
(0.00072961463 -0.0010575195 -3.0373298e-07)
(0.00062251413 -0.0010854749 -2.7853661e-07)
(0.00051882007 -0.0011027281 -2.5063828e-07)
(0.00041811284 -0.0011099896 -2.192588e-07)
(0.00032052405 -0.0011092513 -1.8324069e-07)
(0.00022599253 -0.0010991331 -1.4159291e-07)
(0.00013414301 -0.0010835827 -9.382062e-08)
(4.3824714e-05 -0.0010312684 -3.9504284e-08)
(0.00037834009 -0.000172624 -1.3125215e-07)
(0.00033921382 -0.00064068192 -3.0708096e-07)
(0.00029245541 -0.00089954533 -4.2654864e-07)
(0.00026880771 -0.0012254667 -4.955927e-07)
(0.00028589694 -0.0014817689 -5.2827508e-07)
(0.00032910225 -0.0017597346 -5.3820793e-07)
(0.00037796275 -0.0020373536 -5.3403291e-07)
(0.00041935615 -0.0023444015 -5.2130015e-07)
(0.00044346737 -0.0026739063 -5.0351309e-07)
(0.00045149422 -0.0029973148 -4.8296903e-07)
(0.00044627621 -0.0033098927 -4.6141147e-07)
(0.00043113364 -0.0036073826 -4.3979056e-07)
(0.00040907979 -0.0038842546 -4.1851085e-07)
(0.00038226118 -0.0041385596 -3.9752231e-07)
(0.00035198906 -0.00436933 -3.7659916e-07)
(0.00031932111 -0.0045779474 -3.554332e-07)
(0.00028517051 -0.0047755852 -3.3367878e-07)
(0.00025020443 -0.004956229 -3.106408e-07)
(0.00021455945 -0.0050969189 -2.8572831e-07)
(0.00017853179 -0.0051897319 -2.5815287e-07)
(0.00014267766 -0.0052323383 -2.2744406e-07)
(0.00010777467 -0.0052273426 -1.9175783e-07)
(7.3968293e-05 -0.0051782006 -1.497262e-07)
(4.1545972e-05 -0.0050706988 -9.9726305e-08)
(1.1408556e-05 -0.0048409707 -4.3219714e-08)
(0.0012750631 -0.000383534 -1.696593e-07)
(0.0012020501 -0.0016699298 -3.8272481e-07)
(0.0011632547 -0.0022328985 -5.1044083e-07)
(0.0012024563 -0.0031304633 -5.6945151e-07)
(0.0012769649 -0.0038644101 -5.8806915e-07)
(0.0013420925 -0.0046528338 -5.8536448e-07)
(0.0013710413 -0.0054442998 -5.7099525e-07)
(0.0013623743 -0.0063824709 -5.5086532e-07)
(0.0013259643 -0.0074306525 -5.2770443e-07)
(0.0012689165 -0.0083899849 -5.0293678e-07)
(0.0011976401 -0.0092223333 -4.7852257e-07)
(0.0011172438 -0.0099262736 -4.5506743e-07)
(0.0010316304 -0.01050241 -4.327983e-07)
(0.00094187842 -0.010959369 -4.1128818e-07)
(0.00085015908 -0.011303454 -3.9014247e-07)
(0.00075804883 -0.011536465 -3.6898637e-07)
(0.00066685987 -0.011650777 -3.478843e-07)
(0.00057739602 -0.011663727 -3.2546257e-07)
(0.00048991949 -0.011603972 -3.0156862e-07)
(0.00040489689 -0.011487367 -2.7543142e-07)
(0.00032264581 -0.011323687 -2.4613184e-07)
(0.00024432106 -0.011121792 -2.1217213e-07)
(0.00016901662 -0.010888519 -1.7147666e-07)
(9.7077765e-05 -0.010594411 -1.2051482e-07)
(2.9843554e-05 -0.010191554 -5.9162418e-08)
(0.0038356227 -0.0011163428 -2.5235169e-07)
(0.0037547858 -0.0048450166 -5.2309131e-07)
(0.0036720563 -0.0061797558 -6.4853209e-07)
(0.0035213314 -0.0094264778 -6.8136124e-07)
(0.003334832 -0.01234931 -6.7492974e-07)
(0.0030971456 -0.014936285 -6.5251138e-07)
(0.0028265522 -0.016756953 -6.2308345e-07)
(0.0025455418 -0.017705941 -5.9366849e-07)
(0.0022736716 -0.017971063 -5.6440077e-07)
(0.0020134259 -0.017810538 -5.3376536e-07)
(0.0017750022 -0.017335144 -5.0574458e-07)
(0.0015580851 -0.016668429 -4.7991387e-07)
(0.0013595882 -0.0158297 -4.5671758e-07)
(0.0011657822 -0.014871649 -4.3477353e-07)
(0.00099171987 -0.013846043 -4.1352761e-07)
(0.00083764395 -0.01279818 -3.9270541e-07)
(0.00070213405 -0.011766968 -3.7196851e-07)
(0.00058329315 -0.010785866 -3.5081045e-07)
(0.00047939961 -0.0098781266 -3.2870485e-07)
(0.00038813236 -0.0090637526 -3.0498657e-07)
(0.00030718448 -0.0083540988 -2.7879487e-07)
(0.0002326702 -0.0077532862 -2.4887519e-07)
(0.00016384003 -0.0072622209 -2.1334493e-07)
(9.8916902e-05 -0.0068390388 -1.6905794e-07)
(3.6515749e-05 -0.0065316401 -1.0609304e-07)
(0.011963994 -0.0087878684 -4.4042798e-07)
(0.009568147 -0.025853178 -7.6000773e-07)
(0.0082464427 -0.028456099 -8.4688473e-07)
(0.0064452132 -0.032774304 -8.3531827e-07)
(0.004979707 -0.030226674 -7.9629458e-07)
(0.0037013581 -0.026424207 -7.4844766e-07)
(0.0026459345 -0.021690143 -7.0095624e-07)
(0.0018091813 -0.016692273 -6.5664742e-07)
(0.0011571414 -0.011706947 -6.1712287e-07)
(0.00065655177 -0.0070961549 -5.8080555e-07)
(0.00027285033 -0.0029295684 -5.4808357e-07)
(-1.2471149e-05 0.00064267653 -5.176781e-07)
(-0.00021785359 0.003973581 -4.9326612e-07)
(-0.00034880291 0.0071478738 -4.7017225e-07)
(-0.0004312393 0.010058781 -4.4791733e-07)
(-0.00047284862 0.012584535 -4.2665152e-07)
(-0.00048206493 0.014694129 -4.0604549e-07)
(-0.00046570478 0.016406096 -3.8567728e-07)
(-0.0004292587 0.017749099 -3.6507296e-07)
(-0.00037753213 0.018752892 -3.4369271e-07)
(-0.00031453317 0.01944174 -3.2086423e-07)
(-0.00024550366 0.019841378 -2.9564665e-07)
(-0.00017201287 0.019950593 -2.6652723e-07)
(-9.7258881e-05 0.019826974 -2.3805456e-07)
(-2.2300806e-05 0.019130714 -2.0968569e-07)
(0.015471385 0.022972856 -7.9861215e-07)
(0.004104845 -0.0019977762 -1.1302982e-06)
(0.0011962134 0.04764023 -1.1333851e-06)
(-0.00081840313 0.050532343 -1.0610396e-06)
(-0.0025319267 0.064853563 -9.8434836e-07)
(-0.0037972478 0.075220068 -8.9878282e-07)
(-0.0044936229 0.082467656 -8.2205602e-07)
(-0.0047128468 0.08851003 -7.5533365e-07)
(-0.0046396329 0.092964463 -6.9735938e-07)
(-0.0044193066 0.095733505 -6.4786321e-07)
(-0.0041313207 0.097313278 -6.0612476e-07)
(-0.0037865227 0.097811125 -5.6271629e-07)
(-0.0034377415 0.097553437 -5.3789128e-07)
(-0.0030944139 0.096250414 -5.111096e-07)
(-0.0027480155 0.094103033 -4.8471176e-07)
(-0.0024103736 0.091684498 -4.6102624e-07)
(-0.0020912219 0.089061998 -4.3901525e-07)
(-0.0017913983 0.086320133 -4.1806958e-07)
(-0.001510213 0.083536096 -3.9769211e-07)
(-0.0012458798 0.080768237 -3.7739332e-07)
(-0.0009963045 0.078053477 -3.5663526e-07)
(-0.00075813675 0.075434249 -3.3476114e-07)
(-0.00052989476 0.072882966 -3.1109485e-07)
(-0.00030979453 0.070586741 -2.8653959e-07)
(-9.2769208e-05 0.067110028 -2.6245365e-07)
(-0.00087695533 1.171961 -2.5321753e-06)
(-0.00053352531 0.96028955 -2.0083953e-06)
(-0.00089297279 0.86498626 -1.6242377e-06)
(-0.00064310224 0.77300886 -1.3319149e-06)
(-0.00059214834 0.67708093 -1.1149867e-06)
(-0.00053506314 0.58577808 -9.5777686e-07)
(-0.00047291834 0.50745574 -8.432516e-07)
(-0.00041218889 0.44378009 -7.5880021e-07)
(-0.0003563619 0.39126975 -6.9017859e-07)
(-0.00030512541 0.34646082 -6.3764792e-07)
(-0.00025157984 0.3077897 -5.9744111e-07)
(-0.00020357624 0.27451325 -5.6242923e-07)
(-0.00016214935 0.2460593 -5.3321378e-07)
(-0.00013718253 0.22170004 -5.0754885e-07)
(-0.0001145339 0.2007783 -4.84235e-07)
(-9.6023635e-05 0.182814 -4.6268692e-07)
(-8.0312498e-05 0.1673782 -4.4234415e-07)
(-6.6801028e-05 0.1541086 -4.2280713e-07)
(-5.5115215e-05 0.14270319 -4.0376233e-07)
(-4.4866824e-05 0.13291314 -3.8488289e-07)
(-3.5711205e-05 0.12452282 -3.6577695e-07)
(-2.6914012e-05 0.11739063 -3.4590271e-07)
(-1.8497814e-05 0.1112756 -3.2492361e-07)
(-1.0525664e-05 0.10645959 -3.025954e-07)
(-2.9692218e-06 0.10045404 -2.783895e-07)
(-0.013091974 0.088528909 -1.2322184e-06)
(-0.0026738538 0.096982619 -1.2744237e-06)
(-0.00026117714 0.10316893 -1.2291087e-06)
(0.0014974562 0.10515474 -1.1386876e-06)
(0.003021196 0.1074122 -1.0362967e-06)
(0.0041419519 0.10924106 -9.3680185e-07)
(0.0047443291 0.11097487 -8.4795307e-07)
(0.0048980296 0.11254033 -7.7110333e-07)
(0.0047798196 0.11336296 -6.9071733e-07)
(0.0045084908 0.11344731 -6.4688895e-07)
(0.0041964934 0.11274152 -6.0631749e-07)
(0.0038617863 0.11106719 -5.6377064e-07)
(0.003493579 0.10854251 -5.280738e-07)
(0.0031252065 0.10552309 -4.9748448e-07)
(0.0027678616 0.10225146 -4.7064381e-07)
(0.0024254701 0.098852113 -4.4657495e-07)
(0.0021020616 0.095409173 -4.2455135e-07)
(0.0017984874 0.091989894 -4.0398923e-07)
(0.0015139246 0.088645153 -3.8436745e-07)
(0.0012468247 0.08541286 -3.6516328e-07)
(0.0009951833 0.082314814 -3.4577937e-07)
(0.00075687437 0.0793808 -3.254358e-07)
(0.00052923388 0.076573723 -3.0444163e-07)
(0.0003100598 0.074084866 -2.8157167e-07)
(9.3525778e-05 0.070394409 -2.5853687e-07)
(-0.0095991105 -0.042306894 -8.6638755e-07)
(-0.0080670015 -0.039910033 -9.3170739e-07)
(-0.006634694 -0.038032738 -9.1866396e-07)
(-0.0052251146 -0.034433527 -8.7241912e-07)
(-0.0038993017 -0.029338995 -8.1389242e-07)
(-0.0027510296 -0.023590837 -7.5240057e-07)
(-0.0018110823 -0.017698541 -6.9526533e-07)
(-0.0010761858 -0.011993821 -6.4301595e-07)
(-0.00051590057 -0.0069103562 -5.9471333e-07)
(-9.8737233e-05 -0.0024326894 -5.5843131e-07)
(0.0002027519 0.0014215126 -5.2511184e-07)
(0.00041379382 0.0051896314 -4.9408548e-07)
(0.00055257032 0.0087742726 -4.6621968e-07)
(0.00063556905 0.011973745 -4.4118521e-07)
(0.00067473817 0.014723655 -4.1840567e-07)
(0.00068085451 0.017027661 -3.973566e-07)
(0.00065920239 0.018923595 -3.7761578e-07)
(0.00061556979 0.020448691 -3.5870134e-07)
(0.00055498349 0.021624204 -3.4010901e-07)
(0.00048147354 0.022472538 -3.2125459e-07)
(0.00039843925 0.023015497 -3.0132505e-07)
(0.00030887597 0.023274194 -2.7890069e-07)
(0.0002156735 0.023259154 -2.5685693e-07)
(0.00012205881 0.023013968 -2.3009082e-07)
(2.9543733e-05 0.022165933 -2.0383491e-07)
(-0.0048130305 -0.016924679 -5.9743759e-07)
(-0.0045326979 -0.019190945 -6.7329535e-07)
(-0.0043124596 -0.021846364 -6.8812864e-07)
(-0.0040354792 -0.023783557 -6.712253e-07)
(-0.0036753895 -0.024960758 -6.4136033e-07)
(-0.0032825242 -0.025283881 -6.086712e-07)
(-0.002908795 -0.024944696 -5.690593e-07)
(-0.0025585142 -0.024171412 -5.3198632e-07)
(-0.0022379054 -0.023135194 -4.9836648e-07)
(-0.0019488771 -0.021907175 -4.6958032e-07)
(-0.0016894873 -0.020570846 -4.43421e-07)
(-0.0014497495 -0.01910984 -4.1931834e-07)
(-0.0012346493 -0.017593669 -3.9722353e-07)
(-0.0010456664 -0.016074024 -3.7694027e-07)
(-0.0008802807 -0.014583773 -3.5795178e-07)
(-0.00073461504 -0.013158208 -3.3983197e-07)
(-0.00060862486 -0.011834468 -3.2245367e-07)
(-0.00050016129 -0.010638339 -3.0524201e-07)
(-0.00040668897 -0.0095745719 -2.8765639e-07)
(-0.00032588865 -0.0086449997 -2.6904662e-07)
(-0.00025554149 -0.0078500788 -2.4851975e-07)
(-0.00019340414 -0.0071892576 -2.2485193e-07)
(-0.00013728998 -0.0066589542 -1.9678365e-07)
(-8.4777319e-05 -0.0062187118 -1.5882509e-07)
(-3.3203904e-05 -0.0059192223 -1.0185549e-07)
(-0.0015505309 -0.0045259164 -4.3706734e-07)
(-0.0014985548 -0.0053571604 -5.0695166e-07)
(-0.0015986578 -0.0062131269 -5.3437566e-07)
(-0.0016952183 -0.007089233 -5.3523304e-07)
(-0.001769585 -0.008012413 -5.2129351e-07)
(-0.0017922274 -0.00910009 -4.9976086e-07)
(-0.0017551201 -0.010253935 -4.7340192e-07)
(-0.0016788923 -0.011234799 -4.4667459e-07)
(-0.0015804132 -0.012045933 -4.2144902e-07)
(-0.0014697299 -0.012693661 -3.984182e-07)
(-0.0013535857 -0.013200834 -3.771638e-07)
(-0.0012362368 -0.013571864 -3.5739579e-07)
(-0.0011204776 -0.013815229 -3.389529e-07)
(-0.0010076492 -0.013912715 -3.2197672e-07)
(-0.00089900031 -0.013888022 -3.0562335e-07)
(-0.00079588542 -0.013783316 -2.8990931e-07)
(-0.0006970508 -0.013623366 -2.7418968e-07)
(-0.0006020114 -0.013421479 -2.5815064e-07)
(-0.00051062993 -0.013186285 -2.4128483e-07)
(-0.0004226342 -0.012924655 -2.2294719e-07)
(-0.00033777474 -0.012641988 -2.0216454e-07)
(-0.00025590842 -0.012343491 -1.7749638e-07)
(-0.00017707542 -0.012032244 -1.4683638e-07)
(-0.00010163082 -0.011670432 -1.0580625e-07)
(-3.1353843e-05 -0.011216192 -5.3630747e-08)
(-0.00059413203 -0.0012296932 -3.3459537e-07)
(-0.00036419766 -0.0014627238 -3.9057903e-07)
(-0.00030759756 -0.0017774167 -4.1955111e-07)
(-0.00034595729 -0.0021506769 -4.287146e-07)
(-0.00043629456 -0.0025762458 -4.2481567e-07)
(-0.00053226825 -0.0030291717 -4.1287387e-07)
(-0.00060033984 -0.0035040185 -3.9617588e-07)
(-0.00063581042 -0.0039588682 -3.7757532e-07)
(-0.00064502054 -0.0043776083 -3.5880644e-07)
(-0.00063741405 -0.0047493517 -3.4071634e-07)
(-0.00061889448 -0.0050746313 -3.2350272e-07)
(-0.00059056628 -0.0053621763 -3.0716915e-07)
(-0.00055492234 -0.0056264075 -2.916667e-07)
(-0.00051432603 -0.0058948949 -2.7693597e-07)
(-0.00047081553 -0.0061615393 -2.626565e-07)
(-0.00042552623 -0.0063902182 -2.4860419e-07)
(-0.00037873999 -0.0065726576 -2.3439221e-07)
(-0.00033109813 -0.0067065259 -2.1964264e-07)
(-0.00028314397 -0.0067913438 -2.0387117e-07)
(-0.00023536431 -0.0068267405 -1.8662024e-07)
(-0.00018814331 -0.0068136397 -1.6706522e-07)
(-0.00014189314 -0.006755062 -1.4376293e-07)
(-9.7103284e-05 -0.0066553643 -1.1537708e-07)
(-5.4330435e-05 -0.0064965949 -7.9500331e-08)
(-1.5026874e-05 -0.0062048155 -3.6590789e-08)
(-0.00035619971 -0.00030696332 -2.6380539e-07)
(-0.00017068816 -0.00023330183 -3.0627024e-07)
(-5.2086526e-05 -0.00021558663 -3.3207734e-07)
(-7.2630628e-06 -0.00024786548 -3.4399795e-07)
(6.737726e-06 -0.00032672501 -3.4559325e-07)
(-6.5593243e-06 -0.00044981937 -3.4007064e-07)
(-4.3172547e-05 -0.00059806618 -3.299852e-07)
(-8.1452255e-05 -0.00076017306 -3.1740168e-07)
(-0.00011141518 -0.00092565883 -3.037518e-07)
(-0.00013189259 -0.0010840291 -2.8988771e-07)
(-0.00014486802 -0.0012289716 -2.7622063e-07)
(-0.00015304721 -0.0013567577 -2.6292351e-07)
(-0.00015471235 -0.0014696838 -2.5004104e-07)
(-0.00015115643 -0.0015701905 -2.3752725e-07)
(-0.00014329473 -0.0016573199 -2.2521865e-07)
(-0.00013252997 -0.001728877 -2.1290854e-07)
(-0.00011976396 -0.0017857711 -2.0031886e-07)
(-0.00010583691 -0.001828304 -1.8713071e-07)
(-9.1151988e-05 -0.0018566419 -1.7296494e-07)
(-7.6220692e-05 -0.0018708278 -1.5740093e-07)
(-6.1328656e-05 -0.0018710464 -1.3992279e-07)
(-4.6759302e-05 -0.0018579757 -1.197719e-07)
(-3.2620406e-05 -0.0018341528 -9.6146021e-08)
(-1.8834309e-05 -0.0017986788 -6.8094744e-08)
(-5.2846601e-06 -0.0017090135 -3.4023805e-08)
(-0.00035124358 -7.4005888e-05 -2.1055321e-07)
(-0.00017422661 4.8544074e-05 -2.4212633e-07)
(-4.9636782e-05 0.00016667922 -2.634492e-07)
(1.9515889e-05 0.0002652996 -2.7532955e-07)
(4.8265757e-05 0.00032081358 -2.7947494e-07)
(5.3164883e-05 0.00033557911 -2.7782093e-07)
(4.4643704e-05 0.0003277456 -2.7212739e-07)
(2.7451711e-05 0.00030301529 -2.6387238e-07)
(8.0985492e-06 0.00026823905 -2.5417638e-07)
(-7.6584885e-06 0.00022698254 -2.4378922e-07)
(-1.8519849e-05 0.00018059523 -2.3315623e-07)
(-2.7356488e-05 0.00013787529 -2.2251707e-07)
(-3.372865e-05 0.00010250661 -2.1197627e-07)
(-3.7387e-05 7.3218259e-05 -2.0153267e-07)
(-3.8393392e-05 5.0724772e-05 -1.9109605e-07)
(-3.7207376e-05 3.3972273e-05 -1.8051549e-07)
(-3.450575e-05 2.1727594e-05 -1.6958701e-07)
(-3.1089551e-05 1.3199462e-05 -1.5806886e-07)
(-2.7343282e-05 7.4497968e-06 -1.4568885e-07)
(-2.339001e-05 3.7102627e-06 -1.3215825e-07)
(-1.9392018e-05 1.219878e-06 -1.1719712e-07)
(-1.5352133e-05 -7.3349861e-07 -1.0057507e-07)
(-1.1239922e-05 -2.1977301e-06 -8.2368573e-08)
(-7.0344167e-06 -4.4212581e-06 -6.353996e-08)
(-2.3487566e-06 -2.8572676e-06 -4.6860011e-08)
(-0.00039401153 -0.00012975926 -1.6743375e-07)
(-0.00023992919 -2.4169975e-05 -1.912879e-07)
(-0.00012371978 8.2655716e-05 -2.0846673e-07)
(-4.5651472e-05 0.00017638933 -2.1913914e-07)
(1.5844954e-06 0.00025433754 -2.2415131e-07)
(2.5918698e-05 0.00031270674 -2.2463006e-07)
(3.414784e-05 0.00034991209 -2.2172864e-07)
(3.1473177e-05 0.00036676048 -2.1648271e-07)
(2.2267479e-05 0.00036963073 -2.0972185e-07)
(9.7661595e-06 0.00036412697 -2.0206219e-07)
(-2.8322124e-06 0.0003509884 -1.9391822e-07)
(-1.2447176e-05 0.00033423634 -1.8553913e-07)
(-2.0058438e-05 0.00031925097 -1.770461e-07)
(-2.5492418e-05 0.00030613359 -1.6846864e-07)
(-2.9137852e-05 0.00029355714 -1.5976129e-07)
(-3.1089067e-05 0.00028216362 -1.5082229e-07)
(-3.1331134e-05 0.00027182958 -1.4150728e-07)
(-2.9611195e-05 0.00026265691 -1.3164389e-07)
(-2.7019155e-05 0.00025475361 -1.2104835e-07)
(-2.3767381e-05 0.00024784281 -1.0955443e-07)
(-1.99663e-05 0.00024149211 -9.7058353e-08)
(-1.5696695e-05 0.00023548283 -8.3608033e-08)
(-1.1222217e-05 0.00022952111 -6.964732e-08)
(-6.7224307e-06 0.00022262769 -5.6471356e-08)
(-2.1869655e-06 0.0002110966 -4.7106071e-08)
(-0.00041784542 -0.00022794103 -1.3149951e-07)
(-0.00028858936 -0.00017170757 -1.4966762e-07)
(-0.00018373427 -0.00010613367 -1.6339e-07)
(-0.00010586208 -4.4436786e-05 -1.7259188e-07)
(-5.2274334e-05 1.2391498e-05 -1.776754e-07)
(-1.7950655e-05 6.2867566e-05 -1.7928051e-07)
(1.632689e-06 0.00010041868 -1.7814178e-07)
(9.9687265e-06 0.00012467962 -1.7496954e-07)
(1.0361791e-05 0.00013578919 -1.7037573e-07)
(6.046214e-06 0.00013672751 -1.648405e-07)
(-3.0387916e-07 0.0001310485 -1.587104e-07)
(-6.5079321e-06 0.00011957526 -1.5221178e-07)
(-1.2053814e-05 0.00010677321 -1.4547051e-07)
(-1.6779552e-05 9.4032751e-05 -1.3853303e-07)
(-2.0742648e-05 8.0247104e-05 -1.3138266e-07)
(-2.3905101e-05 6.6829118e-05 -1.239549e-07)
(-2.5998839e-05 5.5361628e-05 -1.1615151e-07)
(-2.6434106e-05 4.5273792e-05 -1.0785536e-07)
(-2.5212508e-05 3.5827914e-05 -9.8948599e-08)
(-2.2714995e-05 2.8123158e-05 -8.9339657e-08)
(-1.93194e-05 2.2210973e-05 -7.9003673e-08)
(-1.5354536e-05 1.7830143e-05 -6.8051252e-08)
(-1.1097623e-05 1.4595519e-05 -5.685279e-08)
(-6.6647306e-06 1.4659674e-05 -4.6235434e-08)
(-2.2207498e-06 1.2123201e-05 -3.7069097e-08)
(-0.00040717053 -0.00027257628 -1.0198713e-07)
(-0.00030298884 -0.00025427506 -1.1598033e-07)
(-0.00021365255 -0.00022245171 -1.2689793e-07)
(-0.00014205804 -0.00018336122 -1.345923e-07)
(-8.7944621e-05 -0.00014758284 -1.3925366e-07)
(-4.9014253e-05 -0.00011714632 -1.4127771e-07)
(-2.2901374e-05 -9.0992102e-05 -1.4114065e-07)
(-7.2603508e-06 -7.1247311e-05 -1.3932324e-07)
(4.7722311e-07 -5.6977186e-05 -1.3626136e-07)
(2.9370212e-06 -5.201302e-05 -1.3231564e-07)
(2.1703751e-06 -5.5021765e-05 -1.2776195e-07)
(-1.5675552e-07 -6.0251888e-05 -1.2278939e-07)
(-3.1386122e-06 -6.7907279e-05 -1.1751304e-07)
(-6.2835405e-06 -7.873133e-05 -1.1198433e-07)
(-9.0708756e-06 -9.1221478e-05 -1.0620364e-07)
(-1.122507e-05 -0.00010327199 -1.0013276e-07)
(-1.2755924e-05 -0.00011383352 -9.3707148e-08)
(-1.3955817e-05 -0.00012271145 -8.6848923e-08)
(-1.4108932e-05 -0.00013020513 -7.948186e-08)
(-1.3283326e-05 -0.00013632686 -7.1549426e-08)
(-1.1767052e-05 -0.00014085404 -6.3035074e-08)
(-9.7406954e-06 -0.00014363991 -5.3977641e-08)
(-7.2512165e-06 -0.00014564376 -4.4444072e-08)
(-4.4252028e-06 -0.0001393834 -3.4302778e-08)
(-1.53509e-06 -0.0001409026 -2.2026116e-08)
(-0.00037576031 -0.00025098953 -7.8128549e-08)
(-0.00029286657 -0.00024943904 -8.8864485e-08)
(-0.00021890875 -0.00023721187 -9.7422511e-08)
(-0.00015642089 -0.00021805258 -1.0369211e-07)
(-0.00010589378 -0.00019361776 -1.0775667e-07)
(-6.6920024e-05 -0.00017025635 -1.0983582e-07)
(-3.8318063e-05 -0.00015189245 -1.1022944e-07)
(-1.8527572e-05 -0.00013663295 -1.0926731e-07)
(-5.7400465e-06 -0.0001252821 -1.0726081e-07)
(1.8019399e-06 -0.00011736076 -1.0447837e-07)
(5.6263285e-06 -0.00011274927 -1.0112925e-07)
(6.7457558e-06 -0.00011278452 -9.7366827e-08)
(6.0934934e-06 -0.00011750356 -9.3287681e-08)
(4.500397e-06 -0.00012400804 -8.8941307e-08)
(2.70315e-06 -0.0001305567 -8.4337652e-08)
(1.0804022e-06 -0.00013785975 -7.9455818e-08)
(-1.7753705e-07 -0.00014537205 -7.4254492e-08)
(-1.233782e-06 -0.00015207598 -6.868194e-08)
(-2.0858747e-06 -0.00015779247 -6.2686575e-08)
(-2.6450103e-06 -0.00016235912 -5.6225663e-08)
(-2.7935966e-06 -0.00016538029 -4.9269589e-08)
(-2.5588518e-06 -0.00016671542 -4.1787313e-08)
(-1.9908895e-06 -0.00016715219 -3.3678249e-08)
(-1.2056485e-06 -0.00015959186 -2.4552751e-08)
(-3.9310928e-07 -0.00015762195 -1.3200711e-08)
(-0.00033898033 -0.00020277607 -5.9137967e-08)
(-0.00027281138 -0.00020457136 -6.7282001e-08)
(-0.00021192188 -0.00019771043 -7.3880366e-08)
(-0.000158408 -0.00018576109 -7.8843581e-08)
(-0.00011320293 -0.00017041887 -8.2204918e-08)
(-7.6463919e-05 -0.00015292266 -8.4095816e-08)
(-4.7811472e-05 -0.00013646706 -8.4709131e-08)
(-2.6363948e-05 -0.00012237634 -8.4262954e-08)
(-1.0960984e-05 -0.00011085618 -8.297239e-08)
(-4.0307108e-07 -0.00010155197 -8.1029274e-08)
(6.4094249e-06 -9.4839579e-05 -7.8592477e-08)
(1.0286843e-05 -9.1297834e-05 -7.5778583e-08)
(1.1980232e-05 -8.9870661e-05 -7.2667203e-08)
(1.2181935e-05 -9.0293008e-05 -6.9301857e-08)
(1.1435414e-05 -9.2746503e-05 -6.5695654e-08)
(1.0175581e-05 -9.6441697e-05 -6.1839256e-08)
(8.7113981e-06 -0.00010074588 -5.7707094e-08)
(7.183505e-06 -0.00010491043 -5.326502e-08)
(5.6697615e-06 -0.00010838624 -4.847639e-08)
(4.2960124e-06 -0.00011107521 -4.3306881e-08)
(3.1319205e-06 -0.00011297352 -3.7721585e-08)
(2.1772122e-06 -0.00011382685 -3.1668525e-08)
(1.4045109e-06 -0.00011463437 -2.5033053e-08)
(7.1648289e-07 -0.00010811814 -1.7535806e-08)
(1.2117986e-07 -0.00010767318 -8.6109051e-09)
(-0.00030457021 -0.00015431808 -4.4170853e-08)
(-0.00025130235 -0.00015699119 -5.024576e-08)
(-0.00020090733 -0.00015131169 -5.5230236e-08)
(-0.00015525869 -0.00014052711 -5.9054845e-08)
(-0.00011543658 -0.0001273808 -6.1730238e-08)
(-8.1861048e-05 -0.00011295087 -6.3331329e-08)
(-5.4496731e-05 -9.8214446e-05 -6.397761e-08)
(-3.2916542e-05 -8.4319102e-05 -6.3814354e-08)
(-1.6449501e-05 -7.1934487e-05 -6.2988864e-08)
(-4.3386771e-06 -6.1401626e-05 -6.163807e-08)
(4.1829484e-06 -5.2901379e-05 -5.9876543e-08)
(9.856185e-06 -4.6556259e-05 -5.7793289e-08)
(1.3293097e-05 -4.210459e-05 -5.5450231e-08)
(1.5018065e-05 -3.9561243e-05 -5.2883221e-08)
(1.5415745e-05 -3.8767689e-05 -5.0106961e-08)
(1.4879348e-05 -3.9139883e-05 -4.7118141e-08)
(1.3748615e-05 -4.0394246e-05 -4.3901499e-08)
(1.2287891e-05 -4.2215787e-05 -4.0434566e-08)
(1.061005e-05 -4.4147904e-05 -3.6691951e-08)
(8.824982e-06 -4.5912093e-05 -3.2647542e-08)
(7.0291924e-06 -4.7359032e-05 -2.8272403e-08)
(5.2840882e-06 -4.8300477e-05 -2.3526363e-08)
(3.607265e-06 -4.9934214e-05 -1.8340742e-08)
(1.9859034e-06 -4.4252027e-05 -1.2594959e-08)
(5.6276018e-07 -4.7756805e-05 -6.152217e-09)
(-0.00027510892 -0.00011575176 -3.2462954e-08)
(-0.00023195942 -0.00011821651 -3.690578e-08)
(-0.00019009791 -0.00011529792 -4.0586638e-08)
(-0.00015116026 -0.0001073928 -4.3453396e-08)
(-0.00011626956 -9.5688559e-05 -4.5504179e-08)
(-8.5993237e-05 -8.2104298e-05 -4.6780774e-08)
(-6.0487163e-05 -6.8217516e-05 -4.7360005e-08)
(-3.9603222e-05 -5.4781896e-05 -4.7335449e-08)
(-2.2982382e-05 -4.2378044e-05 -4.6807991e-08)
(-1.0145193e-05 -3.1417374e-05 -4.587155e-08)
(-5.5993922e-07 -2.1964875e-05 -4.4608373e-08)
(6.3206289e-06 -1.4097414e-05 -4.3084506e-08)
(1.0981551e-05 -7.9198621e-06 -4.1346484e-08)
(1.384951e-05 -3.336051e-06 -3.9423375e-08)
(1.5296078e-05 -1.6743505e-07 -3.7328183e-08)
(1.5643053e-05 1.800731e-06 -3.5061685e-08)
(1.5170093e-05 2.7265006e-06 -3.261509e-08)
(1.4108959e-05 2.7888273e-06 -2.9974112e-08)
(1.2624857e-05 2.2975361e-06 -2.7121997e-08)
(1.0845811e-05 1.4952916e-06 -2.4041071e-08)
(8.8884212e-06 5.9228895e-07 -2.0712853e-08)
(6.8442779e-06 -1.3316164e-07 -1.7116693e-08)
(4.7631574e-06 -2.1963973e-06 -1.3229134e-08)
(2.7177243e-06 2.9062171e-06 -9.0314016e-09)
(8.4583183e-07 -2.2766514e-06 -4.5345073e-09)
(-0.00025050226 -9.1921545e-05 -2.3395764e-08)
(-0.00021551129 -9.3437076e-05 -2.6578699e-08)
(-0.00018082061 -9.1496555e-05 -2.9234303e-08)
(-0.0001477629 -8.5810339e-05 -3.1324614e-08)
(-0.00011735963 -7.6930566e-05 -3.2844206e-08)
(-9.0271791e-05 -6.5860927e-05 -3.3817059e-08)
(-6.6812433e-05 -5.3699844e-05 -3.4289409e-08)
(-4.7020685e-05 -4.1391083e-05 -3.432205e-08)
(-3.073679e-05 -2.9602397e-05 -3.3981847e-08)
(-1.7674267e-05 -1.8740787e-05 -3.3333554e-08)
(-7.4731382e-06 -9.075674e-06 -3.2435095e-08)
(2.632226e-07 -6.8161626e-07 -3.1334152e-08)
(5.9054088e-06 6.4528992e-06 -3.0065396e-08)
(9.7882684e-06 1.2347158e-05 -2.8651357e-08)
(1.2217699e-05 1.7024186e-05 -2.7103539e-08)
(1.3458406e-05 2.0515486e-05 -2.5424226e-08)
(1.3747123e-05 2.2998825e-05 -2.360914e-08)
(1.3288219e-05 2.4673083e-05 -2.1649799e-08)
(1.2253185e-05 2.564808e-05 -1.9535795e-08)
(1.0794516e-05 2.6017126e-05 -1.7256562e-08)
(9.0351133e-06 2.5945183e-05 -1.4802774e-08)
(7.0775094e-06 2.5816299e-05 -1.2168101e-08)
(5.0073513e-06 2.3837243e-05 -9.353983e-09)
(2.9313332e-06 2.8580798e-05 -6.3830641e-09)
(9.3760631e-07 2.276696e-05 -3.3105831e-09)
(-0.00022955771 -7.6871734e-05 -1.6482277e-08)
(-0.00020114248 -7.8877108e-05 -1.871386e-08)
(-0.00017245263 -7.7828429e-05 -2.0584483e-08)
(-0.00014456323 -7.3812453e-05 -2.2067396e-08)
(-0.00011831107 -6.7214011e-05 -2.3156701e-08)
(-9.4335904e-05 -5.8555533e-05 -2.3865869e-08)
(-7.3033742e-05 -4.8697443e-05 -2.4223505e-08)
(-5.4572135e-05 -3.8277138e-05 -2.42687e-08)
(-3.8937455e-05 -2.7778821e-05 -2.4045398e-08)
(-2.598949e-05 -1.7633327e-05 -2.3597999e-08)
(-1.5504915e-05 -8.1678246e-06 -2.2966004e-08)
(-7.2161133e-06 4.1623157e-07 -2.2182821e-08)
(-8.4814351e-07 7.9916475e-06 -2.1273895e-08)
(3.8599945e-06 1.4534798e-05 -2.0256308e-08)
(7.1518997e-06 2.0115164e-05 -1.9139507e-08)
(9.2446119e-06 2.4734895e-05 -1.7926775e-08)
(1.0333974e-05 2.8412552e-05 -1.6616432e-08)
(1.0595526e-05 3.1202572e-05 -1.5203937e-08)
(1.0188435e-05 3.3195538e-05 -1.3683338e-08)
(9.2578049e-06 3.4478788e-05 -1.204905e-08)
(7.9294792e-06 3.510532e-05 -1.029751e-08)
(6.3137982e-06 3.5476581e-05 -8.4294103e-09)
(4.5164508e-06 3.3771017e-05 -6.4537637e-09)
(2.6759916e-06 3.862208e-05 -4.3967291e-09)
(9.0158952e-07 3.2599826e-05 -2.2968561e-09)
(-0.00021130621 -6.617905e-05 -1.1327661e-08)
(-0.00018809193 -6.8977596e-05 -1.2856951e-08)
(-0.00016428087 -6.8856122e-05 -1.4142023e-08)
(-0.00014075279 -6.6219016e-05 -1.5164951e-08)
(-0.00011820724 -6.136733e-05 -1.5921096e-08)
(-9.7187232e-05 -5.4802084e-05 -1.6417754e-08)
(-7.8080124e-05 -4.6843255e-05 -1.6672884e-08)
(-6.1114523e-05 -3.8126422e-05 -1.671128e-08)
(-4.6375491e-05 -2.9075964e-05 -1.6561832e-08)
(-3.3832371e-05 -2.0030092e-05 -1.6253675e-08)
(-2.3371601e-05 -1.1284814e-05 -1.5814054e-08)
(-1.4827459e-05 -3.0810678e-06 -1.5266022e-08)
(-8.0067534e-06 4.425791e-06 -1.4627756e-08)
(-2.7116872e-06 1.1181159e-05 -1.3911934e-08)
(1.2486997e-06 1.7207409e-05 -1.3126227e-08)
(4.0520165e-06 2.2400682e-05 -1.2273746e-08)
(5.8591509e-06 2.6695655e-05 -1.13544e-08)
(6.8197198e-06 3.0140134e-05 -1.0366104e-08)
(7.0743849e-06 3.2795249e-05 -9.3057986e-09)
(6.7571875e-06 3.4753482e-05 -8.1709484e-09)
(5.9915857e-06 3.5884575e-05 -6.9608917e-09)
(4.8911494e-06 3.6886288e-05 -5.6784391e-09)
(3.5660239e-06 3.5528759e-05 -4.3321355e-09)
(2.1339651e-06 3.9935653e-05 -2.9405749e-09)
(6.864009e-07 3.4784701e-05 -1.5239072e-09)
(-0.00019529372 -5.7028297e-05 -7.589123e-09)
(-0.0001761825 -6.0224528e-05 -8.6120329e-09)
(-0.00015630925 -6.0850254e-05 -9.4728329e-09)
(-0.00013637695 -5.9400175e-05 -1.0159273e-08)
(-0.00011698856 -5.5880409e-05 -1.0667994e-08)
(-9.86123e-05 -5.0749834e-05 -1.100328e-08)
(-8.159855e-05 -4.4500763e-05 -1.1176055e-08)
(-6.618544e-05 -3.7285538e-05 -1.1202182e-08)
(-5.2505309e-05 -2.9528402e-05 -1.1100155e-08)
(-4.0595518e-05 -2.1604261e-05 -1.088927e-08)
(-3.041741e-05 -1.378771e-05 -1.0587616e-08)
(-2.1878179e-05 -6.2716192e-06 -1.0211152e-08)
(-1.4851951e-05 8.0656774e-07 -9.7724195e-09)
(-9.1968119e-06 7.3696995e-06 -9.2806114e-09)
(-4.7665775e-06 1.3418243e-05 -8.7415406e-09)
(-1.4184122e-06 1.8720734e-05 -8.1581827e-09)
(9.8021909e-07 2.3100846e-05 -7.531303e-09)
(2.558479e-06 2.6760037e-05 -6.8600522e-09)
(3.4408189e-06 2.9767359e-05 -6.1431481e-09)
(3.7480765e-06 3.2065722e-05 -5.3795864e-09)
(3.5951871e-06 3.3610073e-05 -4.5697802e-09)
(3.09085e-06 3.492569e-05 -3.7164648e-09)
(2.3355258e-06 3.3882808e-05 -2.825516e-09)
(1.4171511e-06 3.8410372e-05 -1.9074987e-09)
(4.2199495e-07 3.3166092e-05 -9.7233613e-10)
(-0.00018129788 -4.8623069e-05 -4.9584771e-09)
(-0.00016545839 -5.1961166e-05 -5.6257034e-09)
(-0.00014879208 -5.2920307e-05 -6.1875055e-09)
(-0.00013185302 -5.2119965e-05 -6.635809e-09)
(-0.00011514275 -4.9815186e-05 -6.9679748e-09)
(-9.9073119e-05 -4.5843163e-05 -7.1866024e-09)
(-8.3966742e-05 -4.0785684e-05 -7.2983063e-09)
(-7.0055641e-05 -3.4908917e-05 -7.3130589e-09)
(-5.7487124e-05 -2.8405221e-05 -7.2427385e-09)
(-4.6332549e-05 -2.1559632e-05 -7.0998147e-09)
(-3.659909e-05 -1.4644193e-05 -6.8962336e-09)
(-2.8244272e-05 -7.8628499e-06 -6.6425489e-09)
(-2.119248e-05 -1.3701491e-06 -6.3474921e-09)
(-1.5347487e-05 4.7085447e-06 -6.0175283e-09)
(-1.0601202e-05 1.0295066e-05 -5.6570095e-09)
(-6.8402239e-06 1.5352483e-05 -5.2683673e-09)
(-3.9541041e-06 1.9789561e-05 -4.8525562e-09)
(-1.8329647e-06 2.3563831e-05 -4.4095555e-09)
(-3.6876607e-07 2.6698958e-05 -3.9389269e-09)
(5.4310128e-07 2.9156468e-05 -3.4404483e-09)
(1.0038168e-06 3.0899443e-05 -2.9147505e-09)
(1.1102267e-06 3.2303829e-05 -2.3638511e-09)
(9.5129461e-07 3.1415442e-05 -1.7912696e-09)
(5.9822119e-07 3.6070214e-05 -1.2027526e-09)
(1.3971918e-07 3.0889547e-05 -6.0244391e-10)
(-0.00016912787 -4.088776e-05 -3.1632245e-09)
(-0.00015591769 -4.4112945e-05 -3.5872978e-09)
(-0.00014187334 -4.5458882e-05 -3.9443452e-09)
(-0.00012743721 -4.5202474e-05 -4.2291968e-09)
(-0.00011301557 -4.355e-05 -4.4399173e-09)
(-9.8961991e-05 -4.0552772e-05 -4.5778977e-09)
(-8.5566566e-05 -3.646635e-05 -4.6471731e-09)
(-7.305014e-05 -3.1615049e-05 -4.6538815e-09)
(-6.1563975e-05 -2.618956e-05 -4.6054904e-09)
(-5.1196444e-05 -2.0369722e-05 -4.5099776e-09)
(-4.1982286e-05 -1.437187e-05 -4.3750769e-09)
(-3.3913105e-05 -8.3808558e-06 -4.2077423e-09)
(-2.6948625e-05 -2.5498636e-06 -4.0137812e-09)
(-2.1026499e-05 2.962069e-06 -3.7976482e-09)
(-1.6070186e-05 7.9948637e-06 -3.5624627e-09)
(-1.1992313e-05 1.271149e-05 -3.3101289e-09)
(-8.7026566e-06 1.7028417e-05 -3.0415795e-09)
(-6.1098703e-06 2.0692655e-05 -2.7570889e-09)
(-4.1224047e-06 2.3756473e-05 -2.4566282e-09)
(-2.6512755e-06 2.6213589e-05 -2.1402788e-09)
(-1.6099234e-06 2.8039745e-05 -1.8086067e-09)
(-9.143067e-07 2.9593054e-05 -1.4629377e-09)
(-4.8442074e-07 2.8748785e-05 -1.1053187e-09)
(-2.4506213e-07 3.3154476e-05 -7.3910679e-10)
(-1.1276613e-07 2.8439812e-05 -3.6645238e-10)
(-0.00015856723 -3.4486609e-05 -1.973028e-09)
(-0.00014747844 -3.744628e-05 -2.2354279e-09)
(-0.00013558122 -3.8924119e-05 -2.4563576e-09)
(-0.00012322987 -3.8972446e-05 -2.6324882e-09)
(-0.00011075478 -3.7791468e-05 -2.7624227e-09)
(-9.8453473e-05 -3.557972e-05 -2.846827e-09)
(-8.6577831e-05 -3.2344475e-05 -2.8881492e-09)
(-7.5329968e-05 -2.8336811e-05 -2.8900856e-09)
(-6.4858662e-05 -2.3789735e-05 -2.8572269e-09)
(-5.5261121e-05 -1.8872551e-05 -2.7945719e-09)
(-4.6589014e-05 -1.3736854e-05 -2.7070329e-09)
(-3.8856461e-05 -8.5321053e-06 -2.5990808e-09)
(-3.2047544e-05 -3.3945112e-06 -2.4745078e-09)
(-2.6124243e-05 1.5623824e-06 -2.3362947e-09)
(-2.1033166e-05 6.0541759e-06 -2.1866014e-09)
(-1.6712395e-05 1.0193793e-05 -2.0268267e-09)
(-1.3091294e-05 1.4167461e-05 -1.8577476e-09)
(-1.0097009e-05 1.7683113e-05 -1.6797069e-09)
(-7.6530544e-06 2.0608773e-05 -1.4928366e-09)
(-5.6831338e-06 2.297793e-05 -1.2973015e-09)
(-4.1127548e-06 2.4750359e-05 -1.0935237e-09)
(-2.8690289e-06 2.6299099e-05 -8.8233809e-10)
(-1.8785429e-06 2.5507111e-05 -6.6491221e-10)
(-1.0615708e-06 2.9798182e-05 -4.4331642e-10)
(-3.4458321e-07 2.5365997e-05 -2.1940264e-10)
(-0.00014937773 -2.9346431e-05 -1.2046799e-09)
(-0.00014000581 -3.2012852e-05 -1.3625488e-09)
(-0.0001298705 -3.3464007e-05 -1.4955581e-09)
(-0.00011925336 -3.3834458e-05 -1.6014658e-09)
(-0.00010842397 -3.3063788e-05 -1.6793596e-09)
(-9.7630622e-05 -3.1375513e-05 -1.7294871e-09)
(-8.7089063e-05 -2.886834e-05 -1.753221e-09)
(-7.6979033e-05 -2.5637039e-05 -1.7527859e-09)
(-6.7440407e-05 -2.1860262e-05 -1.7309424e-09)
(-5.8572531e-05 -1.7720005e-05 -1.6907439e-09)
(-5.0437168e-05 -1.3346058e-05 -1.6352348e-09)
(-4.3062846e-05 -8.8595946e-06 -1.5672117e-09)
(-3.6450826e-05 -4.390981e-06 -1.4890873e-09)
(-3.0581039e-05 -8.3083804e-08 -1.4028075e-09)
(-2.5418039e-05 3.9662154e-06 -1.3098193e-09)
(-2.091897e-05 7.5886792e-06 -1.2110963e-09)
(-1.7031663e-05 1.0961692e-05 -1.1072277e-09)
(-1.3699075e-05 1.4187949e-05 -9.9852556e-10)
(-1.0860136e-05 1.6947909e-05 -8.8515514e-10)
(-8.451209e-06 1.9188043e-05 -7.6727277e-10)
(-6.4073649e-06 2.0823741e-05 -6.4516437e-10)
(-4.6642245e-06 2.2393837e-05 -5.1934488e-10)
(-3.1569881e-06 2.1622318e-05 -3.9044875e-10)
(-1.8196173e-06 2.560977e-05 -2.5982904e-10)
(-5.909337e-07 2.1679239e-05 -1.2883111e-10)
(-0.00014132461 -2.5207577e-05 -7.205796e-10)
(-0.00013334701 -2.7760261e-05 -8.1265529e-10)
(-0.00012465857 -2.919454e-05 -8.9037309e-10)
(-0.00011548362 -2.9708456e-05 -9.522509e-10)
(-0.0001060416 -2.9281222e-05 -9.9761962e-10)
(-9.65376e-05 -2.8103922e-05 -1.026498e-09)
(-8.7156599e-05 -2.6230198e-05 -1.0396292e-09)
(-7.8055345e-05 -2.3661213e-05 -1.0383181e-09)
(-6.9361511e-05 -2.05924e-05 -1.0241859e-09)
(-6.117144e-05 -1.7143776e-05 -9.9904861e-10)
(-5.3551158e-05 -1.3448807e-05 -9.64727e-10)
(-4.6538458e-05 -9.642473e-06 -9.2292017e-10)
(-4.0147031e-05 -5.8265794e-06 -8.751264e-10)
(-3.4370898e-05 -2.0983437e-06 -8.2257714e-10)
(-2.9190012e-05 1.4679144e-06 -7.6620928e-10)
(-2.4572982e-05 4.7781941e-06 -7.0667742e-10)
(-2.048149e-05 7.7004834e-06 -6.4440023e-10)
(-1.68715e-05 1.0262502e-05 -5.7962069e-10)
(-1.3696177e-05 1.2668141e-05 -5.1248618e-10)
(-1.090475e-05 1.4790533e-05 -4.4311807e-10)
(-8.4430562e-06 1.6329748e-05 -3.7170004e-10)
(-6.2559905e-06 1.7768475e-05 -2.9854312e-10)
(-4.2898032e-06 1.71326e-05 -2.2398025e-10)
(-2.4966099e-06 2.1163137e-05 -1.4895735e-10)
(-8.2263512e-07 1.7215739e-05 -7.4352152e-11)
(-0.00013419548 -2.201345e-05 -4.2232526e-10)
(-0.00012735418 -2.4384239e-05 -4.7411007e-10)
(-0.00011985522 -2.582814e-05 -5.1797921e-10)
(-0.00011187904 -2.6507926e-05 -5.529556e-10)
(-0.00010360386 -2.6375169e-05 -5.7853957e-10)
(-9.5199338e-05 -2.5593557e-05 -5.9466586e-10)
(-8.6821644e-05 -2.4237706e-05 -6.0168017e-10)
(-7.8607036e-05 -2.2264954e-05 -6.0027764e-10)
(-7.0669538e-05 -1.9822989e-05 -5.9141371e-10)
(-6.3099916e-05 -1.7036967e-05 -5.7612884e-10)
(-5.5963973e-05 -1.4009251e-05 -5.55472e-10)
(-4.930518e-05 -1.0842683e-05 -5.304558e-10)
(-4.3145821e-05 -7.6390379e-06 -5.0198143e-10)
(-3.7491269e-05 -4.4649388e-06 -4.7080231e-10)
(-3.2332552e-05 -1.3903368e-06 -4.3750115e-10)
(-2.764916e-05 1.4936617e-06 -4.0249922e-10)
(-2.3412073e-05 4.1075854e-06 -3.6607995e-10)
(-1.9587175e-05 6.4168075e-06 -3.2841755e-10)
(-1.6137807e-05 8.410925e-06 -2.8962486e-10)
(-1.3024368e-05 1.009345e-05 -2.4979162e-10)
(-1.0204963e-05 1.1447197e-05 -2.0903409e-10)
(-7.6361161e-06 1.2778144e-05 -1.6753331e-10)
(-5.2755435e-06 1.2280137e-05 -1.2545785e-10)
(-3.0864406e-06 1.6528589e-05 -8.3480673e-11)
(-1.0201267e-06 1.2487292e-05 -4.1785618e-11)
(-0.00012780806 -1.9531163e-05 -2.4262393e-10)
(-0.00012189569 -2.1691105e-05 -2.7027505e-10)
(-0.00011537729 -2.3159989e-05 -2.939238e-10)
(-0.000108398 -2.3950612e-05 -3.1290325e-10)
(-0.00010110317 -2.4120142e-05 -3.2676213e-10)
(-9.3633527e-05 -2.3696755e-05 -3.3541767e-10)
(-8.6119612e-05 -2.2723746e-05 -3.3901704e-10)
(-7.867955e-05 -2.1321463e-05 -3.3786744e-10)
(-7.1414181e-05 -1.9479897e-05 -3.3249281e-10)
(-6.4406354e-05 -1.7275993e-05 -3.2348232e-10)
(-5.7720186e-05 -1.4847508e-05 -3.1142427e-10)
(-5.140111e-05 -1.2264399e-05 -2.968964e-10)
(-4.5477144e-05 -9.6098734e-06 -2.8042448e-10)
(-3.9961413e-05 -6.9547428e-06 -2.6244931e-10)
(-3.4853513e-05 -4.376968e-06 -2.4332188e-10)
(-3.0142734e-05 -1.9265265e-06 -2.2330581e-10)
(-2.5809451e-05 3.4383312e-07 -2.0258085e-10)
(-2.1827609e-05 2.3759206e-06 -1.8126322e-10)
(-1.8167623e-05 4.131508e-06 -1.5943266e-10)
(-1.4798454e-05 5.6108812e-06 -1.3715351e-10)
(-1.168826e-05 6.78083e-06 -1.1449858e-10)
(-8.8046309e-06 7.9361176e-06 -9.1573153e-11)
(-6.1154696e-06 7.4557269e-06 -6.845069e-11)
(-3.5887733e-06 1.1612376e-05 -4.5617405e-11)
(-1.1842976e-06 7.7474478e-06 -2.2866045e-11)
(-0.00012201106 -1.7509537e-05 -1.3682423e-10)
(-0.00011686094 -1.9541135e-05 -1.5035941e-10)
(-0.00011115302 -2.106798e-05 -1.6215811e-10)
(-0.0001050045 -2.1975774e-05 -1.7181068e-10)
(-9.8534005e-05 -2.2362862e-05 -1.7890076e-10)
(-9.18579e-05 -2.2240329e-05 -1.832967e-10)
(-8.5086426e-05 -2.1657808e-05 -1.850228e-10)
(-7.8320627e-05 -2.0657701e-05 -1.8420561e-10)
(-7.1649506e-05 -1.9325513e-05 -1.8108079e-10)
(-6.5147712e-05 -1.7699754e-05 -1.7595986e-10)
(-5.8875863e-05 -1.5776408e-05 -1.6917278e-10)
(-5.2878987e-05 -1.3704017e-05 -1.610294e-10)
(-4.7188599e-05 -1.1560409e-05 -1.5182143e-10)
(-4.1822564e-05 -9.3893297e-06 -1.4180272e-10)
(-3.6787396e-05 -7.2549243e-06 -1.31176e-10)
(-3.2080021e-05 -5.2051398e-06 -1.2009424e-10)
(-2.7689428e-05 -3.285605e-06 -1.0866907e-10)
(-2.3598069e-05 -1.5390203e-06 -9.6975934e-11)
(-1.9783705e-05 1.1037128e-09 -8.5066687e-11)
(-1.6221828e-05 1.3228068e-06 -7.298513e-11)
(-1.2887535e-05 2.3378017e-06 -6.0776265e-11)
(-9.7560632e-06 3.4371745e-06 -4.8504922e-11)
(-6.8024329e-06 2.9793384e-06 -3.6183847e-11)
(-3.9996715e-06 6.9326341e-06 -2.4189957e-11)
(-1.317097e-06 3.422889e-06 -1.2123134e-11)
(-0.00011668206 -1.5878107e-05 -7.6018412e-11)
(-0.00011216006 -1.7812125e-05 -8.1540348e-11)
(-0.00010712436 -1.9423941e-05 -8.6558128e-11)
(-0.00010166998 -2.0447425e-05 -9.0864689e-11)
(-9.589405e-05 -2.1014221e-05 -9.4107728e-11)
(-8.989303e-05 -2.1146212e-05 -9.6112253e-11)
(-8.3759806e-05 -2.0884055e-05 -9.6836802e-11)
(-7.7580772e-05 -2.0250016e-05 -9.630597e-11)
(-7.1433829e-05 -1.9311339e-05 -9.4578471e-11)
(-6.5386432e-05 -1.8098772e-05 -9.1797778e-11)
(-5.9494327e-05 -1.6683558e-05 -8.8145757e-11)
(-5.3801327e-05 -1.5109833e-05 -8.3784176e-11)
(-4.8340013e-05 -1.3387416e-05 -7.8865078e-11)
(-4.3131473e-05 -1.1634429e-05 -7.3519476e-11)
(-3.8187318e-05 -9.8991114e-06 -6.7859732e-11)
(-3.3510335e-05 -8.2080208e-06 -6.1974932e-11)
(-2.9096316e-05 -6.6039339e-06 -5.5930986e-11)
(-2.4935327e-05 -5.1206047e-06 -4.9772779e-11)
(-2.1012745e-05 -3.7884479e-06 -4.3532239e-11)
(-1.7310941e-05 -2.6373303e-06 -3.7237413e-11)
(-1.3810656e-05 -1.7236633e-06 -3.0919781e-11)
(-1.0491995e-05 -6.8591593e-07 -2.4622107e-11)
(-7.3349969e-06 -1.116534e-06 -1.8319975e-11)
(-4.3185245e-06 2.6453916e-06 -1.2323925e-11)
(-1.419946e-06 -5.0610421e-07 -6.1476557e-12)
(-0.00011172481 -1.4631034e-05 -4.2026461e-11)
(-0.00010772295 -1.648836e-05 -4.3111676e-11)
(-0.00010324714 -1.8099686e-05 -4.4386295e-11)
(-9.8374858e-05 -1.9230356e-05 -4.5691233e-11)
(-9.318607e-05 -1.9960908e-05 -4.6769611e-11)
(-8.7760931e-05 -2.0317109e-05 -4.7435379e-11)
(-8.2177649e-05 -2.0322942e-05 -4.7608575e-11)
(-7.6510221e-05 -2.0005128e-05 -4.7255034e-11)
(-7.0826547e-05 -1.9404297e-05 -4.6353458e-11)
(-6.5186861e-05 -1.8555948e-05 -4.4947104e-11)
(-5.9642332e-05 -1.7512035e-05 -4.3114224e-11)
(-5.423501e-05 -1.6313702e-05 -4.092831e-11)
(-4.8997114e-05 -1.501801e-05 -3.8463366e-11)
(-4.3951894e-05 -1.3660381e-05 -3.5785363e-11)
(-3.9114388e-05 -1.225519e-05 -3.2953725e-11)
(-3.4491894e-05 -1.0872615e-05 -3.0014452e-11)
(-3.0085555e-05 -9.5538958e-06 -2.7002533e-11)
(-2.5891377e-05 -8.3176043e-06 -2.3945865e-11)
(-2.1901227e-05 -7.1815418e-06 -2.0865108e-11)
(-1.8103912e-05 -6.1805342e-06 -1.7777438e-11)
(-1.4485836e-05 -5.3553564e-06 -1.4704838e-11)
(-1.1031968e-05 -4.4294414e-06 -1.1675985e-11)
(-7.7263654e-06 -4.8165448e-06 -8.6516974e-12)
(-4.5527017e-06 -1.2107616e-06 -5.9017407e-12)
(-1.4945699e-06 -4.1007275e-06 -2.9183613e-12)
(-0.00010706612 -1.3685017e-05 -2.3600242e-11)
(-0.00010349747 -1.5471826e-05 -2.2346912e-11)
(-9.9490301e-05 -1.7018888e-05 -2.16404e-11)
(-9.5108329e-05 -1.8233318e-05 -2.1311728e-11)
(-9.0417767e-05 -1.9106247e-05 -2.1181254e-11)
(-8.54856e-05 -1.9657923e-05 -2.1090212e-11)
(-8.0377832e-05 -1.989595e-05 -2.0939609e-11)
(-7.5157839e-05 -1.9838837e-05 -2.066567e-11)
(-6.9884739e-05 -1.9537412e-05 -2.0210935e-11)
(-6.4611996e-05 -1.9011138e-05 -1.9566627e-11)
(-5.9386351e-05 -1.8285404e-05 -1.8751106e-11)
(-5.4247354e-05 -1.7410205e-05 -1.7781493e-11)
(-4.9226704e-05 -1.6429483e-05 -1.6682738e-11)
(-4.4348838e-05 -1.5375361e-05 -1.5483319e-11)
(-3.9630907e-05 -1.4284142e-05 -1.4212282e-11)
(-3.5083697e-05 -1.3186405e-05 -1.2892526e-11)
(-3.0712531e-05 -1.2107534e-05 -1.1541584e-11)
(-2.651808e-05 -1.108093e-05 -1.0175782e-11)
(-2.2497256e-05 -1.0109709e-05 -8.8086495e-12)
(-1.8643936e-05 -9.2357782e-06 -7.4515722e-12)
(-1.4949941e-05 -8.508643e-06 -6.119766e-12)
(-1.1405327e-05 -7.6737274e-06 -4.8349461e-12)
(-7.9983504e-06 -8.0359904e-06 -3.554691e-12)
(-4.7160835e-06 -4.6175349e-06 -2.51946e-12)
(-1.5466714e-06 -7.2046167e-06 -1.2061113e-12)
(-0.00010265241 -1.289526e-05 -1.3998609e-11)
(-9.9446823e-05 -1.4621001e-05 -1.1585243e-11)
(-9.5834292e-05 -1.6145172e-05 -9.8666089e-12)
(-9.1867511e-05 -1.7428475e-05 -8.6886641e-12)
(-8.7601813e-05 -1.8406765e-05 -7.9114705e-12)
(-8.3093466e-05 -1.9109288e-05 -7.3937071e-12)
(-7.8398484e-05 -1.9542458e-05 -7.0396075e-12)
(-7.3571229e-05 -1.9712633e-05 -6.7763323e-12)
(-6.8663191e-05 -1.9640832e-05 -6.544909e-12)
(-6.3721811e-05 -1.9373656e-05 -6.2933537e-12)
(-5.8789546e-05 -1.8933178e-05 -6.0038545e-12)
(-5.3903191e-05 -1.8340265e-05 -5.676325e-12)
(-4.9093539e-05 -1.7630387e-05 -5.307297e-12)
(-4.4385327e-05 -1.6834759e-05 -4.900421e-12)
(-3.9797244e-05 -1.598683e-05 -4.463553e-12)
(-3.5342636e-05 -1.5113679e-05 -4.0050575e-12)
(-3.102994e-05 -1.42355e-05 -3.533921e-12)
(-2.6863454e-05 -1.3373909e-05 -3.0598494e-12)
(-2.2844025e-05 -1.2566353e-05 -2.5921011e-12)
(-1.8969666e-05 -1.1817092e-05 -2.1397514e-12)
(-1.5236468e-05 -1.1143391e-05 -1.714489e-12)
(-1.1638848e-05 -1.034243e-05 -1.3329989e-12)
(-8.169195e-06 -1.0744313e-05 -9.5389825e-13)
(-4.8201648e-06 -7.6030171e-06 -7.9576019e-13)
(-1.5825171e-06 -9.6912771e-06 -3.3947591e-13)
(-9.8446768e-05 -1.2223508e-05 -9.3183342e-12)
(-9.5547398e-05 -1.3882807e-05 -6.3540815e-12)
(-9.2269208e-05 -1.5411956e-05 -4.1366881e-12)
(-8.8656301e-05 -1.6753856e-05 -2.5376806e-12)
(-8.4755007e-05 -1.7788391e-05 -1.4366119e-12)
(-8.061296e-05 -1.8602996e-05 -6.8807557e-13)
(-7.6277952e-05 -1.9181367e-05 -2.0784347e-13)
(-7.179687e-05 -1.9534859e-05 7.8140185e-14)
(-6.7214639e-05 -1.9673432e-05 2.3031624e-13)
(-6.2573394e-05 -1.9625909e-05 3.090747e-13)
(-5.7911608e-05 -1.9418236e-05 3.508692e-13)
(-5.3263407e-05 -1.9061362e-05 3.6812353e-13)
(-4.8658213e-05 -1.8581954e-05 3.7551755e-13)
(-4.4120539e-05 -1.8007155e-05 3.8408912e-13)
(-3.9670022e-05 -1.7364973e-05 3.9827587e-13)
(-3.5321739e-05 -1.668131e-05 4.1828821e-13)
(-3.1086482e-05 -1.5974963e-05 4.4154862e-13)
(-2.6971336e-05 -1.5264044e-05 4.63347e-13)
(-2.2980211e-05 -1.4569983e-05 4.7743229e-13)
(-1.9114455e-05 -1.3904225e-05 4.7628472e-13)
(-1.5373232e-05 -1.3286506e-05 4.499142e-13)
(-1.1754292e-05 -1.2472579e-05 3.8342646e-13)
(-8.2543965e-06 -1.2976478e-05 3.183272e-13)
(-4.8698679e-06 -1.0190356e-05 5.2244759e-14)
(-1.5951702e-06 -1.1683143e-05 8.3029431e-14)
(-9.4425746e-05 -1.1594695e-05 -7.3499483e-12)
(-9.1786313e-05 -1.3256486e-05 -4.126073e-12)
(-8.8793272e-05 -1.4763869e-05 -1.6858292e-12)
(-8.5483922e-05 -1.6117861e-05 1.2387715e-13)
(-8.1897174e-05 -1.7235556e-05 1.4032057e-12)
(-7.8073605e-05 -1.8123335e-05 2.2728874e-12)
(-7.4054211e-05 -1.880663e-05 2.8318641e-12)
(-6.9879693e-05 -1.9295805e-05 3.1547944e-12)
(-6.5589401e-05 -1.9599016e-05 3.2994911e-12)
(-6.1220841e-05 -1.9722224e-05 3.3163534e-12)
(-5.6808849e-05 -1.9691808e-05 3.2565763e-12)
(-5.2385001e-05 -1.9531812e-05 3.1478811e-12)
(-4.7977158e-05 -1.9249197e-05 3.0016027e-12)
(-4.3609281e-05 -1.8865229e-05 2.8334399e-12)
(-3.9301381e-05 -1.8402637e-05 2.6546711e-12)
(-3.506963e-05 -1.7881e-05 2.4706619e-12)
(-3.0926554e-05 -1.732183e-05 2.2834926e-12)
(-2.688138e-05 -1.6741479e-05 2.0918929e-12)
(-2.2940431e-05 -1.6153549e-05 1.8919943e-12)
(-1.9107611e-05 -1.557438e-05 1.6781076e-12)
(-1.5384645e-05 -1.5044386e-05 1.4420064e-12)
(-1.1771987e-05 -1.4344963e-05 1.1680599e-12)
(-8.2701169e-06 -1.4663355e-05 8.9779165e-13)
(-4.8784265e-06 -1.1755167e-05 4.426108e-13)
(-1.5940721e-06 -1.3504235e-05 2.7617654e-13)
(-9.0576405e-05 -1.1029534e-05 -6.7784185e-12)
(-8.8159086e-05 -1.2671201e-05 -3.4876789e-12)
(-8.5410975e-05 -1.4147763e-05 -9.6611387e-13)
(-8.2363494e-05 -1.548804e-05 9.368004e-13)
(-7.9049976e-05 -1.6661553e-05 2.3197956e-12)
(-7.5505001e-05 -1.7624506e-05 3.2762102e-12)
(-7.1763979e-05 -1.8387452e-05 3.8975307e-12)
(-6.7862261e-05 -1.897393e-05 4.2625186e-12)
(-6.3834651e-05 -1.9400228e-05 4.4318523e-12)
(-5.9714598e-05 -1.9659276e-05 4.4514015e-12)
(-5.5533614e-05 -1.9768059e-05 4.3656882e-12)
(-5.1320883e-05 -1.9752884e-05 4.2157846e-12)
(-4.7102686e-05 -1.9628786e-05 4.0227834e-12)
(-4.29022e-05 -1.9402477e-05 3.7966141e-12)
(-3.8739423e-05 -1.9090827e-05 3.5488539e-12)
(-3.4631145e-05 -1.8710406e-05 3.2879045e-12)
(-3.0591102e-05 -1.8276649e-05 3.0183472e-12)
(-2.6630125e-05 -1.7807117e-05 2.7411497e-12)
(-2.2756504e-05 -1.7314853e-05 2.4543036e-12)
(-1.8976242e-05 -1.6813918e-05 2.1537242e-12)
(-1.5293467e-05 -1.6357288e-05 1.8331464e-12)
(-1.1711057e-05 -1.5692957e-05 1.4750414e-12)
(-8.2316753e-06 -1.5908275e-05 1.1227451e-12)
(-4.8585655e-06 -1.3026671e-05 5.9771714e-13)
(-1.5898518e-06 -1.4783711e-05 3.4966657e-13)
(-8.6893848e-05 -1.0505238e-05 -6.8900997e-12)
(-8.4667643e-05 -1.2101411e-05 -3.6454904e-12)
(-8.2131132e-05 -1.3517261e-05 -1.1302567e-12)
(-7.9311126e-05 -1.4843235e-05 8.1295835e-13)
(-7.6236233e-05 -1.605148e-05 2.2580584e-12)
(-7.2936245e-05 -1.7046858e-05 3.2750245e-12)
(-6.9441928e-05 -1.7886565e-05 3.9575072e-12)
(-6.5784176e-05 -1.8564651e-05 4.3748577e-12)
(-6.1993859e-05 -1.9072952e-05 4.5847452e-12)
(-5.8100865e-05 -1.9436218e-05 4.6384956e-12)
(-5.4133786e-05 -1.965839e-05 4.574558e-12)
(-5.0119543e-05 -1.9745924e-05 4.4283505e-12)
(-4.6082812e-05 -1.9732658e-05 4.2326048e-12)
(-4.2045911e-05 -1.9630985e-05 4.0036599e-12)
(-3.8028589e-05 -1.9440956e-05 3.7489161e-12)
(-3.4047906e-05 -1.9175164e-05 3.4763058e-12)
(-3.011836e-05 -1.8849942e-05 3.1908598e-12)
(-2.625202e-05 -1.8476984e-05 2.8943679e-12)
(-2.2458733e-05 -1.8063544e-05 2.5860469e-12)
(-1.8746326e-05 -1.7625558e-05 2.2633416e-12)
(-1.5120987e-05 -1.7216586e-05 1.9213607e-12)
(-1.1587584e-05 -1.6576198e-05 1.5430768e-12)
(-8.1501146e-06 -1.6755204e-05 1.1712124e-12)
(-4.8119168e-06 -1.4006492e-05 6.363317e-13)
(-1.5741377e-06 -1.5606991e-05 3.6378623e-13)
(-8.3379199e-05 -9.9656184e-06 -7.3604933e-12)
(-8.1318514e-05 -1.1505518e-05 -4.1806786e-12)
(-7.8965948e-05 -1.2910066e-05 -1.6825535e-12)
(-7.6344575e-05 -1.420404e-05 2.5978671e-13)
(-7.347918e-05 -1.538417e-05 1.7287639e-12)
(-7.0395644e-05 -1.6407032e-05 2.7917351e-12)
(-6.712083e-05 -1.7280245e-05 3.5238956e-12)
(-6.3682065e-05 -1.8008496e-05 3.9930615e-12)
(-6.0106682e-05 -1.8591219e-05 4.2549839e-12)
(-5.6421545e-05 -1.9036324e-05 4.3571256e-12)
(-5.2652707e-05 -1.9344022e-05 4.3375147e-12)
(-4.882481e-05 -1.9527868e-05 4.2289211e-12)
(-4.4961113e-05 -1.9605672e-05 4.0597943e-12)
(-4.1082961e-05 -1.9584684e-05 3.8498126e-12)
(-3.720963e-05 -1.947899e-05 3.6127652e-12)
(-3.3358265e-05 -1.9304033e-05 3.3573736e-12)
(-2.954384e-05 -1.906395e-05 3.0867e-12)
(-2.5779313e-05 -1.8765719e-05 2.8028242e-12)
(-2.2075666e-05 -1.8419161e-05 2.5057076e-12)
(-1.8442214e-05 -1.803356e-05 2.1930208e-12)
(-1.4886702e-05 -1.766277e-05 1.861195e-12)
(-1.141544e-05 -1.7059472e-05 1.4948215e-12)
(-8.0331928e-06 -1.7224916e-05 1.1342132e-12)
(-4.7431062e-06 -1.4642426e-05 6.2003507e-13)
(-1.5495654e-06 -1.6054437e-05 3.515378e-13)
(-8.0037934e-05 -9.421501e-06 -7.9466543e-12)
(-7.8121321e-05 -1.0896771e-05 -4.861484e-12)
(-7.5929476e-05 -1.2270219e-05 -2.4007039e-12)
(-7.3482447e-05 -1.3522476e-05 -4.7286132e-13)
(-7.0801713e-05 -1.4665406e-05 1.0014721e-12)
(-6.7910226e-05 -1.5691295e-05 2.0957089e-12)
(-6.4831439e-05 -1.6575565e-05 2.8719943e-12)
(-6.158964e-05 -1.7330006e-05 3.3911919e-12)
(-5.8209201e-05 -1.7954836e-05 3.7053129e-12)
(-5.471441e-05 -1.8446413e-05 3.8585982e-12)
(-5.1129044e-05 -1.8824792e-05 3.8909744e-12)
(-4.7475794e-05 -1.9089936e-05 3.831944e-12)
(-4.3776476e-05 -1.9238397e-05 3.7056022e-12)
(-4.0051353e-05 -1.9288241e-05 3.532786e-12)
(-3.6319121e-05 -1.9249352e-05 3.3276618e-12)
(-3.2596789e-05 -1.9132936e-05 3.0999489e-12)
(-2.8899613e-05 -1.8949705e-05 2.8557927e-12)
(-2.5241079e-05 -1.8710739e-05 2.5983368e-12)
(-2.163305e-05 -1.8419669e-05 2.326832e-12)
(-1.8085827e-05 -1.8076679e-05 2.0387206e-12)
(-1.4608302e-05 -1.7741408e-05 1.7317479e-12)
(-1.1207973e-05 -1.7177591e-05 1.391379e-12)
(-7.8904939e-06 -1.7346416e-05 1.0572551e-12)
(-4.6594808e-06 -1.495403e-05 5.7926326e-13)
(-1.5214006e-06 -1.6165865e-05 3.2698917e-13)
(-7.6878319e-05 -8.8677784e-06 -8.5480632e-12)
(-7.5087561e-05 -1.027445e-05 -5.5627143e-12)
(-7.3036607e-05 -1.1587433e-05 -3.1676533e-12)
(-7.0743144e-05 -1.2770461e-05 -1.2718546e-12)
(-6.8226087e-05 -1.388194e-05 2.1009428e-13)
(-6.5505424e-05 -1.4905041e-05 1.332602e-12)
(-6.2602017e-05 -1.5778312e-05 2.1452582e-12)
(-5.953757e-05 -1.653603e-05 2.709063e-12)
(-5.6333985e-05 -1.7180172e-05 3.0731163e-12)
(-5.3013335e-05 -1.7704526e-05 3.2777887e-12)
(-4.9597343e-05 -1.8118694e-05 3.3601548e-12)
(-4.6107188e-05 -1.8426011e-05 3.3499092e-12)
(-4.2563103e-05 -1.8628793e-05 3.2708832e-12)
(-3.8984338e-05 -1.8736682e-05 3.1421969e-12)
(-3.5388943e-05 -1.8756037e-05 2.9774314e-12)
(-3.1793592e-05 -1.8694467e-05 2.7863612e-12)
(-2.8213548e-05 -1.8560267e-05 2.575687e-12)
(-2.4662622e-05 -1.8360949e-05 2.3486979e-12)
(-2.1153227e-05 -1.8105004e-05 2.1069001e-12)
(-1.7696345e-05 -1.7797771e-05 1.8493917e-12)
(-1.4301711e-05 -1.7496051e-05 1.5736683e-12)
(-1.0977823e-05 -1.6961693e-05 1.2646127e-12)
(-7.7314828e-06 -1.7159588e-05 9.6335302e-13)
(-4.5668039e-06 -1.4989705e-05 5.2809853e-13)
(-1.4911628e-06 -1.5971682e-05 2.9635121e-13)
(-7.3910459e-05 -8.2853192e-06 -9.1590859e-12)
(-7.2229952e-05 -9.6116267e-06 -6.2643514e-12)
(-7.0302934e-05 -1.0853498e-05 -3.9201712e-12)
(-6.8144983e-05 -1.1996568e-05 -2.0446741e-12)
(-6.5772982e-05 -1.3052739e-05 -5.698741e-13)
(-6.3204468e-05 -1.4022071e-05 5.6519704e-13)
(-6.0458102e-05 -1.4881314e-05 1.4111149e-12)
(-5.7553311e-05 -1.563163e-05 2.016291e-12)
(-5.4509956e-05 -1.6275949e-05 2.4254592e-12)
(-5.1348295e-05 -1.6811411e-05 2.6775552e-12)
(-4.8088251e-05 -1.7242439e-05 2.8077214e-12)
(-4.4749471e-05 -1.7573568e-05 2.8446975e-12)
(-4.135089e-05 -1.7809508e-05 2.81173e-12)
(-3.7910771e-05 -1.7954776e-05 2.7268706e-12)
(-3.4446469e-05 -1.8015142e-05 2.6035555e-12)
(-3.0974227e-05 -1.7996865e-05 2.451502e-12)
(-2.7509122e-05 -1.7906031e-05 2.2773257e-12)
(-2.4065067e-05 -1.7748024e-05 2.0848006e-12)
(-2.065471e-05 -1.7529752e-05 1.8760975e-12)
(-1.7289572e-05 -1.7254553e-05 1.6510221e-12)
(-1.3979992e-05 -1.6980684e-05 1.4083032e-12)
(-1.0735173e-05 -1.6459782e-05 1.132829e-12)
(-7.5626613e-06 -1.6710561e-05 8.6579219e-13)
(-4.467635e-06 -1.4797885e-05 4.7458859e-13)
(-1.457893e-06 -1.5507722e-05 2.6670068e-13)
(-7.1145726e-05 -7.6741243e-06 -9.7533179e-12)
(-6.9561677e-05 -8.9120635e-06 -6.9404531e-12)
(-6.7743607e-05 -1.0077972e-05 -4.6411129e-12)
(-6.5705385e-05 -1.1163492e-05 -2.7823722e-12)
(-6.3461861e-05 -1.2157094e-05 -1.3097407e-12)
(-6.102875e-05 -1.3069164e-05 -1.6443835e-13)
(-5.8422814e-05 -1.389331e-05 7.0577514e-13)
(-5.5661287e-05 -1.4619152e-05 1.3452705e-12)
(-5.2762671e-05 -1.5249552e-05 1.7942933e-12)
(-4.9745513e-05 -1.5779509e-05 2.0890358e-12)
(-4.6628286e-05 -1.6212464e-05 2.2633371e-12)
(-4.3429147e-05 -1.6554206e-05 2.3447354e-12)
(-4.016579e-05 -1.680808e-05 2.3550652e-12)
(-3.6855573e-05 -1.6975148e-05 2.3115797e-12)
(-3.35152e-05 -1.7062524e-05 2.2279854e-12)
(-3.0160416e-05 -1.7075434e-05 2.1140292e-12)
(-2.6806037e-05 -1.7017803e-05 1.9762341e-12)
(-2.3465806e-05 -1.6895128e-05 1.8187777e-12)
(-2.0152508e-05 -1.6712467e-05 1.6438398e-12)
(-1.6877931e-05 -1.6469938e-05 1.4514916e-12)
(-1.3652876e-05 -1.6228929e-05 1.2418026e-12)
(-1.0487124e-05 -1.5735498e-05 1.0010664e-12)
(-7.3891026e-06 -1.5985906e-05 7.6746315e-13)
(-4.3649591e-06 -1.4283364e-05 4.1901232e-13)
(-1.423588e-06 -1.482156e-05 2.358868e-13)
(-6.8596835e-05 -7.0351149e-06 -1.0308508e-11)
(-6.7096478e-05 -8.1783902e-06 -7.5704608e-12)
(-6.5373482e-05 -9.2589724e-06 -5.3150625e-12)
(-6.344045e-05 -1.0270449e-05 -3.4752427e-12)
(-6.1310872e-05 -1.1194042e-05 -2.0019567e-12)
(-5.8998586e-05 -1.2048344e-05 -8.4417797e-13)
(-5.6517659e-05 -1.2828438e-05 4.7042589e-14)
(-5.3883914e-05 -1.3510423e-05 7.1207526e-13)
(-5.1114842e-05 -1.4108198e-05 1.1928095e-12)
(-4.8228011e-05 -1.4620988e-05 1.5254982e-12)
(-4.5240662e-05 -1.504631e-05 1.7397e-12)
(-4.216925e-05 -1.5386636e-05 1.8611176e-12)
(-3.9030271e-05 -1.5644725e-05 1.9108512e-12)
(-3.5840257e-05 -1.5822844e-05 1.9058282e-12)
(-3.2615319e-05 -1.5926951e-05 1.8595141e-12)
(-2.9370838e-05 -1.5961137e-05 1.7815713e-12)
(-2.6121166e-05 -1.5929208e-05 1.678672e-12)
(-2.2879808e-05 -1.5835144e-05 1.5550704e-12)
(-1.9659515e-05 -1.5681989e-05 1.4130079e-12)
(-1.6472162e-05 -1.5472948e-05 1.2531603e-12)
(-1.3328799e-05 -1.5254615e-05 1.0756447e-12)
(-1.0239762e-05 -1.4829513e-05 8.6946388e-13)
(-7.2149774e-06 -1.5041915e-05 6.6867124e-13)
(-4.2626251e-06 -1.3482743e-05 3.6262608e-13)
(-1.3915762e-06 -1.399899e-05 2.0439229e-13)
(-6.6281968e-05 -6.3682613e-06 -1.0814295e-11)
(-6.4851368e-05 -7.4082903e-06 -8.1464325e-12)
(-6.3209749e-05 -8.3951335e-06 -5.932206e-12)
(-6.1367793e-05 -9.3213661e-06 -4.1124997e-12)
(-5.9338448e-05 -1.0176751e-05 -2.642007e-12)
(-5.7133275e-05 -1.0961512e-05 -1.4766974e-12)
(-5.4762807e-05 -1.1676676e-05 -5.692534e-13)
(-5.2241529e-05 -1.2313883e-05 1.201133e-13)
(-4.9586647e-05 -1.2873556e-05 6.290388e-13)
(-4.6816227e-05 -1.3354861e-05 9.9226204e-13)
(-4.3945931e-05 -1.3758062e-05 1.239694e-12)
(-4.0989982e-05 -1.4086394e-05 1.39633e-12)
(-3.7963815e-05 -1.4341067e-05 1.4818301e-12)
(-3.4883281e-05 -1.4523926e-05 1.5123094e-12)
(-3.1764264e-05 -1.4636618e-05 1.5003651e-12)
(-2.8621678e-05 -1.4682921e-05 1.4557813e-12)
(-2.5469276e-05 -1.4668027e-05 1.3855424e-12)
(-2.2320279e-05 -1.4595148e-05 1.2939277e-12)
(-1.9187373e-05 -1.4467277e-05 1.183465e-12)
(-1.6082506e-05 -1.4289175e-05 1.0552731e-12)
(-1.3016861e-05 -1.4091774e-05 9.0919782e-13)
(-1.0001148e-05 -1.3720476e-05 7.3715007e-13)
(-7.0464755e-06 -1.3899795e-05 5.6924677e-13)
(-4.1639781e-06 -1.2498096e-05 3.0577598e-13)
(-1.3599392e-06 -1.2940543e-05 1.7349011e-13)
(-6.4228393e-05 -5.6695328e-06 -1.1273613e-11)
(-6.2875731e-05 -6.6003266e-06 -8.6649406e-12)
(-6.131247e-05 -7.4891625e-06 -6.4874264e-12)
(-5.9548833e-05 -8.3267093e-06 -4.68863e-12)
(-5.7595397e-05 -9.1037369e-06 -3.2263258e-12)
(-5.5467318e-05 -9.8072311e-06 -2.0599104e-12)
(-5.3182404e-05 -1.0449668e-05 -1.1420334e-12)
(-5.0754724e-05 -1.1032822e-05 -4.3380619e-13)
(-4.8196089e-05 -1.1546481e-05 9.8251618e-14)
(-4.5527463e-05 -1.1993014e-05 4.8802617e-13)
(-4.2761859e-05 -1.2369426e-05 7.6426795e-13)
(-3.9908922e-05 -1.2675037e-05 9.5072485e-13)
(-3.6982822e-05 -1.2914609e-05 1.0671773e-12)
(-3.3999956e-05 -1.3091539e-05 1.1292096e-12)
(-3.0976429e-05 -1.3205639e-05 1.1488311e-12)
(-2.7926491e-05 -1.3259328e-05 1.1354188e-12)
(-2.4862949e-05 -1.3256317e-05 1.0957283e-12)
(-2.1798528e-05 -1.3199875e-05 1.0342947e-12)
(-1.8746145e-05 -1.3093374e-05 9.5399651e-13)
(-1.5717987e-05 -1.2941643e-05 8.5634579e-13)
(-1.2725514e-05 -1.2762866e-05 7.4122906e-13)
(-9.7795976e-06 -1.2421668e-05 6.0297397e-13)
(-6.8911977e-06 -1.2600891e-05 4.6765088e-13)
(-4.0712639e-06 -1.1387451e-05 2.4720402e-13)
(-1.326296e-06 -1.1716274e-05 1.4181977e-13)
(-6.2369778e-05 -4.9737636e-06 -1.1681736e-11)
(-6.1075113e-05 -5.7849825e-06 -9.1182145e-12)
(-5.9577272e-05 -6.5515525e-06 -6.9735721e-12)
(-5.788588e-05 -7.2740898e-06 -5.1981833e-12)
(-5.6011055e-05 -7.9502801e-06 -3.7488147e-12)
(-5.3967592e-05 -8.5675139e-06 -2.5855495e-12)
(-5.1773358e-05 -9.1436271e-06 -1.6646134e-12)
(-4.9442715e-05 -9.6699955e-06 -9.4700366e-13)
(-4.6986295e-05 -1.0132207e-05 -3.9912637e-13)
(-4.4407057e-05 -1.0540697e-05 1.1099359e-14)
(-4.1720152e-05 -1.0882291e-05 3.1097706e-13)
(-3.894704e-05 -1.1156911e-05 5.2317512e-13)
(-3.6103377e-05 -1.1372793e-05 6.6632455e-13)
(-3.3203328e-05 -1.1535916e-05 7.5588414e-13)
(-3.0263709e-05 -1.1646245e-05 8.0398446e-13)
(-2.729659e-05 -1.1702794e-05 8.1916992e-13)
(-2.4312797e-05 -1.1708077e-05 8.0794632e-13)
(-2.1323877e-05 -1.1665284e-05 7.7503884e-13)
(-1.8343888e-05 -1.1578035e-05 7.2352084e-13)
(-1.5385287e-05 -1.1450959e-05 6.552432e-13)
(-1.2459653e-05 -1.1298733e-05 5.7047498e-13)
(-9.5782725e-06 -1.0989413e-05 4.6546541e-13)
(-6.7511278e-06 -1.1147552e-05 3.6223038e-13)
(-3.9865698e-06 -1.0112755e-05 1.8507246e-13)
(-1.2947581e-06 -1.038291e-05 1.0744654e-13)
(-6.0723493e-05 -4.2313036e-06 -1.1994535e-11)
(-5.9462685e-05 -4.9233371e-06 -9.4667287e-12)
(-5.8013351e-05 -5.5799479e-06 -7.356572e-12)
(-5.6383952e-05 -6.1985729e-06 -5.6120904e-12)
(-5.4585285e-05 -6.7782916e-06 -4.1864511e-12)
(-5.262647e-05 -7.3157754e-06 -3.0381654e-12)
(-5.0516167e-05 -7.8117627e-06 -2.1255774e-12)
(-4.8266752e-05 -8.2630338e-06 -1.408969e-12)
(-4.5891563e-05 -8.654188e-06 -8.5439197e-13)
(-4.3394116e-05 -8.9870275e-06 -4.3175719e-13)
(-4.078983e-05 -9.2755091e-06 -1.1501391e-13)
(-3.8100448e-05 -9.5191384e-06 1.1741143e-13)
(-3.5342205e-05 -9.7130517e-06 2.8318637e-13)
(-3.2526077e-05 -9.8620129e-06 3.9676289e-13)
(-2.9659436e-05 -9.9673541e-06 4.6930464e-13)
(-2.6756395e-05 -1.0023588e-05 5.0960114e-13)
(-2.3833997e-05 -1.0033171e-05 5.2440353e-13)
(-2.090731e-05 -1.0001916e-05 5.180217e-13)
(-1.7988954e-05 -9.9325073e-06 4.9356063e-13)
(-1.5090994e-05 -9.8275982e-06 4.5317746e-13)
(-1.2223837e-05 -9.7044046e-06 3.9768374e-13)
(-9.3980781e-06 -9.4442656e-06 3.2465789e-13)
(-6.6261301e-06 -9.5718352e-06 2.5285464e-13)
(-3.9120924e-06 -8.6956507e-06 1.1915112e-13)
(-1.2690276e-06 -8.9178026e-06 7.1282536e-14)
(-5.9366244e-05 -3.4615933e-06 -1.2106321e-11)
(-5.8146021e-05 -4.0290852e-06 -9.6208785e-12)
(-5.6740687e-05 -4.5687124e-06 -7.5620789e-12)
(-5.5158835e-05 -5.0776343e-06 -5.8693258e-12)
(-5.3409555e-05 -5.5547825e-06 -4.4895156e-12)
(-5.1501997e-05 -5.9997253e-06 -3.3768883e-12)
(-4.9444862e-05 -6.4068407e-06 -2.4900093e-12)
(-4.7248869e-05 -6.7744833e-06 -1.7896516e-12)
(-4.4925908e-05 -7.1001002e-06 -1.2419047e-12)
(-4.2495774e-05 -7.381632e-06 -8.1832685e-13)
(-3.9970403e-05 -7.6243611e-06 -4.9438044e-13)
(-3.7358186e-05 -7.8293395e-06 -2.4983739e-13)
(-3.4671994e-05 -7.99367e-06 -6.8233448e-14)
(-3.1924346e-05 -8.1127428e-06 6.3728355e-14)
(-2.9123736e-05 -8.1899951e-06 1.5643322e-13)
(-2.6285128e-05 -8.2339724e-06 2.1813716e-13)
(-2.3425638e-05 -8.246454e-06 2.5502468e-13)
(-2.0560564e-05 -8.2270629e-06 2.7168268e-13)
(-1.7699202e-05 -8.1767472e-06 2.7148569e-13)
(-1.4852588e-05 -8.0956235e-06 2.5652942e-13)
(-1.2033363e-05 -7.9950138e-06 2.2808732e-13)
(-9.2530385e-06 -7.7899005e-06 1.8462786e-13)
(-6.5209168e-06 -7.893754e-06 1.4257346e-13)
(-3.8495951e-06 -7.1699173e-06 5.1241333e-14)
(-1.2481096e-06 -7.3514613e-06 3.29663e-14)
(-5.8281193e-05 -2.6703672e-06 -1.182238e-11)
(-5.709218e-05 -3.1091356e-06 -9.4210699e-12)
(-5.5721672e-05 -3.5268899e-06 -7.4594662e-12)
(-5.4177735e-05 -3.9211558e-06 -5.8620405e-12)
(-5.2468925e-05 -4.290114e-06 -4.5679653e-12)
(-5.0604203e-05 -4.6363625e-06 -3.5257827e-12)
(-4.8593614e-05 -4.9528348e-06 -2.6934248e-12)
(-4.6447152e-05 -5.2364401e-06 -2.0335916e-12)
(-4.4176872e-05 -5.4899818e-06 -1.5133002e-12)
(-4.1796747e-05 -5.7108589e-06 -1.1060223e-12)
(-3.9318665e-05 -5.9008378e-06 -7.89381e-13)
(-3.6753275e-05 -6.0604463e-06 -5.4499211e-13)
(-3.4112149e-05 -6.188666e-06 -3.5801374e-13)
(-3.1409079e-05 -6.2845882e-06 -2.1650975e-13)
(-2.8661126e-05 -6.34976e-06 -1.1108352e-13)
(-2.588044e-05 -6.3875992e-06 -3.435739e-14)
(-2.3077389e-05 -6.3994384e-06 1.9277634e-14)
(-2.0263139e-05 -6.3839164e-06 5.4135057e-14)
(-1.7449141e-05 -6.340868e-06 7.3387192e-14)
(-1.4647003e-05 -6.2749518e-06 7.9401571e-14)
(-1.1869634e-05 -6.2003852e-06 7.3923576e-14)
(-9.1287013e-06 -6.0370223e-06 5.6043215e-14)
(-6.4338348e-06 -6.1173869e-06 4.0083085e-14)
(-3.7987062e-06 -5.5610965e-06 -1.227925e-14)
(-1.2315082e-06 -5.7025476e-06 -4.1383179e-15)
(-5.748477e-05 -1.8692692e-06 -1.0839281e-11)
(-5.6318302e-05 -2.1766017e-06 -8.6279046e-12)
(-5.4973128e-05 -2.4695399e-06 -6.8574886e-12)
(-5.3456953e-05 -2.7472518e-06 -5.433628e-12)
(-5.1778078e-05 -3.0078407e-06 -4.2897531e-12)
(-4.9945353e-05 -3.2467222e-06 -3.3742966e-12)
(-4.7968918e-05 -3.4669145e-06 -2.6425083e-12)
(-4.585868e-05 -3.6680487e-06 -2.0592605e-12)
(-4.3626072e-05 -3.8466463e-06 -1.5968784e-12)
(-4.1283205e-05 -4.003719e-06 -1.2314736e-12)
(-3.8841928e-05 -4.1384727e-06 -9.436127e-13)
(-3.6313777e-05 -4.2512793e-06 -7.1757494e-13)
(-3.3710839e-05 -4.3421104e-06 -5.4074056e-13)
(-3.1046205e-05 -4.4109053e-06 -4.0302395e-13)
(-2.8333696e-05 -4.4584296e-06 -2.9647631e-13)
(-2.5585743e-05 -4.4861604e-06 -2.1483632e-13)
(-2.2813884e-05 -4.4949042e-06 -1.5328427e-13)
(-2.0029753e-05 -4.484675e-06 -1.081087e-13)
(-1.7247055e-05 -4.4557359e-06 -7.6504359e-14)
(-1.4478242e-05 -4.4104422e-06 -5.6197451e-14)
(-1.1733971e-05 -4.3563722e-06 -4.5292751e-14)
(-9.0249149e-06 -4.2455218e-06 -4.3946493e-14)
(-6.3645868e-06 -4.3037664e-06 -4.0491624e-14)
(-3.7578312e-06 -3.9017287e-06 -6.090638e-14)
(-1.2175663e-06 -4.0072364e-06 -3.394674e-14)
(-5.7030021e-05 -1.0729337e-06 -8.7751602e-12)
(-5.5876748e-05 -1.2498616e-06 -6.9504809e-12)
(-5.4546398e-05 -1.4183578e-06 -5.5263373e-12)
(-5.3046499e-05 -1.5779522e-06 -4.4006628e-12)
(-5.1385242e-05 -1.7275493e-06 -3.5059835e-12)
(-4.957154e-05 -1.8641547e-06 -2.7934182e-12)
(-4.7614713e-05 -1.9904974e-06 -2.2248915e-12)
(-4.5525385e-05 -2.1068627e-06 -1.7705546e-12)
(-4.3314362e-05 -2.2089655e-06 -1.4086967e-12)
(-4.0993111e-05 -2.2999181e-06 -1.1205899e-12)
(-3.8573337e-05 -2.3791611e-06 -8.9119656e-13)
(-3.6066852e-05 -2.4446362e-06 -7.0868064e-13)
(-3.3485842e-05 -2.4973858e-06 -5.6356346e-13)
(-3.0842985e-05 -2.5375413e-06 -4.4818847e-13)
(-2.815118e-05 -2.5654983e-06 -3.567827e-13)
(-2.5422914e-05 -2.5819541e-06 -2.8452593e-13)
(-2.2670318e-05 -2.5872895e-06 -2.2774852e-13)
(-1.9905558e-05 -2.5817985e-06 -1.8359479e-13)
(-1.7141218e-05 -2.565665e-06 -1.4988861e-13)
(-1.4389411e-05 -2.5401616e-06 -1.2481116e-13)
(-1.1661691e-05 -2.509176e-06 -1.0676178e-13)
(-8.9695418e-06 -2.4509339e-06 -9.528245e-14)
(-6.3240839e-06 -2.4814356e-06 -8.2163954e-14)
(-3.7337222e-06 -2.2287128e-06 -8.2000383e-14)
(-1.2099774e-06 -2.3167419e-06 -4.8887187e-14)
(-5.6787569e-05 -2.9689053e-07 -5.2579681e-12)
(-5.5640847e-05 -3.4584818e-07 -4.1357889e-12)
(-5.4317902e-05 -3.9257317e-07 -3.2804271e-12)
(-5.2826177e-05 -4.3667586e-07 -2.6168433e-12)
(-5.1173804e-05 -4.7794174e-07 -2.0961885e-12)
(-4.9369605e-05 -5.1567738e-07 -1.6838148e-12)
(-4.7422858e-05 -5.47957e-07 -1.35871e-12)
(-4.5343957e-05 -5.7851922e-07 -1.0961409e-12)
(-4.3143755e-05 -6.0708878e-07 -8.8573172e-13)
(-4.0833566e-05 -6.3237125e-07 -7.1741927e-13)
(-3.842494e-05 -6.5432964e-07 -5.8241186e-13)
(-3.5929753e-05 -6.7248099e-07 -4.7397491e-13)
(-3.336019e-05 -6.8688859e-07 -3.8670502e-13)
(-3.0728746e-05 -6.9811379e-07 -3.1581606e-13)
(-2.8048055e-05 -7.0555937e-07 -2.593492e-13)
(-2.5330599e-05 -7.0980692e-07 -2.1396519e-13)
(-2.2588672e-05 -7.1091763e-07 -1.7747455e-13)
(-1.9834526e-05 -7.0902059e-07 -1.4821614e-13)
(-1.7080419e-05 -7.0419714e-07 -1.249455e-13)
(-1.4338321e-05 -6.9687956e-07 -1.0662656e-13)
(-1.1619813e-05 -6.8840376e-07 -9.2330343e-14)
(-8.9362635e-06 -6.7127906e-07 -8.1492671e-14)
(-6.2992397e-06 -6.8387527e-07 -7.016592e-14)
(-3.7204406e-06 -5.881099e-07 -6.3602642e-14)
(-1.2082923e-06 -6.3112289e-07 -4.0720058e-14)
)
;

boundaryField
{
    Walls
    {
        type            noSlip;
    }
    Inlet
    {
        type            pressureInletVelocity;
        value           nonuniform List<vector> 3((1.47875 -0 -0) (1.635189 -0 -0) (1.4957747 -0 -0));
    }
    Outlet
    {
        type            pressureInletOutletVelocity;
        value           nonuniform List<vector> 
86
(
(-5.9422315e-05 0 0)
(-5.9465099e-05 0 0)
(-5.9102815e-05 0 0)
(-5.8525536e-05 0 0)
(-5.7751281e-05 0 0)
(-5.6787569e-05 0 0)
(-5.5640847e-05 3.8608594e-19 6.8064955e-19)
(-5.4317902e-05 -3.7690616e-19 5.7587061e-19)
(-5.2826177e-05 0 0)
(-5.1173804e-05 0 0)
(-4.9369605e-05 0 0)
(-4.7422858e-05 0 0)
(-4.5343957e-05 -3.146369e-19 -2.8843807e-19)
(-4.3143755e-05 2.9936994e-19 -2.5411328e-19)
(-4.0833566e-05 0 0)
(-3.842494e-05 0 0)
(-3.5929753e-05 0 0)
(-3.336019e-05 0 0)
(-3.0728746e-05 0 0)
(-2.8048055e-05 0 0)
(-2.5330599e-05 0 0)
(-2.2588672e-05 0 0)
(-1.9834526e-05 0 0)
(-1.7080419e-05 0 0)
(-1.4338321e-05 0 0)
(-1.1619813e-05 0 0)
(-8.9362635e-06 0 0)
(-6.2992397e-06 8.7419512e-20 0)
(-3.7204406e-06 -5.1631485e-20 0)
(-1.2082923e-06 0 0)
(-2.9692218e-06 0.10045404 -2.783895e-07)
(9.3525778e-05 0.070394409 -2.5853687e-07)
(2.9543733e-05 0.022165933 -2.0383491e-07)
(0 -0.0059192223 0)
(0 -0.011216192 0)
(0 -0.0062048155 0)
(0 -0.0017090135 0)
(0 -2.8572676e-06 0)
(-2.1869655e-06 0.0002110966 -4.7106071e-08)
(-2.2207498e-06 1.2123201e-05 -3.7069097e-08)
(0 -0.0001409026 0)
(0 -0.00015762195 0)
(0 -0.00010767318 0)
(0 -4.7756805e-05 0)
(0 -2.2766514e-06 0)
(9.3760631e-07 2.276696e-05 -3.3105831e-09)
(9.0158952e-07 3.2599826e-05 -2.2968561e-09)
(6.864009e-07 3.4784701e-05 -1.5239072e-09)
(4.2199495e-07 3.3166092e-05 -9.7233613e-10)
(1.3971918e-07 3.0889547e-05 -6.0244391e-10)
(-1.1276613e-07 2.8439812e-05 -3.6645238e-10)
(-3.4458321e-07 2.5365997e-05 -2.1940264e-10)
(-5.909337e-07 2.1679239e-05 -1.2883111e-10)
(-8.2263512e-07 1.7215739e-05 -7.4352152e-11)
(-1.0201267e-06 1.2487292e-05 -4.1785618e-11)
(-1.1842976e-06 7.7474478e-06 -2.2866045e-11)
(-1.317097e-06 3.422889e-06 -1.2123134e-11)
(-1.419946e-06 -5.0610421e-07 -6.1476557e-12)
(0 -4.1007275e-06 0)
(0 -7.2046167e-06 0)
(0 -9.6912771e-06 0)
(0 -1.1683143e-05 0)
(0 -1.3504235e-05 0)
(0 -1.4783711e-05 0)
(0 -1.5606991e-05 0)
(0 -1.6054437e-05 0)
(0 -1.6165865e-05 0)
(0 -1.5971682e-05 0)
(0 -1.5507722e-05 0)
(0 -1.482156e-05 0)
(0 -1.399899e-05 0)
(0 -1.2940543e-05 0)
(0 -1.1716274e-05 0)
(0 -1.038291e-05 0)
(0 -8.9178026e-06 0)
(0 -7.3514613e-06 0)
(0 -5.7025476e-06 0)
(0 -4.0072364e-06 0)
(0 -2.3167419e-06 0)
(0 -6.3112289e-07 0)
(0 -0.0010312684 0)
(0 -0.0048409707 0)
(0 -0.010191554 0)
(0 -0.0065316401 0)
(-2.2300806e-05 0.019130714 -2.0968569e-07)
(-9.2769208e-05 0.067110028 -2.6245365e-07)
)
;
    }
    Front
    {
        type            wedge;
    }
    Back
    {
        type            wedge;
    }
    defaultFaces
    {
        type            empty;
    }
}


// ************************************************************************* //
