/*--------------------------------*- C++ -*----------------------------------*\
| =========                 |                                                 |
| \\      /  F ield         | OpenFOAM: The Open Source CFD Toolbox           |
|  \\    /   O peration     | Version:  4.0                                   |
|   \\  /    A nd           | Web:      www.OpenFOAM.org                      |
|    \\/     M anipulation  |                                                 |
\*---------------------------------------------------------------------------*/
FoamFile
{
    version     2.0;
    format      ascii;
    class       volVectorField;
    location    "0.51";
    object      U;
}
// * * * * * * * * * * * * * * * * * * * * * * * * * * * * * * * * * * * * * //

dimensions      [0 1 -1 0 0 0 0];

internalField   nonuniform List<vector> 
1740
(
(1.4652853 0.0019890977 5.0614892e-06)
(1.5023225 -0.0088294613 8.4040994e-07)
(1.6026824 -0.0069161009 7.0069988e-08)
(1.4756386 -0.00053841666 9.1481544e-06)
(1.5544343 -0.02431078 1.9111171e-06)
(1.6035794 -0.020080518 3.1327389e-07)
(1.459219 0.00063618045 1.2388255e-05)
(1.5877189 -0.009119756 2.8100243e-06)
(1.4846644 -0.0090231708 4.4423671e-07)
(1.4545454 -0.011964532 1.3770704e-05)
(1.5984079 0.0047373193 3.5866458e-06)
(1.5911781 0.0059959166 5.4838353e-07)
(1.5610924 -0.011954875 1.4769054e-05)
(1.5145825 -0.0094972617 4.2684465e-06)
(1.5997412 -0.0077015022 7.9203478e-07)
(1.5648257 0.0040397947 1.6121944e-05)
(1.6166489 -0.0070199503 4.9303564e-06)
(1.5168311 -0.0091667939 9.3968723e-07)
(1.4774172 0.0007318749 1.7015128e-05)
(1.6062016 0.0067758165 5.788385e-06)
(1.5176857 0.00097376274 1.1481399e-06)
(1.5061496 0.01508737 1.7647498e-05)
(1.5604666 -0.0028446493 6.2668937e-06)
(1.5570109 -0.0067614143 1.3305746e-06)
(1.4711532 0.0060243788 1.8364436e-05)
(1.6554144 0.0010653532 7.1533706e-06)
(1.5219202 -0.0022175935 1.5198082e-06)
(1.5127188 -0.014635695 1.9086205e-05)
(1.5684391 0.018598998 7.7016447e-06)
(1.5592986 0.015892733 1.7111437e-06)
(1.5497717 -0.0064396227 1.9670927e-05)
(1.4969313 0.0082370073 8.3528466e-06)
(1.5911974 0.0040643127 1.9313103e-06)
(1.475525 -0.0027708801 1.9881438e-05)
(1.5820796 -0.018479735 8.7206711e-06)
(1.5698944 -0.011641618 2.107806e-06)
(1.5880047 -0.024696488 2.0149681e-05)
(1.586422 -0.021142435 9.466277e-06)
(1.5747623 -0.010559464 2.293099e-06)
(1.6242847 -0.014896407 2.0234902e-05)
(1.5184102 -0.014038418 9.8372494e-06)
(1.5018301 -0.00545522 2.5073295e-06)
(1.6236724 -0.005648899 2.0123884e-05)
(1.531407 -0.017797541 1.025741e-05)
(1.5166781 -0.010072239 2.6892092e-06)
(1.7127837 -0.0027433683 2.0427344e-05)
(1.6076206 -0.0092356444 1.0727366e-05)
(1.5045993 -0.0093401073 2.8489166e-06)
(1.6891193 0.002364497 2.0816971e-05)
(1.6223051 0.0058330259 1.1169855e-05)
(1.5113835 0.0066120171 3.0476936e-06)
(1.6973645 0.0095783262 2.1430706e-05)
(1.5769944 0.020473765 1.1622019e-05)
(1.5162029 0.010596722 3.2256898e-06)
(1.5910729 0.010209792 2.1752086e-05)
(1.5756765 0.025829424 1.2046705e-05)
(1.5035925 0.011545527 3.4135231e-06)
(1.5930774 0.0012097885 2.1657633e-05)
(1.5310957 0.004017673 1.2369053e-05)
(1.5742461 0.0054729747 3.5736689e-06)
(1.6415724 -0.012089049 2.172019e-05)
(1.5316622 -0.015039351 1.2733874e-05)
(1.5815659 -0.0097604146 3.7796977e-06)
(1.6451885 -0.012169844 2.1950415e-05)
(1.5254289 -0.017793583 1.3084515e-05)
(1.5069443 -0.011246002 3.9483227e-06)
(1.7184776 -0.0017683573 2.2299658e-05)
(1.592956 -0.0069331889 1.3473445e-05)
(1.5271231 -0.0049509702 4.0989139e-06)
(1.5891143 0.0062133301 2.2265944e-05)
(1.6297442 0.0098779351 1.3830295e-05)
(1.5070304 0.0041992228 4.25405e-06)
(1.580429 0.012509452 2.1994978e-05)
(1.5532585 0.004499527 1.4123993e-05)
(1.4969126 0.0025761827 4.3853245e-06)
(1.5795259 0.018195986 2.185883e-05)
(1.6121709 0.004600116 1.4359661e-05)
(1.5042433 -0.0060654357 4.53972e-06)
(1.4784923 0.00024087829 2.1843269e-05)
(1.5891671 -0.011661847 1.4616471e-05)
(1.4859935 -0.0055882502 4.66719e-06)
(1.5581754 -0.015210735 2.234913e-05)
(1.573068 -0.012063879 1.4850207e-05)
(1.4757798 -0.004285297 4.8538801e-06)
(1.5541287 0.0027946481 2.2002355e-05)
(1.5106911 0.0088402696 1.5015916e-05)
(1.4868557 0.0056789423 4.8273172e-06)
(1.3348466 0.046719723 2.3596845e-05)
(1.2776477 0.11004268 1.5664703e-05)
(1.3793676 0.057514101 5.5095669e-06)
(0.84254883 0.37684544 1.162457e-05)
(0.80720086 0.93984703 9.9292042e-06)
(0.73741707 1.253704 5.4014542e-06)
(0.22199637 0.11396829 1.5433721e-06)
(0.18306036 0.36711156 3.0917755e-06)
(0.086781754 0.4984963 6.9622107e-07)
(-0.030832726 -0.013211643 1.2280231e-06)
(-0.029799938 -0.028196302 1.6749166e-06)
(-0.01977665 -0.033550568 5.6840626e-07)
(-0.0083057091 -0.0032759211 4.5225748e-07)
(-0.0079046352 -0.0083369716 7.2720876e-07)
(-0.0061456973 -0.010909763 3.2334891e-07)
(-0.0019406732 -0.00046857398 1.1929423e-07)
(-0.0015329163 -0.0011934922 2.3773655e-07)
(-0.00098140496 -0.0016411355 9.8350095e-08)
(-0.00081658568 -0.00018921269 2.2508971e-08)
(-0.00058187802 -0.00037154886 4.8532721e-08)
(-0.00022503479 -0.00043990591 -1.6551819e-08)
(-0.00041370608 -8.9135935e-05 -6.6682977e-09)
(-0.00029324506 -0.0001627576 -1.8538578e-08)
(-0.00010149077 -0.00016659521 -6.1597526e-08)
(-0.00025253232 -2.2705679e-05 -1.5820464e-08)
(-0.00019222297 -2.4562541e-05 -3.934565e-08)
(-9.6520047e-05 -1.9171256e-05 -7.2643045e-08)
(-0.00018522416 -1.2025491e-05 -1.5693565e-08)
(-0.00015695312 -7.7355842e-06 -4.0196501e-08)
(-0.00010786905 7.7130108e-06 -6.7303337e-08)
(-0.00014496858 -1.4844726e-05 -1.2703387e-08)
(-0.0001318192 -2.5125779e-05 -3.3895526e-08)
(-0.00010631876 -3.1281506e-05 -5.5762328e-08)
(-0.00010556459 -1.9032863e-05 -9.3333007e-09)
(-9.9404479e-05 -4.016183e-05 -2.6157047e-08)
(-8.5825581e-05 -6.0198568e-05 -4.3423536e-08)
(-6.7171061e-05 -1.6749245e-05 -6.8127901e-09)
(-6.4131001e-05 -3.7270833e-05 -1.956372e-08)
(-5.7203581e-05 -5.860022e-05 -3.2777765e-08)
(-3.7287203e-05 -1.0986589e-05 -5.0905364e-09)
(-3.589792e-05 -2.5058751e-05 -1.4536226e-08)
(-3.256736e-05 -3.9745478e-05 -2.4353919e-08)
(-1.7434411e-05 -6.0421154e-06 -3.8691205e-09)
(-1.6941728e-05 -1.2739002e-05 -1.0769364e-08)
(-1.5554477e-05 -2.0779641e-05 -1.7866614e-08)
(-5.4521687e-06 -4.0691458e-06 -2.8901332e-09)
(-5.3968432e-06 -6.1878037e-06 -7.8624048e-09)
(-5.0620525e-06 -8.9191029e-06 -1.2881996e-08)
(1.0379089e-06 -1.2010239e-06 -2.1144282e-09)
(8.3786542e-07 -3.1127247e-06 -5.5977724e-09)
(5.4893837e-07 -4.2031048e-06 -9.0675294e-09)
(4.0637066e-06 -6.2184695e-07 -1.4774268e-09)
(3.7246318e-06 -1.1147205e-06 -3.8579248e-09)
(3.1591577e-06 -1.3444373e-06 -6.1977687e-09)
(5.0882984e-06 -1.7479227e-07 -9.9328478e-10)
(4.7172524e-06 4.1402136e-07 -2.5646393e-09)
(4.039927e-06 -3.070805e-07 -4.1022742e-09)
(4.9656629e-06 4.8200081e-09 -6.4684366e-10)
(4.6068559e-06 5.5542236e-07 -1.6479945e-09)
(3.8939753e-06 3.35052e-07 -2.6317916e-09)
(4.1420175e-06 1.9357734e-07 -4.1753737e-10)
(3.8038881e-06 8.7863782e-07 -1.0357272e-09)
(3.1213475e-06 1.2449823e-06 -1.644907e-09)
(2.8426621e-06 3.64218e-07 -2.7353842e-10)
(2.5295717e-06 1.2164214e-06 -6.4540292e-10)
(1.8994063e-06 1.827061e-06 -1.0087158e-09)
(1.2123838e-06 4.8693421e-07 -1.8351198e-10)
(9.2543361e-07 1.469692e-06 -4.023485e-10)
(3.5133641e-07 2.2437092e-06 -6.1023568e-10)
(-6.2354428e-07 5.6034708e-07 -1.2614401e-10)
(-8.8634475e-07 1.611631e-06 -2.5187406e-10)
(-1.4040733e-06 2.5035962e-06 -3.6593857e-10)
(-2.537547e-06 5.8625793e-07 -9.0367339e-11)
(-2.7785822e-06 1.6296531e-06 -1.6082871e-10)
(-3.2402733e-06 2.5320914e-06 -2.197493e-10)
(-4.4066843e-06 5.4798938e-07 -6.6708853e-11)
(-4.626988e-06 1.5094005e-06 -1.0534655e-10)
(-5.0338295e-06 2.3675575e-06 -1.335673e-10)
(-6.1321625e-06 4.8696387e-07 -5.313164e-11)
(-6.333059e-06 1.3201828e-06 -7.2693324e-11)
(-6.6913938e-06 2.0833923e-06 -8.3364383e-11)
(-7.6521922e-06 4.1355603e-07 -4.5391989e-11)
(-7.8360687e-06 1.1527779e-06 -5.4680856e-11)
(-8.1490083e-06 1.78284e-06 -5.5104882e-11)
(-8.9331569e-06 3.336539e-07 -4.0326091e-11)
(-9.1016597e-06 9.6052314e-07 -4.4099288e-11)
(-9.3706843e-06 1.4843864e-06 -3.9625994e-11)
(-9.9576929e-06 2.5079057e-07 -3.7084279e-11)
(-1.0111651e-05 7.5354065e-07 -3.7753166e-11)
(-1.0342236e-05 1.1641495e-06 -3.1117077e-11)
(-1.0721916e-05 1.6739311e-07 -3.5060216e-11)
(-1.0862139e-05 5.457784e-07 -3.389434e-11)
(-1.105864e-05 8.3358166e-07 -2.6415268e-11)
(-1.1231715e-05 8.7952316e-08 -3.3901207e-11)
(-1.1358933e-05 3.4948801e-07 -3.1527449e-11)
(-1.1525176e-05 5.1433362e-07 -2.3828847e-11)
(-1.1500587e-05 1.6538861e-08 -3.3296001e-11)
(-1.1615706e-05 1.7181827e-07 -2.9903651e-11)
(-1.1755676e-05 2.203657e-07 -2.2327674e-11)
(-1.1547846e-05 -5.5291159e-08 -3.2325634e-11)
(-1.1651949e-05 -9.5576272e-09 -2.8374361e-11)
(-1.1769092e-05 -4.9034488e-08 -2.1510034e-11)
(-1.1397016e-05 -1.1449391e-07 -3.2191779e-11)
(-1.1491149e-05 -1.6074002e-07 -2.7890256e-11)
(-1.1588575e-05 -2.9224881e-07 -2.135436e-11)
(-1.1074491e-05 -1.6453522e-07 -3.2110716e-11)
(-1.1159467e-05 -2.8911361e-07 -2.7526377e-11)
(-1.1240341e-05 -5.0133423e-07 -2.1365164e-11)
(-1.0608498e-05 -2.0714692e-07 -3.1944303e-11)
(-1.0685113e-05 -3.9449542e-07 -2.7034599e-11)
(-1.0752207e-05 -6.6979419e-07 -2.1313251e-11)
(-1.0028059e-05 -2.3868021e-07 -3.1843707e-11)
(-1.0097096e-05 -4.7472134e-07 -2.6587116e-11)
(-1.0152835e-05 -7.9755862e-07 -2.1245778e-11)
(-9.3620455e-06 -2.6071087e-07 -3.1732472e-11)
(-9.4242176e-06 -5.3342778e-07 -2.6153068e-11)
(-9.4708109e-06 -8.9038148e-07 -2.1154947e-11)
(-8.6383213e-06 -2.7375719e-07 -3.1631529e-11)
(-8.6943595e-06 -5.7470212e-07 -2.5699022e-11)
(-8.7337476e-06 -9.5419322e-07 -2.1033329e-11)
(-7.8832139e-06 -2.7782478e-07 -3.1566176e-11)
(-7.9338255e-06 -5.9160182e-07 -2.5359023e-11)
(-7.9676984e-06 -9.7936016e-07 -2.0977186e-11)
(-7.1210669e-06 -2.7382621e-07 -3.1558633e-11)
(-7.1668988e-06 -5.8930586e-07 -2.5112003e-11)
(-7.1966898e-06 -9.7413237e-07 -2.097867e-11)
(-6.3738204e-06 -2.6357682e-07 -3.1520558e-11)
(-6.4154662e-06 -5.6842597e-07 -2.4983529e-11)
(-6.4423513e-06 -9.3717867e-07 -2.1080083e-11)
(-5.6607285e-06 -2.4628415e-07 -3.1553705e-11)
(-5.6987532e-06 -5.3501603e-07 -2.4876665e-11)
(-5.7236819e-06 -8.8141222e-07 -2.1169842e-11)
(-4.9984487e-06 -2.2343571e-07 -3.1593843e-11)
(-5.0334107e-06 -4.8822118e-07 -2.4814222e-11)
(-5.0571266e-06 -8.0355895e-07 -2.1275224e-11)
(-4.4018783e-06 -1.9551408e-07 -3.168445e-11)
(-4.4342862e-06 -4.2826803e-07 -2.4842877e-11)
(-4.4573446e-06 -7.0391917e-07 -2.1407042e-11)
(-3.8856906e-06 -1.6328403e-07 -3.1821916e-11)
(-3.9160149e-06 -3.5726264e-07 -2.4927216e-11)
(-3.9387874e-06 -5.8623277e-07 -2.1481365e-11)
(-3.4653601e-06 -1.2734391e-07 -3.1938259e-11)
(-3.4940367e-06 -2.7679119e-07 -2.4881687e-11)
(-3.5167137e-06 -4.5263137e-07 -2.1263855e-11)
(-3.1653907e-06 -8.7789663e-08 -3.1883741e-11)
(-3.1928704e-06 -1.8864908e-07 -2.427639e-11)
(-3.2154461e-06 -3.0820551e-07 -2.0232619e-11)
(-2.996584e-06 -4.4755945e-08 -3.1275237e-11)
(-3.0233185e-06 -9.6075099e-08 -2.216848e-11)
(-3.0456692e-06 -1.6121986e-07 -1.7479037e-11)
(-3.0192118e-06 -6.8079346e-09 -2.8427648e-11)
(-3.0459628e-06 -1.3115281e-08 -1.6419232e-11)
(-3.0674566e-06 -2.5622714e-08 -1.1572537e-11)
(-0.04583662 1.9521416 -3.7678372e-07)
(-0.032705795 1.696508 -3.4615075e-06)
(-0.062024382 0.34143104 -2.5310543e-07)
(-0.043339658 0.15119574 -1.0169856e-06)
(-0.015741849 -0.04104809 -2.154478e-07)
(-0.011886706 -0.043043336 -6.3659799e-07)
(-0.004945205 -0.013193717 -1.1699422e-07)
(-0.0045979519 -0.014657282 -4.1347843e-07)
(-0.0008055897 -0.0023462581 -1.1754359e-07)
(-0.00096704368 -0.0031070712 -3.0063043e-07)
(-1.0569627e-05 -0.00048203134 -1.2834778e-07)
(5.5864525e-05 -0.00057352627 -2.3823882e-07)
(5.4374529e-05 -0.00010000289 -1.2713261e-07)
(0.00014109747 -2.8143285e-05 -1.9546788e-07)
(-6.2529793e-06 4.3893112e-05 -1.1553294e-07)
(7.0743831e-05 0.0001365411 -1.6043584e-07)
(-5.5924696e-05 3.9900167e-05 -9.7895071e-08)
(-3.2448088e-06 9.1070811e-05 -1.2908666e-07)
(-7.6456024e-05 -2.5764194e-05 -7.8619421e-08)
(-4.8107351e-05 -6.6955351e-06 -1.0121227e-07)
(-6.8685161e-05 -7.1859574e-05 -6.0787799e-08)
(-5.0390825e-05 -7.4267412e-05 -7.754506e-08)
(-4.7837355e-05 -7.536935e-05 -4.585071e-08)
(-3.685367e-05 -8.5781526e-05 -5.8294766e-08)
(-2.7731488e-05 -5.2497232e-05 -3.3999474e-08)
(-2.1592061e-05 -6.2483475e-05 -4.3123855e-08)
(-1.3255756e-05 -2.8340441e-05 -2.4814731e-08)
(-9.922879e-06 -3.3986918e-05 -3.1373448e-08)
(-4.1976421e-06 -1.1703081e-05 -1.7772284e-08)
(-2.6079568e-06 -1.3559524e-05 -2.2381259e-08)
(5.1747948e-07 -3.83051e-06 -1.2430607e-08)
(9.727654e-07 -3.9160416e-06 -1.5594199e-08)
(2.5967081e-06 -8.6402145e-07 -8.455575e-09)
(2.3753278e-06 -5.7523649e-07 -1.0575407e-08)
(3.2470885e-06 -3.9196523e-07 -5.5814739e-09)
(2.6447966e-06 2.440146e-07 -6.9670967e-09)
(3.0527653e-06 6.3600492e-07 -3.5764163e-09)
(2.2646193e-06 1.107839e-06 -4.4586972e-09)
(2.2824875e-06 1.5556764e-06 -2.2300423e-09)
(1.4335584e-06 1.9773542e-06 -2.7759657e-09)
(1.0913054e-06 2.3430313e-06 -1.3583525e-09)
(2.4730655e-07 2.9669866e-06 -1.6854114e-09)
(-4.0104901e-07 2.9905088e-06 -8.1143024e-10)
(-1.2201751e-06 3.6135649e-06 -1.000523e-09)
(-2.0912151e-06 3.4309678e-06 -4.7708384e-10)
(-2.8623138e-06 4.3636632e-06 -5.8215847e-10)
(-3.8563865e-06 3.4524654e-06 -2.7751677e-10)
(-4.563374e-06 4.2978004e-06 -3.3269321e-10)
(-5.5814773e-06 3.2133706e-06 -1.6086235e-10)
(-6.2200028e-06 4.0135024e-06 -1.8725973e-10)
(-7.1772996e-06 2.8639914e-06 -9.3840437e-11)
(-7.7365518e-06 3.5875446e-06 -1.0426644e-10)
(-8.5707883e-06 2.4352555e-06 -5.6185165e-11)
(-9.0592595e-06 3.0584631e-06 -5.8046055e-11)
(-9.7311116e-06 2.0029549e-06 -3.5813421e-11)
(-1.0156589e-05 2.4981815e-06 -3.3178282e-11)
(-1.0651096e-05 1.5639895e-06 -2.5073053e-11)
(-1.1010159e-05 1.9332826e-06 -2.0293458e-11)
(-1.1321278e-05 1.1175473e-06 -1.9519902e-11)
(-1.1625771e-05 1.3635092e-06 -1.3881017e-11)
(-1.1745142e-05 6.7676962e-07 -1.6773994e-11)
(-1.2004724e-05 8.1076284e-07 -1.0929639e-11)
(-1.1938163e-05 2.6912941e-07 -1.5516907e-11)
(-1.2153547e-05 2.9607664e-07 -9.8173846e-12)
(-1.1919215e-05 -9.0486399e-08 -1.5146664e-11)
(-1.2095845e-05 -1.7055935e-07 -9.6582428e-12)
(-1.1711113e-05 -4.3216303e-07 -1.5217223e-11)
(-1.1854311e-05 -5.9771141e-07 -9.9362908e-12)
(-1.1339581e-05 -7.1802783e-07 -1.5517289e-11)
(-1.1454534e-05 -9.5147099e-07 -1.045888e-11)
(-1.0832153e-05 -9.4800933e-07 -1.5826582e-11)
(-1.0923747e-05 -1.2402508e-06 -1.1021054e-11)
(-1.0217098e-05 -1.1249405e-06 -1.6097608e-11)
(-1.0289772e-05 -1.4653974e-06 -1.1540102e-11)
(-9.5225985e-06 -1.2526811e-06 -1.6323734e-11)
(-9.5803335e-06 -1.6250988e-06 -1.2012104e-11)
(-8.7758971e-06 -1.3346774e-06 -1.6516743e-11)
(-8.8222157e-06 -1.7236027e-06 -1.2440479e-11)
(-8.0026713e-06 -1.3672084e-06 -1.672245e-11)
(-8.0406247e-06 -1.7597098e-06 -1.2852742e-11)
(-7.2265559e-06 -1.3587172e-06 -1.6949921e-11)
(-7.2587178e-06 -1.7462234e-06 -1.3250999e-11)
(-6.4687928e-06 -1.3092458e-06 -1.7226501e-11)
(-6.4972642e-06 -1.6855382e-06 -1.3644302e-11)
(-5.7480331e-06 -1.2301387e-06 -1.7479745e-11)
(-5.774463e-06 -1.5818435e-06 -1.4015399e-11)
(-5.0804176e-06 -1.1200451e-06 -1.7717482e-11)
(-5.106046e-06 -1.4379619e-06 -1.4350869e-11)
(-4.480312e-06 -9.802678e-07 -1.7922164e-11)
(-4.5060071e-06 -1.2576807e-06 -1.4613011e-11)
(-3.9618876e-06 -8.1569833e-07 -1.7985181e-11)
(-3.9881627e-06 -1.0455233e-06 -1.4692752e-11)
(-3.5401265e-06 -6.2906579e-07 -1.7668276e-11)
(-3.567131e-06 -8.059057e-07 -1.4369282e-11)
(-3.2390066e-06 -4.2827082e-07 -1.6494923e-11)
(-3.2664276e-06 -5.4897126e-07 -1.3251476e-11)
(-3.0690631e-06 -2.2540609e-07 -1.3763849e-11)
(-3.0963909e-06 -2.898584e-07 -1.082863e-11)
(-3.0895216e-06 -3.7246009e-08 -8.6158715e-12)
(-3.1151054e-06 -4.8992807e-08 -6.5752696e-12)
(-0.00050424188 -3.0355032e-06 -1.1134142e-07)
(-0.00049374264 -7.1017409e-05 -2.6389676e-07)
(-0.00048154981 -7.9825861e-05 -3.7311365e-07)
(-0.00047685291 -0.00011869772 -4.4184673e-07)
(-0.00048357145 -0.00014019354 -4.7875317e-07)
(-0.00049430712 -0.00017080829 -4.9365188e-07)
(-0.00049778814 -0.00020654141 -4.9395459e-07)
(-0.00048928899 -0.00026094968 -4.8487538e-07)
(-0.00046784083 -0.00032728253 -4.7004738e-07)
(-0.00043569797 -0.00040039521 -4.5198268e-07)
(-0.00039649366 -0.00047779927 -4.3242238e-07)
(-0.00035400948 -0.00055659203 -4.124129e-07)
(-0.0003109382 -0.00063402218 -3.9245356e-07)
(-0.00026901253 -0.00070696789 -3.7263079e-07)
(-0.00022927788 -0.00077250223 -3.5279891e-07)
(-0.00019251197 -0.00082961605 -3.3267614e-07)
(-0.00015931648 -0.00087958032 -3.1186842e-07)
(-0.00012996612 -0.0009219011 -2.898157e-07)
(-0.00010412518 -0.00095400317 -2.6590278e-07)
(-8.1513934e-05 -0.00097673289 -2.3941624e-07)
(-6.1903684e-05 -0.00098993165 -2.0958891e-07)
(-4.4823648e-05 -0.00099288237 -1.7527843e-07)
(-2.9811341e-05 -0.00098651147 -1.3550775e-07)
(-1.668001e-05 -0.00097584123 -8.9713638e-08)
(-5.3766544e-06 -0.00092810762 -3.7411995e-08)
(0.00027587074 -0.00011893743 -1.2735916e-07)
(0.00028069891 -0.00050985805 -2.9775268e-07)
(0.0002813497 -0.00073467994 -4.1322439e-07)
(0.00027879375 -0.0010574212 -4.7957697e-07)
(0.00029038931 -0.0013181892 -5.1053563e-07)
(0.00031966196 -0.0016035841 -5.1940254e-07)
(0.0003538899 -0.0018865986 -5.1463802e-07)
(0.00038754096 -0.0021885863 -5.0167883e-07)
(0.00040998374 -0.0025128209 -4.8394238e-07)
(0.00042006956 -0.0028345867 -4.6365771e-07)
(0.00041943828 -0.0031486159 -4.4252614e-07)
(0.00041033174 -0.0034487429 -4.2146125e-07)
(0.00039482802 -0.003728245 -4.0084106e-07)
(0.00037431095 -0.0039859928 -3.805994e-07)
(0.0003493544 -0.0042218347 -3.605029e-07)
(0.00032058987 -0.0044366074 -3.4024358e-07)
(0.00028898919 -0.0046409092 -3.194793e-07)
(0.00025547188 -0.0048280642 -2.9751882e-07)
(0.00022041686 -0.0049747518 -2.7379337e-07)
(0.00018435506 -0.0050733097 -2.4752532e-07)
(0.00014805111 -0.0051213059 -2.1824391e-07)
(0.00011217096 -0.0051212229 -1.8413998e-07)
(7.7132369e-05 -0.0050766382 -1.4388914e-07)
(4.3378129e-05 -0.0049729757 -9.5869421e-08)
(1.1969534e-05 -0.0047476428 -4.1493975e-08)
(0.0011533045 -0.0003188692 -1.6574074e-07)
(0.001160384 -0.001528208 -3.735087e-07)
(0.001172599 -0.0020636942 -4.9761779e-07)
(0.0012094549 -0.0029590707 -5.5437451e-07)
(0.0012630606 -0.003692894 -5.7160167e-07)
(0.0013088578 -0.0044704669 -5.6808666e-07)
(0.0013326914 -0.0052490762 -5.5332515e-07)
(0.0013262543 -0.006180818 -5.3311651e-07)
(0.001295491 -0.0072323402 -5.1009835e-07)
(0.0012450512 -0.0082012076 -4.8562582e-07)
(0.0011793285 -0.0090458588 -4.6163803e-07)
(0.0011032912 -0.0097625784 -4.387069e-07)
(0.0010210952 -0.010350383 -4.1703686e-07)
(0.00093438452 -0.010817762 -3.961861e-07)
(0.00084512136 -0.011171317 -3.7575483e-07)
(0.00075498748 -0.011412847 -3.5537439e-07)
(0.00066531709 -0.011534476 -3.3509812e-07)
(0.00057692625 -0.011554043 -3.1357822e-07)
(0.00049019911 -0.011500409 -2.9067311e-07)
(0.00040562162 -0.011389149 -2.6562755e-07)
(0.00032403702 -0.01123025 -2.3753712e-07)
(0.0002455499 -0.011032651 -2.0493312e-07)
(0.00016992205 -0.010803082 -1.6578711e-07)
(9.7530745e-05 -0.010511999 -1.1663453e-07)
(2.9987635e-05 -0.010112692 -5.7306659e-08)
(0.0036989787 -0.0010392235 -2.4828157e-07)
(0.0036522318 -0.0046923771 -5.1406982e-07)
(0.0036043396 -0.0060057475 -6.3659152e-07)
(0.0034583079 -0.0092196983 -6.6779598e-07)
(0.0032756306 -0.012104091 -6.6039334e-07)
(0.0030422215 -0.014677128 -6.3748797e-07)
(0.0027840437 -0.016506146 -6.0791052e-07)
(0.0025143671 -0.017474557 -5.7860489e-07)
(0.0022522071 -0.017760026 -5.4958112e-07)
(0.0020015681 -0.017621201 -5.1924066e-07)
(0.0017686197 -0.017166587 -4.9159408e-07)
(0.0015544827 -0.01651757 -4.6619289e-07)
(0.0013579907 -0.015693755 -4.4347281e-07)
(0.0011663896 -0.014748445 -4.2203503e-07)
(0.00099407084 -0.013733825 -4.0132008e-07)
(0.00084128768 -0.012695308 -3.8105503e-07)
(0.00070657736 -0.011671898 -3.6090493e-07)
(0.00058802641 -0.01069723 -3.4037739e-07)
(0.0004838826 -0.0097942602 -3.1896962e-07)
(0.00039192805 -0.0089829716 -2.9603107e-07)
(0.00030946497 -0.0082761764 -2.7072094e-07)
(0.00023433119 -0.0076784678 -2.4181096e-07)
(0.00016509602 -0.007190128 -2.074541e-07)
(9.992462e-05 -0.0067691994 -1.645527e-07)
(3.6906912e-05 -0.0064647295 -1.0338097e-07)
(0.011486855 -0.0087057937 -4.3638814e-07)
(0.0091693953 -0.025642336 -7.5224358e-07)
(0.0080120715 -0.028131244 -8.3730371e-07)
(0.0062938528 -0.032436111 -8.2505409e-07)
(0.0048777074 -0.029892349 -7.855883e-07)
(0.0036396074 -0.026113222 -7.3749467e-07)
(0.0026055373 -0.021417351 -6.8989104e-07)
(0.001782091 -0.016456339 -6.4555019e-07)
(0.001138579 -0.011497556 -6.0611032e-07)
(0.00064181155 -0.0069128512 -5.6990413e-07)
(0.00026304914 -0.0027669204 -5.3732938e-07)
(-1.6806306e-05 0.00079219361 -5.0709869e-07)
(-0.00021764174 0.0041037804 -4.8292741e-07)
(-0.00034624 0.0072635063 -4.6010323e-07)
(-0.00042719074 0.010167168 -4.3814315e-07)
(-0.00046784986 0.012687608 -4.1719198e-07)
(-0.00047659023 0.014793002 -3.9690999e-07)
(-0.00046022604 0.016501146 -3.7687592e-07)
(-0.00042426254 0.01784031 -3.5663265e-07)
(-0.00037338807 0.018839674 -3.356645e-07)
(-0.00031203992 0.019524756 -3.1332746e-07)
(-0.00024371591 0.019921536 -2.8870976e-07)
(-0.00017067763 0.020028013 -2.6033373e-07)
(-9.6202474e-05 0.019901659 -2.3260674e-07)
(-2.1888926e-05 0.01920259 -2.0497801e-07)
(0.014212579 0.023330168 -7.9792066e-07)
(0.003480176 -0.0014017403 -1.1286096e-06)
(0.00079711991 0.048252624 -1.1312844e-06)
(-0.0010426231 0.05103097 -1.0583897e-06)
(-0.0026534319 0.065298565 -9.8152278e-07)
(-0.0038522607 0.075616157 -8.9522119e-07)
(-0.0045177723 0.082806364 -8.17732e-07)
(-0.0047217027 0.088802798 -7.5036546e-07)
(-0.0046413053 0.093216537 -6.9184923e-07)
(-0.0044203469 0.095959162 -6.4186795e-07)
(-0.0041307895 0.097520619 -5.9970555e-07)
(-0.0037832219 0.097999283 -5.5584695e-07)
(-0.0034322862 0.097729954 -5.3080878e-07)
(-0.003088669 0.096423788 -5.0384389e-07)
(-0.0027423029 0.094266176 -4.7735073e-07)
(-0.0024046592 0.091839216 -4.5370193e-07)
(-0.0020857539 0.089209432 -4.3178908e-07)
(-0.0017864221 0.086461013 -4.109476e-07)
(-0.001505819 0.083671098 -3.9066049e-07)
(-0.0012421302 0.08089786 -3.7045604e-07)
(-0.00099270795 0.078178271 -3.498353e-07)
(-0.00075534919 0.075554703 -3.2818234e-07)
(-0.00052796002 0.072999167 -3.0485089e-07)
(-0.0003087587 0.070699237 -2.8071274e-07)
(-9.2441758e-05 0.067217673 -2.570536e-07)
(-0.0018684986 1.1754233 -2.5273596e-06)
(-0.00090039249 0.96241712 -2.0053624e-06)
(-0.0011244932 0.86649184 -1.6246334e-06)
(-0.00078536304 0.77411543 -1.3353098e-06)
(-0.00065790704 0.6779941 -1.1204619e-06)
(-0.00055656544 0.58652121 -9.6349074e-07)
(-0.00046676578 0.50808296 -8.4711383e-07)
(-0.00039119959 0.44434337 -7.6027667e-07)
(-0.00032552563 0.39176423 -6.8984673e-07)
(-0.00027212739 0.34689487 -6.3608644e-07)
(-0.0002214952 0.30818076 -5.948996e-07)
(-0.00017759867 0.27486661 -5.5896672e-07)
(-0.00014051675 0.24637833 -5.288962e-07)
(-0.00011876093 0.22199025 -5.0247498e-07)
(-9.8707343e-05 0.20104405 -4.7861138e-07)
(-8.1801356e-05 0.18305868 -4.5677457e-07)
(-6.7865434e-05 0.16760453 -4.3634102e-07)
(-5.6252756e-05 0.15431904 -4.1679044e-07)
(-4.6350501e-05 0.14289994 -3.9772109e-07)
(-3.7676282e-05 0.13309812 -3.7878953e-07)
(-2.9810316e-05 0.12469764 -3.5964064e-07)
(-2.239171e-05 0.11755675 -3.3978563e-07)
(-1.535832e-05 0.11143381 -3.1892882e-07)
(-8.7320211e-06 0.10661182 -2.9683676e-07)
(-2.4121385e-06 0.10059857 -2.7293191e-07)
(-0.01321857 0.089970472 -1.2350958e-06)
(-0.0027244726 0.098082896 -1.2753383e-06)
(-0.00023103988 0.10393995 -1.2289324e-06)
(0.0015193844 0.10573918 -1.1378271e-06)
(0.0030447838 0.10787969 -1.0348672e-06)
(0.0041651711 0.10960611 -9.3470282e-07)
(0.0047706628 0.11127831 -8.4514053e-07)
(0.0049257193 0.11280348 -7.6780384e-07)
(0.0048046266 0.11359674 -6.8654654e-07)
(0.0045346743 0.11365678 -6.4212611e-07)
(0.0042210212 0.11294341 -6.0157132e-07)
(0.0038845985 0.11125737 -5.5854504e-07)
(0.0035137377 0.10872296 -5.2242187e-07)
(0.003142348 0.10569509 -4.9153015e-07)
(0.0027823917 0.10241578 -4.6453361e-07)
(0.0024399479 0.099008926 -4.4043068e-07)
(0.0021150238 0.095558433 -4.1843045e-07)
(0.0018093919 0.092132507 -3.978889e-07)
(0.0015229477 0.088781951 -3.7826188e-07)
(0.0012542287 0.08554441 -3.5904449e-07)
(0.001001159 0.082441538 -3.3968067e-07)
(0.00076145026 0.079503094 -3.1943669e-07)
(0.0005324382 0.076691677 -2.986398e-07)
(0.00031191419 0.074199189 -2.7608465e-07)
(9.4033059e-05 0.070503782 -2.5339734e-07)
(-0.0093828192 -0.040957675 -8.5948242e-07)
(-0.0079612833 -0.038999563 -9.2421009e-07)
(-0.0065311591 -0.037333026 -9.1090933e-07)
(-0.0051121634 -0.033864424 -8.6457998e-07)
(-0.0038059719 -0.028883533 -8.0608366e-07)
(-0.0026804983 -0.02323406 -7.4463281e-07)
(-0.0017562538 -0.017423334 -6.8752152e-07)
(-0.0010324214 -0.011776415 -6.3528792e-07)
(-0.0004825836 -0.0067307021 -5.8696865e-07)
(-6.7657125e-05 -0.0022687198 -5.5080747e-07)
(0.00023217714 0.0015634574 -5.1756747e-07)
(0.00044083471 0.0053067756 -4.8656089e-07)
(0.000577315 0.008880449 -4.5873858e-07)
(0.00065800881 0.012072463 -4.337911e-07)
(0.00069423333 0.014818025 -4.1112796e-07)
(0.00069421368 0.017117404 -3.9020844e-07)
(0.00066886048 0.019007475 -3.7059647e-07)
(0.0006231962 0.020528352 -3.5180776e-07)
(0.00056119726 0.021700543 -3.3335257e-07)
(0.00048655268 0.022545976 -3.146736e-07)
(0.00040251667 0.023086338 -2.9499224e-07)
(0.00031201766 0.023342742 -2.7293663e-07)
(0.00021786924 0.02332537 -2.5132477e-07)
(0.00012331607 0.023078198 -2.25163e-07)
(3.0049071e-05 0.022227883 -1.9950493e-07)
(-0.0045597067 -0.016152032 -5.8678002e-07)
(-0.0043982685 -0.018573817 -6.6236085e-07)
(-0.0041792829 -0.021284004 -6.7712523e-07)
(-0.0038845914 -0.023261193 -6.6027001e-07)
(-0.0035436504 -0.024499309 -6.3054638e-07)
(-0.0031744466 -0.024890584 -5.9814844e-07)
(-0.0028209215 -0.02461507 -5.5867032e-07)
(-0.0024857978 -0.023896013 -5.2177772e-07)
(-0.0021737204 -0.022904792 -4.8835135e-07)
(-0.0018951787 -0.02171397 -4.5980647e-07)
(-0.0016435299 -0.020409314 -4.338683e-07)
(-0.0014107949 -0.018973714 -4.099824e-07)
(-0.0012012844 -0.017477644 -3.8811791e-07)
(-0.0010169058 -0.015974105 -3.6807988e-07)
(-0.00085612897 -0.014498213 -3.4933655e-07)
(-0.0007177817 -0.013082703 -3.3146886e-07)
(-0.0005963573 -0.011765081 -3.1436281e-07)
(-0.0004905562 -0.010574575 -2.9745109e-07)
(-0.00039897465 -0.0095156999 -2.802109e-07)
(-0.00031969532 -0.0085901912 -2.6201488e-07)
(-0.00025066617 -0.0077986614 -2.4199856e-07)
(-0.0001897263 -0.0071406808 -2.1897546e-07)
(-0.00013474877 -0.0066127942 -1.9172019e-07)
(-8.3330684e-05 -0.0061744192 -1.548437e-07)
(-3.2639118e-05 -0.0058769836 -9.939088e-08)
(-0.0011816219 -0.0039772669 -4.2591444e-07)
(-0.0013254686 -0.0049068609 -4.9535893e-07)
(-0.0014705645 -0.0058215585 -5.2249304e-07)
(-0.0015974377 -0.0067401398 -5.2318762e-07)
(-0.0016614938 -0.0076803288 -5.0920459e-07)
(-0.0016807756 -0.0087768649 -4.8773581e-07)
(-0.0016548718 -0.0099502888 -4.6144788e-07)
(-0.0015923397 -0.010959044 -4.3485642e-07)
(-0.0015048328 -0.011799812 -4.0981964e-07)
(-0.0014035584 -0.012476926 -3.8702526e-07)
(-0.0012988107 -0.013012291 -3.6603154e-07)
(-0.0011921561 -0.013408168 -3.4654762e-07)
(-0.0010851126 -0.013672771 -3.284093e-07)
(-0.00097953849 -0.013787976 -3.1177485e-07)
(-0.00087657692 -0.013779169 -2.9576257e-07)
(-0.00077577202 -0.013687619 -2.8043211e-07)
(-0.00068002279 -0.013538062 -2.6512868e-07)
(-0.00058819303 -0.013344976 -2.4955298e-07)
(-0.00049955535 -0.013117243 -2.3321404e-07)
(-0.00041385859 -0.012861765 -2.1548551e-07)
(-0.00033097105 -0.012584108 -1.9542275e-07)
(-0.00025084314 -0.012289659 -1.7162845e-07)
(-0.00017359165 -0.011981704 -1.420549e-07)
(-9.9625336e-05 -0.011622405 -1.0243127e-07)
(-3.0804398e-05 -0.011170491 -5.196458e-08)
(2.0193325e-05 -0.00080460872 -3.2364825e-07)
(-3.5731921e-05 -0.001137492 -3.7887492e-07)
(-0.0001087175 -0.001523101 -4.0728446e-07)
(-0.00021868122 -0.0019343883 -4.1605335e-07)
(-0.00032712292 -0.0023513607 -4.1190934e-07)
(-0.00042843973 -0.0028058194 -3.9985612e-07)
(-0.00050226529 -0.0032893984 -3.8313764e-07)
(-0.00054867409 -0.0037501606 -3.6460736e-07)
(-0.00057307869 -0.0041724593 -3.4598439e-07)
(-0.00058089931 -0.0045530927 -3.2810422e-07)
(-0.00056993422 -0.0048946279 -3.11152e-07)
(-0.00054828988 -0.005197724 -2.9512428e-07)
(-0.00051903981 -0.0054768151 -2.7996837e-07)
(-0.00048437066 -0.0057600083 -2.6562638e-07)
(-0.00044592005 -0.006040444 -2.517702e-07)
(-0.00040432414 -0.006281168 -2.3818781e-07)
(-0.00036101668 -0.0064738371 -2.2449613e-07)
(-0.00031664847 -0.0066165506 -2.1032524e-07)
(-0.00027163989 -0.0067090592 -1.9520348e-07)
(-0.00022640267 -0.0067509966 -1.7868479e-07)
(-0.00018133501 -0.0067433895 -1.5996733e-07)
(-0.0001369128 -0.006689344 -1.3765555e-07)
(-9.3714716e-05 -0.0065934223 -1.1045999e-07)
(-5.2368133e-05 -0.0064376371 -7.6077286e-08)
(-1.4434581e-05 -0.0061485764 -3.4989663e-08)
(0.00018030001 3.4352549e-05 -2.5311687e-07)
(0.00018614457 6.1217368e-05 -2.9459356e-07)
(0.00018346437 3.4546654e-05 -3.1963801e-07)
(0.00017456925 -3.9545631e-05 -3.3098312e-07)
(0.00013688198 -0.00015193578 -3.3217469e-07)
(9.5458104e-05 -0.00028885023 -3.2640475e-07)
(4.9015506e-05 -0.000442508 -3.162024e-07)
(2.9587689e-06 -0.0006072284 -3.0361677e-07)
(-3.8616065e-05 -0.00077596607 -2.9006278e-07)
(-7.3397137e-05 -0.00093519251 -2.7637833e-07)
(-9.5653516e-05 -0.0010831624 -2.6296314e-07)
(-0.00010964778 -0.0012198065 -2.4998065e-07)
(-0.00011679839 -0.0013415769 -2.374694e-07)
(-0.00011824441 -0.0014503913 -2.2538075e-07)
(-0.00011495728 -0.0015457082 -2.1354788e-07)
(-0.00010805486 -0.0016249963 -2.0176761e-07)
(-9.903045e-05 -0.0016891268 -1.8976482e-07)
(-8.8548379e-05 -0.0017384229 -1.7722585e-07)
(-7.7140464e-05 -0.0017729589 -1.6377971e-07)
(-6.5138409e-05 -0.001792701 -1.4901669e-07)
(-5.2820205e-05 -0.0017978437 -1.3242799e-07)
(-4.0465678e-05 -0.0017890652 -1.1329196e-07)
(-2.8272423e-05 -0.0017689715 -9.082776e-08)
(-1.6253444e-05 -0.001736621 -6.419517e-08)
(-4.4474521e-06 -0.0016500323 -3.1991258e-08)
(0.00012320361 0.00022414059 -2.0006674e-07)
(0.00015160495 0.000311661 -2.3054191e-07)
(0.00016640878 0.00039234842 -2.5096459e-07)
(0.00017089461 0.00044488236 -2.6215181e-07)
(0.00016373875 0.00046797188 -2.6579231e-07)
(0.00014834199 0.00047304304 -2.6379884e-07)
(0.00012654528 0.00046421922 -2.5791531e-07)
(0.00010235194 0.00043867749 -2.4960363e-07)
(7.9322577e-05 0.00039561387 -2.3996335e-07)
(6.0060154e-05 0.00034361405 -2.2972565e-07)
(4.0370157e-05 0.00029524629 -2.1932815e-07)
(2.4335978e-05 0.00025191693 -2.0900291e-07)
(1.2281614e-05 0.00021344285 -1.988446e-07)
(3.5152509e-06 0.00018161418 -1.88847e-07)
(-2.7549434e-06 0.0001545404 -1.789168e-07)
(-7.0308261e-06 0.00013217078 -1.6890288e-07)
(-9.270587e-06 0.00011394227 -1.5860232e-07)
(-1.0227528e-05 9.9504962e-05 -1.4777626e-07)
(-1.0222394e-05 8.830291e-05 -1.3615623e-07)
(-9.5455102e-06 7.9949837e-05 -1.2345827e-07)
(-8.4526369e-06 7.3141865e-05 -1.0940538e-07)
(-7.0771504e-06 6.7394834e-05 -9.3771699e-08)
(-5.4858301e-06 6.316225e-05 -7.6638452e-08)
(-3.6186961e-06 5.8531223e-05 -5.8986134e-08)
(-1.1940103e-06 5.6174914e-05 -4.3860791e-08)
(3.9008982e-05 0.00015688521 -1.5723393e-07)
(7.3630156e-05 0.00021818133 -1.7990691e-07)
(9.6828917e-05 0.00028000943 -1.9612355e-07)
(0.00011288006 0.00034206134 -2.0603952e-07)
(0.00011938382 0.00039642658 -2.1047804e-07)
(0.00011742349 0.00043770627 -2.1055825e-07)
(0.00010845715 0.00046345734 -2.0741191e-07)
(9.4775369e-05 0.00047398212 -2.0205663e-07)
(7.8996062e-05 0.00047286063 -1.953112e-07)
(6.2994898e-05 0.00046496186 -1.8778111e-07)
(4.7525104e-05 0.00045261817 -1.7986234e-07)
(3.364523e-05 0.00043731682 -1.717904e-07)
(2.1712421e-05 0.00042129148 -1.6368117e-07)
(1.2115941e-05 0.00040351529 -1.5555824e-07)
(4.7048779e-06 0.00038529893 -1.4737228e-07)
(-8.0652449e-07 0.00036949168 -1.3901965e-07)
(-4.6255181e-06 0.00035598072 -1.3035541e-07)
(-6.9187922e-06 0.00034432493 -1.2120791e-07)
(-7.9179483e-06 0.00033395526 -1.1139501e-07)
(-7.9540015e-06 0.00032442729 -1.007496e-07)
(-7.3234825e-06 0.00031538167 -8.9165694e-08)
(-6.2062919e-06 0.00030663202 -7.6680856e-08)
(-4.7313041e-06 0.00029808243 -6.3723216e-08)
(-3.0035635e-06 0.00028872611 -5.1560198e-08)
(-1.0277424e-06 0.00027435009 -4.3060664e-08)
(-2.1299463e-05 2.1783183e-05 -1.2171044e-07)
(6.964844e-06 4.9140847e-05 -1.3868658e-07)
(3.3449585e-05 7.8877019e-05 -1.5143064e-07)
(5.2957527e-05 0.00011429568 -1.598329e-07)
(6.6894141e-05 0.00015120253 -1.6430627e-07)
(7.4476129e-05 0.00018311586 -1.6547268e-07)
(7.6021605e-05 0.00020653123 -1.6405281e-07)
(7.2456609e-05 0.00022125492 -1.607415e-07)
(6.5193586e-05 0.00022669996 -1.5613629e-07)
(5.5629123e-05 0.00022517661 -1.5070411e-07)
(4.4964694e-05 0.00021901508 -1.4477787e-07)
(3.4126246e-05 0.00020793436 -1.38573e-07)
(2.3589645e-05 0.00019468495 -1.3220718e-07)
(1.441785e-05 0.00018047865 -1.2572044e-07)
(7.4470996e-06 0.00016561389 -1.1909174e-07)
(2.3460318e-06 0.00015067071 -1.1225395e-07)
(-1.4088012e-06 0.00013626581 -1.0510741e-07)
(-3.880545e-06 0.0001233539 -9.7534487e-08)
(-5.3060951e-06 0.00011188508 -8.9417421e-08)
(-5.8836186e-06 0.00010194762 -8.0663589e-08)
(-5.7072993e-06 9.3638144e-05 -7.1244159e-08)
(-5.0059695e-06 8.6967703e-05 -6.1262865e-08)
(-3.8820897e-06 8.1591833e-05 -5.1085576e-08)
(-2.4826996e-06 7.9434737e-05 -4.1567734e-08)
(-9.2926779e-07 7.4719564e-05 -3.3779357e-08)
(-3.2540788e-05 -6.8796423e-05 -9.2756023e-08)
(-1.8161644e-05 -5.9495088e-05 -1.0557531e-07)
(1.7075613e-06 -4.6364518e-05 -1.1550427e-07)
(1.9898622e-05 -3.3141613e-05 -1.2240775e-07)
(3.4422492e-05 -1.97521e-05 -1.2645222e-07)
(4.5072356e-05 -4.7122223e-06 -1.2802297e-07)
(5.15952e-05 8.2929078e-06 -1.2758605e-07)
(5.4213193e-05 1.8539232e-05 -1.2560967e-07)
(5.3438889e-05 2.6598722e-05 -1.2251557e-07)
(4.9733406e-05 2.876852e-05 -1.1865183e-07)
(4.4058445e-05 2.3365336e-05 -1.1428189e-07)
(3.7337829e-05 1.4871257e-05 -1.0958507e-07)
(3.0407149e-05 5.0243443e-06 -1.0466785e-07)
(2.3660125e-05 -6.0169552e-06 -9.9575402e-08)
(1.7458444e-05 -1.7240241e-05 -9.4303827e-08)
(1.2047595e-05 -2.8070313e-05 -8.8812114e-08)
(7.8068823e-06 -3.8679832e-05 -8.3034112e-08)
(4.5020673e-06 -4.8893752e-05 -7.6891249e-08)
(2.0305759e-06 -5.8015114e-05 -7.0307303e-08)
(3.204892e-07 -6.5919896e-05 -6.3225961e-08)
(-7.1697587e-07 -7.250997e-05 -5.5630601e-08)
(-1.1325663e-06 -7.7512302e-05 -4.7561353e-08)
(-1.1037027e-06 -8.1293133e-05 -3.9102919e-08)
(-7.8450959e-07 -7.6667008e-05 -3.0250913e-08)
(-3.0294862e-07 -8.1080323e-05 -1.9921775e-08)
(-2.4637545e-05 -8.9157043e-05 -6.9584369e-08)
(-1.4035367e-05 -8.6830867e-05 -7.9206599e-08)
(-2.1331798e-06 -8.2551102e-05 -8.6821755e-08)
(1.1637235e-05 -7.712238e-05 -9.2315894e-08)
(2.3148764e-05 -7.2134631e-05 -9.577136e-08)
(3.2700277e-05 -6.6592493e-05 -9.7399855e-08)
(3.9890762e-05 -5.9703906e-05 -9.7489104e-08)
(4.4515602e-05 -5.3611992e-05 -9.6357405e-08)
(4.6676827e-05 -4.8990067e-05 -9.4304903e-08)
(4.657587e-05 -4.5991754e-05 -9.1586111e-08)
(4.4571034e-05 -4.4616175e-05 -8.8400474e-08)
(4.1258908e-05 -4.6926976e-05 -8.4890932e-08)
(3.7218387e-05 -5.3149817e-05 -8.1147505e-08)
(3.2732406e-05 -6.0596797e-05 -7.7213648e-08)
(2.7940711e-05 -6.7938208e-05 -7.3094959e-08)
(2.3286369e-05 -7.5162773e-05 -6.8768198e-08)
(1.8814644e-05 -8.2394372e-05 -6.4190772e-08)
(1.4790042e-05 -8.9344935e-05 -5.9310571e-08)
(1.1314938e-05 -9.5535721e-05 -5.4076522e-08)
(8.4271074e-06 -0.00010066178 -4.8448059e-08)
(6.0610569e-06 -0.00010441096 -4.2399387e-08)
(4.231392e-06 -0.00010681594 -3.5907683e-08)
(2.8006159e-06 -0.00010842639 -2.8892457e-08)
(1.6240608e-06 -0.00010244498 -2.1022563e-08)
(5.5711855e-07 -0.00010282826 -1.1247883e-08)
(-1.4199652e-05 -6.6523877e-05 -5.1400429e-08)
(-5.4027696e-06 -6.5947892e-05 -5.851159e-08)
(2.9034596e-06 -6.5026148e-05 -6.4230029e-08)
(1.1223661e-05 -6.413349e-05 -6.8466691e-08)
(1.9988401e-05 -6.0995382e-05 -7.125395e-08)
(2.7847269e-05 -5.5655521e-05 -7.2715133e-08)
(3.4397293e-05 -4.9967335e-05 -7.3032963e-08)
(3.9414417e-05 -4.5045661e-05 -7.2415567e-08)
(4.2690191e-05 -4.1085107e-05 -7.1067787e-08)
(4.4243413e-05 -3.7631486e-05 -6.9171496e-08)
(4.4220069e-05 -3.529467e-05 -6.6874992e-08)
(4.2895458e-05 -3.4690147e-05 -6.4288316e-08)
(4.0586381e-05 -3.5330285e-05 -6.1482946e-08)
(3.7490975e-05 -3.7262145e-05 -5.8497634e-08)
(3.3870263e-05 -4.0593269e-05 -5.5342202e-08)
(2.9970254e-05 -4.454524e-05 -5.2005165e-08)
(2.5955978e-05 -4.8770543e-05 -4.845971e-08)
(2.2000725e-05 -5.3072601e-05 -4.4671625e-08)
(1.8228914e-05 -5.7025053e-05 -4.0605788e-08)
(1.4711851e-05 -6.0364117e-05 -3.6230376e-08)
(1.1507065e-05 -6.2926946e-05 -3.1516186e-08)
(8.5643915e-06 -6.4571577e-05 -2.6421373e-08)
(5.9030105e-06 -6.6002463e-05 -2.085086e-08)
(3.3979917e-06 -6.0554876e-05 -1.4567733e-08)
(9.8681667e-07 -6.2196936e-05 -7.0943055e-09)
(-5.3728062e-06 -3.6120274e-05 -3.7327521e-08)
(8.1599296e-07 -3.5646396e-05 -4.2473093e-08)
(6.0518527e-06 -3.4577605e-05 -4.6662223e-08)
(1.191546e-05 -3.3021223e-05 -4.9827432e-08)
(1.8380775e-05 -2.9913739e-05 -5.1975753e-08)
(2.4703009e-05 -2.4920438e-05 -5.3178114e-08)
(3.0409039e-05 -1.9366803e-05 -5.3548202e-08)
(3.5130173e-05 -1.4307356e-05 -5.3220749e-08)
(3.8663052e-05 -9.4428411e-06 -5.2335507e-08)
(4.0921394e-05 -4.8654893e-06 -5.1019308e-08)
(4.1927434e-05 -1.0046623e-06 -4.9378936e-08)
(4.1779137e-05 1.9815974e-06 -4.7496055e-08)
(4.0603116e-05 3.979171e-06 -4.5426238e-08)
(3.8553904e-05 4.8178292e-06 -4.3201583e-08)
(3.5814295e-05 4.4765394e-06 -4.0834038e-08)
(3.2599778e-05 3.1179326e-06 -3.8318168e-08)
(2.9095508e-05 1.2311006e-06 -3.5638411e-08)
(2.5429338e-05 -8.6976658e-07 -3.2772463e-08)
(2.1718924e-05 -3.1115479e-06 -2.9696393e-08)
(1.8048695e-05 -5.2834372e-06 -2.6386564e-08)
(1.4460434e-05 -7.211459e-06 -2.281852e-08)
(1.0978905e-05 -8.7406441e-06 -1.8959302e-08)
(7.6405982e-06 -1.0862767e-05 -1.4753808e-08)
(4.4249965e-06 -6.1756403e-06 -1.0115087e-08)
(1.3613392e-06 -1.0652161e-05 -4.9572669e-09)
(-4.0222924e-08 -1.3936995e-05 -2.6568569e-08)
(3.9219092e-06 -1.4120203e-05 -3.0202751e-08)
(7.3527237e-06 -1.2712218e-05 -3.31879e-08)
(1.1639336e-05 -9.6121417e-06 -3.5474307e-08)
(1.6367313e-05 -5.8166766e-06 -3.7059569e-08)
(2.1254336e-05 -1.467821e-06 -3.7983428e-08)
(2.5969195e-05 3.2580534e-06 -3.8314629e-08)
(3.0095795e-05 8.7899317e-06 -3.8141604e-08)
(3.3475799e-05 1.4418608e-05 -3.7556017e-08)
(3.5955669e-05 1.9712176e-05 -3.6645907e-08)
(3.747357e-05 2.4536948e-05 -3.5485659e-08)
(3.8033118e-05 2.8797395e-05 -3.4134496e-08)
(3.7677299e-05 3.2211809e-05 -3.263509e-08)
(3.649282e-05 3.4667447e-05 -3.101227e-08)
(3.4591338e-05 3.6222213e-05 -2.92768e-08)
(3.2116817e-05 3.686264e-05 -2.7428369e-08)
(2.9210701e-05 3.6829742e-05 -2.5457875e-08)
(2.5995964e-05 3.6269644e-05 -2.3351769e-08)
(2.2574134e-05 3.5277043e-05 -2.1094122e-08)
(1.9032881e-05 3.4033019e-05 -1.8668869e-08)
(1.5439527e-05 3.2671851e-05 -1.6059722e-08)
(1.1838612e-05 3.1304704e-05 -1.3248885e-08)
(8.2654324e-06 2.8791457e-05 -1.021788e-08)
(4.8341664e-06 3.3287769e-05 -6.9649887e-09)
(1.5848604e-06 2.7109783e-05 -3.5619333e-09)
(2.1769472e-06 -3.725736e-06 -1.8469308e-08)
(4.1480673e-06 -3.4100236e-06 -2.0972111e-08)
(7.0309666e-06 -1.6852647e-06 -2.3040155e-08)
(9.934083e-06 1.4660715e-06 -2.4639069e-08)
(1.3425282e-05 4.9462175e-06 -2.5763243e-08)
(1.7192467e-05 8.6914803e-06 -2.6433988e-08)
(2.0965556e-05 1.3077118e-05 -2.6694089e-08)
(2.4478198e-05 1.8184946e-05 -2.6598789e-08)
(2.7536448e-05 2.3619783e-05 -2.6208073e-08)
(2.9982632e-05 2.8987399e-05 -2.5580756e-08)
(3.1715802e-05 3.4086943e-05 -2.4769083e-08)
(3.2689388e-05 3.8789202e-05 -2.3814931e-08)
(3.2900241e-05 4.2891993e-05 -2.274911e-08)
(3.2383654e-05 4.6330435e-05 -2.1591185e-08)
(3.1196913e-05 4.8993459e-05 -2.0350754e-08)
(2.9426341e-05 5.0936462e-05 -1.9029306e-08)
(2.7166044e-05 5.2211848e-05 -1.7622479e-08)
(2.4512417e-05 5.2818155e-05 -1.6122159e-08)
(2.1554422e-05 5.2880958e-05 -1.4518621e-08)
(1.8375537e-05 5.2484055e-05 -1.2801848e-08)
(1.5050368e-05 5.1732278e-05 -1.0962707e-08)
(1.1638054e-05 5.075429e-05 -8.9944181e-09)
(8.1870248e-06 4.8191007e-05 -6.8973473e-09)
(4.8124953e-06 5.2442765e-05 -4.6950097e-09)
(1.5497801e-06 4.5825046e-05 -2.4483958e-09)
(2.6927728e-06 -4.1852412e-07 -1.2501285e-08)
(3.5451052e-06 3.3841367e-07 -1.4180595e-08)
(5.4749018e-06 1.8519045e-06 -1.5573189e-08)
(7.4722838e-06 4.1499572e-06 -1.6655426e-08)
(1.0088719e-05 7.2086332e-06 -1.7422158e-08)
(1.2998996e-05 1.042788e-05 -1.7885355e-08)
(1.6007233e-05 1.4260413e-05 -1.8070372e-08)
(1.8938211e-05 1.8725172e-05 -1.8011773e-08)
(2.1603523e-05 2.3481905e-05 -1.774891e-08)
(2.3864648e-05 2.8407277e-05 -1.7320319e-08)
(2.5620586e-05 3.3307871e-05 -1.6761027e-08)
(2.679717e-05 3.7940963e-05 -1.6100247e-08)
(2.7364321e-05 4.214997e-05 -1.535969e-08)
(2.7318884e-05 4.5888765e-05 -1.4554087e-08)
(2.6684472e-05 4.9110739e-05 -1.3691441e-08)
(2.5507807e-05 5.1782433e-05 -1.2774136e-08)
(2.3843561e-05 5.3843654e-05 -1.1800569e-08)
(2.176156e-05 5.5280429e-05 -1.076636e-08)
(1.9334607e-05 5.6150944e-05 -9.6658996e-09)
(1.6635839e-05 5.6463926e-05 -8.4935072e-09)
(1.3736042e-05 5.6327724e-05 -7.2446734e-09)
(1.0703052e-05 5.5954797e-05 -5.9179698e-09)
(7.5998788e-06 5.3433833e-05 -4.5188825e-09)
(4.4815057e-06 5.7256942e-05 -3.0687966e-09)
(1.4033317e-06 5.1242587e-05 -1.602395e-09)
(2.4113902e-06 5.3782789e-07 -8.224923e-09)
(2.6395118e-06 1.2613094e-06 -9.3222897e-09)
(3.4662206e-06 2.491971e-06 -1.0233592e-08)
(5.1479487e-06 4.4208027e-06 -1.0943524e-08)
(6.9695853e-06 6.7872058e-06 -1.144784e-08)
(9.1532037e-06 9.1927371e-06 -1.1753125e-08)
(1.1506641e-05 1.2352405e-05 -1.1874958e-08)
(1.3886548e-05 1.6182105e-05 -1.1834785e-08)
(1.6136935e-05 2.031571e-05 -1.1657188e-08)
(1.81344e-05 2.4578117e-05 -1.1367511e-08)
(1.9782047e-05 2.8926616e-05 -1.0988965e-08)
(2.100594e-05 3.3214832e-05 -1.0540871e-08)
(2.1760492e-05 3.7227119e-05 -1.0038722e-08)
(2.2018235e-05 4.0943768e-05 -9.4930657e-09)
(2.1781371e-05 4.4274091e-05 -8.9100195e-09)
(2.1069251e-05 4.7144229e-05 -8.2923222e-09)
(1.9912338e-05 4.9535767e-05 -7.6397181e-09)
(1.8357162e-05 5.1434854e-05 -6.9502117e-09)
(1.6458672e-05 5.282487e-05 -6.220786e-09)
(1.4275342e-05 5.3632049e-05 -5.4483713e-09)
(1.1869647e-05 5.3986066e-05 -4.6309322e-09)
(9.3044543e-06 5.4393208e-05 -3.7688382e-09)
(6.6439295e-06 5.1989374e-05 -2.8669438e-09)
(3.9478616e-06 5.5118418e-05 -1.938913e-09)
(1.2706924e-06 5.0260591e-05 -1.0070427e-09)
(1.7349767e-06 1.4170902e-06 -5.2589159e-09)
(1.5945159e-06 2.0861042e-06 -5.9570105e-09)
(1.9497771e-06 3.0918047e-06 -6.5367862e-09)
(2.9643797e-06 4.3759757e-06 -6.9885648e-09)
(4.2303605e-06 6.2752721e-06 -7.3093568e-09)
(5.7850819e-06 8.4030206e-06 -7.5027125e-09)
(7.5691817e-06 1.0853169e-05 -7.5779051e-09)
(9.4382112e-06 1.4028959e-05 -7.5482483e-09)
(1.1274664e-05 1.7548258e-05 -7.4291264e-09)
(1.2974438e-05 2.1233682e-05 -7.2365053e-09)
(1.4444309e-05 2.5026456e-05 -6.9854499e-09)
(1.5614514e-05 2.8778089e-05 -6.6889109e-09)
(1.6434202e-05 3.2455272e-05 -6.3570732e-09)
(1.6871149e-05 3.5947009e-05 -5.9973747e-09)
(1.6910366e-05 3.9074558e-05 -5.6145524e-09)
(1.6549822e-05 4.190268e-05 -5.2108967e-09)
(1.580789e-05 4.4382761e-05 -4.7869027e-09)
(1.4713322e-05 4.641075e-05 -4.3417807e-09)
(1.3304441e-05 4.7979847e-05 -3.8740336e-09)
(1.1624897e-05 4.9077368e-05 -3.3821501e-09)
(9.7272172e-06 4.9716896e-05 -2.8652708e-09)
(7.6649358e-06 5.0145622e-05 -2.323999e-09)
(5.4947779e-06 4.8273051e-05 -1.7613499e-09)
(3.2931652e-06 5.1877685e-05 -1.1844655e-09)
(1.1020986e-06 4.6773432e-05 -6.0802434e-10)
(7.5303659e-07 2.5587266e-06 -3.2710793e-09)
(3.6778621e-07 3.2472201e-06 -3.7031221e-09)
(3.7574939e-07 4.0908678e-06 -4.0617546e-09)
(7.9499119e-07 5.2156651e-06 -4.340883e-09)
(1.7119954e-06 6.7542264e-06 -4.5385163e-09)
(2.8159821e-06 8.4962228e-06 -4.6566026e-09)
(4.1191772e-06 1.0623995e-05 -4.7005357e-09)
(5.5364679e-06 1.3278118e-05 -4.6783574e-09)
(6.9909207e-06 1.6214113e-05 -4.5995777e-09)
(8.3922505e-06 1.9309375e-05 -4.4741377e-09)
(9.6609168e-06 2.2543334e-05 -4.3114857e-09)
(1.0730616e-05 2.5823985e-05 -4.1200639e-09)
(1.1546201e-05 2.9008374e-05 -3.9065509e-09)
(1.2076584e-05 3.2072059e-05 -3.6759884e-09)
(1.2300704e-05 3.5035241e-05 -3.4317086e-09)
(1.2207553e-05 3.7750685e-05 -3.1755684e-09)
(1.1803572e-05 4.0085069e-05 -2.9082362e-09)
(1.1104841e-05 4.2023634e-05 -2.6295325e-09)
(1.0133424e-05 4.3584498e-05 -2.338819e-09)
(8.9246981e-06 4.4739064e-05 -2.035372e-09)
(7.518287e-06 4.5425457e-05 -1.7188359e-09)
(5.9608912e-06 4.58233e-05 -1.3896789e-09)
(4.3017588e-06 4.4320701e-05 -1.0495694e-09)
(2.5820196e-06 4.8625944e-05 -7.02132e-10)
(8.5423414e-07 4.2953627e-05 -3.5442457e-10)
(-5.0348668e-07 3.7051557e-06 -1.9827344e-09)
(-1.0343207e-06 4.5023566e-06 -2.2425224e-09)
(-1.2474428e-06 5.4365579e-06 -2.4580994e-09)
(-1.1210865e-06 6.4837319e-06 -2.6255562e-09)
(-6.4067761e-07 7.7614014e-06 -2.7435674e-09)
(1.1860772e-07 9.3090087e-06 -2.8132332e-09)
(1.0364185e-06 1.1304847e-05 -2.8376274e-09)
(2.0983106e-06 1.3511701e-05 -2.821459e-09)
(3.2246216e-06 1.5765449e-05 -2.7704494e-09)
(4.3521686e-06 1.8238425e-05 -2.6906718e-09)
(5.4256063e-06 2.0859363e-05 -2.5879912e-09)
(6.3762574e-06 2.3629346e-05 -2.4676226e-09)
(7.1563269e-06 2.6476637e-05 -2.3339103e-09)
(7.7321368e-06 2.9221472e-05 -2.190133e-09)
(8.0818155e-06 3.1815957e-05 -2.0385638e-09)
(8.1941699e-06 3.4252949e-05 -1.8805713e-09)
(8.0677545e-06 3.6418713e-05 -1.7167724e-09)
(7.7049888e-06 3.825245e-05 -1.5472413e-09)
(7.1196019e-06 3.9731509e-05 -1.3717456e-09)
(6.3371497e-06 4.0792966e-05 -1.1899675e-09)
(5.3868976e-06 4.1441893e-05 -1.0017748e-09)
(4.3037726e-06 4.1881142e-05 -8.0746322e-10)
(3.1238829e-06 4.0591764e-05 -6.079338e-10)
(1.8730263e-06 4.5085927e-05 -4.052371e-10)
(6.0334888e-07 3.9321707e-05 -2.0290612e-10)
(-1.9825284e-06 4.4690667e-06 -1.1733193e-09)
(-2.5796089e-06 5.4840771e-06 -1.3246796e-09)
(-2.9408957e-06 6.4427726e-06 -1.4503492e-09)
(-3.028711e-06 7.4535379e-06 -1.5478438e-09)
(-2.8351292e-06 8.6033446e-06 -1.6161829e-09)
(-2.3775049e-06 1.0073396e-05 -1.6558669e-09)
(-1.7296153e-06 1.1582963e-05 -1.6687093e-09)
(-9.3357175e-07 1.329931e-05 -1.6573877e-09)
(-5.8963234e-08 1.5345326e-05 -1.6252129e-09)
(8.1681605e-07 1.7450478e-05 -1.5757983e-09)
(1.7249857e-06 1.9665827e-05 -1.512678e-09)
(2.5565306e-06 2.1974573e-05 -1.4390359e-09)
(3.2863364e-06 2.4340369e-05 -1.3575547e-09)
(3.8871235e-06 2.6675417e-05 -1.2703252e-09)
(4.3294517e-06 2.8918026e-05 -1.1788363e-09)
(4.6009747e-06 3.0964562e-05 -1.0840275e-09)
(4.6983009e-06 3.2824685e-05 -9.8638831e-10)
(4.6183992e-06 3.4483003e-05 -8.8606781e-10)
(4.3682129e-06 3.5825523e-05 -7.830072e-10)
(3.9606877e-06 3.6813623e-05 -6.7708315e-10)
(3.416308e-06 3.7429333e-05 -5.6825368e-10)
(2.7591509e-06 3.7927139e-05 -4.5669272e-10)
(2.0143143e-06 3.6736792e-05 -3.4284899e-10)
(1.2082412e-06 4.1115943e-05 -2.2792464e-10)
(3.8147788e-07 3.5587833e-05 -1.1350007e-10)
(-3.600688e-06 4.9771958e-06 -6.787916e-10)
(-4.2207248e-06 5.6094792e-06 -7.6384782e-10)
(-4.6698297e-06 6.6435753e-06 -8.3464974e-10)
(-4.8931808e-06 7.7395006e-06 -8.8957845e-10)
(-4.8800032e-06 8.8217734e-06 -9.2787074e-10)
(-4.6379002e-06 1.0146317e-05 -9.4971521e-10)
(-4.189786e-06 1.1453859e-05 -9.5606328e-10)
(-3.601365e-06 1.273934e-05 -9.4844667e-10)
(-2.904982e-06 1.4383077e-05 -9.2874976e-10)
(-2.1382127e-06 1.6276643e-05 -8.9901691e-10)
(-1.4243812e-06 1.8184386e-05 -8.6130905e-10)
(-7.1903759e-07 2.0084129e-05 -8.1751727e-10)
(-4.7698559e-08 2.203578e-05 -7.6925207e-10)
(5.6713798e-07 2.3969008e-05 -7.1778847e-10)
(1.0790649e-06 2.5819187e-05 -6.6406442e-10)
(1.4761557e-06 2.7533054e-05 -6.0870227e-10)
(1.7523094e-06 2.9104465e-05 -5.5205588e-10)
(1.908537e-06 3.0487853e-05 -4.9426724e-10)
(1.9399789e-06 3.1624438e-05 -4.3534741e-10)
(1.8525497e-06 3.2490515e-05 -3.7525767e-10)
(1.6587542e-06 3.3037984e-05 -3.139891e-10)
(1.3741362e-06 3.3517401e-05 -2.5164167e-10)
(1.0182328e-06 3.2402232e-05 -1.8842641e-10)
(6.1354832e-07 3.6596166e-05 -1.2509991e-10)
(1.8749614e-07 3.1355986e-05 -6.2153571e-11)
(-5.2619735e-06 5.0395015e-06 -3.8411411e-10)
(-5.8812183e-06 5.7181844e-06 -4.2985695e-10)
(-6.3615848e-06 6.5886369e-06 -4.6809594e-10)
(-6.6621849e-06 7.5739821e-06 -4.9782207e-10)
(-6.7609891e-06 8.5562973e-06 -5.1848674e-10)
(-6.657852e-06 9.6197153e-06 -5.3006363e-10)
(-6.3712455e-06 1.072987e-05 -5.329921e-10)
(-5.9392122e-06 1.1828115e-05 -5.2808634e-10)
(-5.3904816e-06 1.302607e-05 -5.163973e-10)
(-4.7385307e-06 1.4502086e-05 -4.9907111e-10)
(-4.1102319e-06 1.6107987e-05 -4.7724075e-10)
(-3.4485122e-06 1.7718826e-05 -4.5198322e-10)
(-2.800564e-06 1.9335773e-05 -4.2423815e-10)
(-2.202534e-06 2.0900642e-05 -3.9476246e-10)
(-1.6500287e-06 2.2394731e-05 -3.6412491e-10)
(-1.1658835e-06 2.3814594e-05 -3.3271465e-10)
(-7.4793724e-07 2.5117905e-05 -3.0076411e-10)
(-3.9261408e-07 2.6252406e-05 -2.6838608e-10)
(-1.2900436e-07 2.717781e-05 -2.3561456e-10)
(4.9013724e-08 2.788023e-05 -2.0244636e-10)
(1.4870547e-07 2.8302291e-05 -1.6888417e-10)
(1.8030919e-07 2.8709604e-05 -1.3498502e-10)
(1.5774612e-07 2.7643272e-05 -1.0083988e-10)
(1.0068977e-07 3.1702343e-05 -6.6955295e-11)
(2.2242562e-08 2.6820833e-05 -3.3187427e-11)
(-6.8637746e-06 4.7927845e-06 -2.1257818e-10)
(-7.4550957e-06 5.5095204e-06 -2.3558132e-10)
(-7.9364572e-06 6.1687073e-06 -2.5504947e-10)
(-8.27392e-06 6.9276544e-06 -2.7030994e-10)
(-8.440941e-06 7.8103087e-06 -2.8092999e-10)
(-8.4332798e-06 8.6285391e-06 -2.8678025e-10)
(-8.2633405e-06 9.5073107e-06 -2.8802178e-10)
(-7.9488952e-06 1.0516664e-05 -2.8504279e-10)
(-7.5162807e-06 1.1532666e-05 -2.7837369e-10)
(-7.0115377e-06 1.251239e-05 -2.6863179e-10)
(-6.394238e-06 1.3686502e-05 -2.5643384e-10)
(-5.7515442e-06 1.5057541e-05 -2.4236533e-10)
(-5.1090854e-06 1.6334171e-05 -2.2695051e-10)
(-4.4907618e-06 1.7566845e-05 -2.1062183e-10)
(-3.8761385e-06 1.8769376e-05 -1.9371175e-10)
(-3.277089e-06 1.989477e-05 -1.7645159e-10)
(-2.7293541e-06 2.0945113e-05 -1.5898757e-10)
(-2.2530644e-06 2.1848813e-05 -1.413995e-10)
(-1.8175842e-06 2.2575449e-05 -1.2372055e-10)
(-1.4297568e-06 2.3125933e-05 -1.0595919e-10)
(-1.0924326e-06 2.3454699e-05 -8.8125077e-11)
(-8.0382291e-07 2.37744e-05 -7.0251098e-11)
(-5.5798576e-07 2.2694692e-05 -5.235876e-11)
(-3.254891e-07 2.6551931e-05 -3.4813196e-11)
(-1.1137789e-07 2.2045927e-05 -1.7200099e-11)
(-8.3191289e-06 4.2876601e-06 -1.1496716e-10)
(-8.8677854e-06 4.9123627e-06 -1.2521003e-10)
(-9.3322521e-06 5.4466372e-06 -1.341584e-10)
(-9.6764651e-06 6.0484498e-06 -1.4136015e-10)
(-9.8782838e-06 6.7386841e-06 -1.4643072e-10)
(-9.928669e-06 7.3991615e-06 -1.491833e-10)
(-9.8333923e-06 8.1114392e-06 -1.4963685e-10)
(-9.6000783e-06 8.911835e-06 -1.4793547e-10)
(-9.2452398e-06 9.7399836e-06 -1.4432425e-10)
(-8.7878879e-06 1.0578153e-05 -1.3909879e-10)
(-8.2406215e-06 1.1399759e-05 -1.3257741e-10)
(-7.647137e-06 1.2238934e-05 -1.2507241e-10)
(-7.0153987e-06 1.3180948e-05 -1.1686372e-10)
(-6.3505802e-06 1.422452e-05 -1.0818364e-10)
(-5.6803469e-06 1.5205702e-05 -9.9214361e-11)
(-5.0076476e-06 1.6040191e-05 -9.0090284e-11)
(-4.3622842e-06 1.6788917e-05 -8.0901754e-11)
(-3.7616722e-06 1.7471198e-05 -7.1700854e-11)
(-3.1758135e-06 1.804627e-05 -6.2513163e-11)
(-2.6130449e-06 1.8464498e-05 -5.335019e-11)
(-2.0781655e-06 1.8700939e-05 -4.4224488e-11)
(-1.5730761e-06 1.897004e-05 -3.5159413e-11)
(-1.0946172e-06 1.7850062e-05 -2.6137637e-11)
(-6.4588998e-07 2.1368721e-05 -1.7448334e-11)
(-2.2309727e-07 1.7453233e-05 -8.5704577e-12)
(-9.5778378e-06 3.6291027e-06 -6.0838823e-11)
(-1.0073918e-05 4.1664863e-06 -6.4187754e-11)
(-1.0504836e-05 4.640535e-06 -6.7431906e-11)
(-1.0836009e-05 5.0517686e-06 -7.0202729e-11)
(-1.1046137e-05 5.5058348e-06 -7.2249538e-11)
(-1.1123918e-05 6.040341e-06 -7.335896e-11)
(-1.106819e-05 6.6171336e-06 -7.3447191e-11)
(-1.0884017e-05 7.2063985e-06 -7.2536491e-11)
(-1.0582952e-05 7.8138738e-06 -7.0708586e-11)
(-1.0175582e-05 8.44318e-06 -6.8088981e-11)
(-9.6723525e-06 9.0701272e-06 -6.4821729e-11)
(-9.0949157e-06 9.7085695e-06 -6.1056698e-11)
(-8.460902e-06 1.0377113e-05 -5.6935809e-11)
(-7.7858295e-06 1.1016263e-05 -5.2578573e-11)
(-7.0925008e-06 1.1648575e-05 -4.8079364e-11)
(-6.3939341e-06 1.2273152e-05 -4.3511641e-11)
(-5.6810765e-06 1.2867654e-05 -3.8927128e-11)
(-4.9512458e-06 1.3405101e-05 -3.435937e-11)
(-4.2361983e-06 1.3820367e-05 -2.9827782e-11)
(-3.5346382e-06 1.4122527e-05 -2.5343815e-11)
(-2.8475161e-06 1.4305789e-05 -2.0920956e-11)
(-2.1764742e-06 1.4594894e-05 -1.6576955e-11)
(-1.5211825e-06 1.3307983e-05 -1.2276882e-11)
(-9.0135428e-07 1.6184973e-05 -8.272794e-12)
(-3.0581507e-07 1.3249421e-05 -4.0120942e-12)
(-1.0610782e-05 2.9522484e-06 -3.1860919e-11)
(-1.1049298e-05 3.3662312e-06 -3.1551723e-11)
(-1.1436167e-05 3.7434721e-06 -3.1766304e-11)
(-1.1740438e-05 4.0562225e-06 -3.2176628e-11)
(-1.1940045e-05 4.3359197e-06 -3.2578077e-11)
(-1.2022227e-05 4.6208558e-06 -3.2798776e-11)
(-1.198176e-05 5.0282789e-06 -3.2702398e-11)
(-1.1822337e-05 5.4744528e-06 -3.223422e-11)
(-1.1550717e-05 5.8787891e-06 -3.1394657e-11)
(-1.1175397e-05 6.3138533e-06 -3.0214267e-11)
(-1.0705419e-05 6.7588596e-06 -2.8744449e-11)
(-1.0150736e-05 7.2097219e-06 -2.7043061e-11)
(-9.5254494e-06 7.6614145e-06 -2.5171003e-11)
(-8.8442887e-06 8.0952058e-06 -2.3183013e-11)
(-8.1220543e-06 8.5274033e-06 -2.1125495e-11)
(-7.3706661e-06 8.9546102e-06 -1.9035992e-11)
(-6.5951783e-06 9.3095689e-06 -1.6942209e-11)
(-5.802729e-06 9.6146432e-06 -1.4865185e-11)
(-5.0051982e-06 9.9029986e-06 -1.2819412e-11)
(-4.2072059e-06 1.013053e-05 -1.0815528e-11)
(-3.413001e-06 1.0271911e-05 -8.8668152e-12)
(-2.6274872e-06 1.0579319e-05 -6.9888956e-12)
(-1.856142e-06 9.2278684e-06 -5.1399407e-12)
(-1.0980545e-06 1.185893e-05 -3.5518011e-12)
(-3.5800561e-07 9.6276008e-06 -1.6872998e-12)
(-1.1405106e-05 2.2680292e-06 -1.69653e-11)
(-1.1785862e-05 2.5610336e-06 -1.4816884e-11)
(-1.2124304e-05 2.8297118e-06 -1.3472954e-11)
(-1.2393142e-05 3.04669e-06 -1.2655914e-11)
(-1.257069e-05 3.2397575e-06 -1.2188649e-11)
(-1.2642813e-05 3.3614907e-06 -1.1912534e-11)
(-1.2603008e-05 3.4588004e-06 -1.1686905e-11)
(-1.2451171e-05 3.6849447e-06 -1.1432446e-11)
(-1.2191145e-05 3.9809626e-06 -1.1100013e-11)
(-1.1829854e-05 4.2680621e-06 -1.0670074e-11)
(-1.1375598e-05 4.561477e-06 -1.0146095e-11)
(-1.0837019e-05 4.8482018e-06 -9.5357366e-12)
(-1.0223809e-05 5.1176938e-06 -8.8527885e-12)
(-9.5453592e-06 5.3849971e-06 -8.116516e-12)
(-8.8121421e-06 5.6475389e-06 -7.3467951e-12)
(-8.0359185e-06 5.8949334e-06 -6.5606973e-12)
(-7.2248413e-06 6.1068994e-06 -5.7720784e-12)
(-6.3860329e-06 6.2874162e-06 -4.9931186e-12)
(-5.5290678e-06 6.4487349e-06 -4.2345372e-12)
(-4.6614339e-06 6.5687013e-06 -3.5059329e-12)
(-3.7892703e-06 6.6148185e-06 -2.8197762e-12)
(-2.9182617e-06 6.7874696e-06 -2.1905865e-12)
(-2.0564669e-06 5.7551322e-06 -1.5772053e-12)
(-1.2175462e-06 8.6758469e-06 -1.1955439e-12)
(-4.0133777e-07 5.8187573e-06 -5.2444132e-13)
(-1.1958143e-05 1.5767014e-06 -9.6892991e-12)
(-1.2284085e-05 1.7533273e-06 -6.6940681e-12)
(-1.2574192e-05 1.8911597e-06 -4.5856818e-12)
(-1.280365e-05 2.0137197e-06 -3.1707399e-12)
(-1.2952916e-05 2.0952015e-06 -2.2628e-12)
(-1.3007575e-05 2.0699032e-06 -1.7084554e-12)
(-1.2959569e-05 2.0950216e-06 -1.3881217e-12)
(-1.2805421e-05 2.189543e-06 -1.2072877e-12)
(-1.2547321e-05 2.2308136e-06 -1.1022595e-12)
(-1.2190617e-05 2.3357532e-06 -1.031402e-12)
(-1.1741946e-05 2.5208631e-06 -9.707902e-13)
(-1.1210002e-05 2.6693094e-06 -9.0217169e-13)
(-1.0602636e-05 2.7818996e-06 -8.1437094e-13)
(-9.9275498e-06 2.9101037e-06 -7.0672055e-13)
(-9.1939058e-06 3.0389665e-06 -5.8423336e-13)
(-8.4099533e-06 3.1500731e-06 -4.5287972e-13)
(-7.5831847e-06 3.2499048e-06 -3.1888736e-13)
(-6.7206696e-06 3.3381521e-06 -1.8926281e-13)
(-5.8314265e-06 3.412069e-06 -7.1370395e-14)
(-4.9241246e-06 3.4585507e-06 2.6754068e-14)
(-4.0064717e-06 3.4467483e-06 9.3491175e-14)
(-3.0859882e-06 3.6022681e-06 1.1312507e-13)
(-2.1717353e-06 2.7623127e-06 1.3027797e-13)
(-1.2904017e-06 5.7439438e-06 -6.1604107e-14)
(-4.3056772e-07 2.8736652e-06 3.2602735e-14)
(-1.227968e-05 9.0927561e-07 -6.4469093e-12)
(-1.2552668e-05 9.7254382e-07 -3.1101737e-12)
(-1.2794791e-05 9.9878748e-07 -6.6705105e-13)
(-1.2984003e-05 9.9922453e-07 1.0427057e-12)
(-1.3102054e-05 9.7427506e-07 2.1737961e-12)
(-1.3135093e-05 9.0049223e-07 2.8742205e-12)
(-1.3073582e-05 8.0652462e-07 3.2660987e-12)
(-1.2913617e-05 7.7723748e-07 3.4377373e-12)
(-1.2654812e-05 7.8116304e-07 3.458066e-12)
(-1.2301144e-05 7.2083064e-07 3.381227e-12)
(-1.1856665e-05 6.1788592e-07 3.2445359e-12)
(-1.1329151e-05 6.1992122e-07 3.0743718e-12)
(-1.0725799e-05 6.6283677e-07 2.8912873e-12)
(-1.0054707e-05 6.9291653e-07 2.7074495e-12)
(-9.3238621e-06 7.2770678e-07 2.5277919e-12)
(-8.5400565e-06 7.31356e-07 2.3533916e-12)
(-7.7103306e-06 7.4251084e-07 2.1816714e-12)
(-6.8424805e-06 7.6044451e-07 2.0078974e-12)
(-5.9443786e-06 7.8036211e-07 1.8266273e-12)
(-5.0240745e-06 7.8905747e-07 1.6315468e-12)
(-4.0898568e-06 7.5190493e-07 1.4125731e-12)
(-3.1507399e-06 9.1853812e-07 1.1524398e-12)
(-2.216622e-06 1.77633e-07 8.994324e-13)
(-1.3176293e-06 3.0986676e-06 4.550435e-13)
(-4.4026242e-07 3.7519668e-07 2.8488217e-13)
(-1.2382956e-05 2.8726835e-07 -5.3223898e-12)
(-1.2606354e-05 2.465438e-07 -1.885225e-12)
(-1.2802488e-05 1.7457809e-07 6.8628586e-13)
(-1.2952155e-05 7.6262212e-08 2.5304728e-12)
(-1.3038167e-05 -4.1809628e-08 3.7859481e-12)
(-1.3047732e-05 -1.7961854e-07 4.5812882e-12)
(-1.297134e-05 -4.0341049e-07 5.0327316e-12)
(-1.2803331e-05 -5.5483003e-07 5.2285695e-12)
(-1.2544486e-05 -6.2122876e-07 5.2389888e-12)
(-1.2197213e-05 -7.5494048e-07 5.1226346e-12)
(-1.1759213e-05 -8.9821521e-07 4.923365e-12)
(-1.123943e-05 -1.0506042e-06 4.6728798e-12)
(-1.0644648e-05 -1.1602224e-06 4.3910355e-12)
(-9.9824986e-06 -1.2482425e-06 4.0939833e-12)
(-9.2601768e-06 -1.3281826e-06 3.7938562e-12)
(-8.4846691e-06 -1.3704809e-06 3.4946493e-12)
(-7.6631728e-06 -1.4139389e-06 3.1964493e-12)
(-6.8034538e-06 -1.4391309e-06 2.8970262e-12)
(-5.9129762e-06 -1.4475923e-06 2.5919122e-12)
(-4.9991961e-06 -1.4591679e-06 2.2756768e-12)
(-4.0698244e-06 -1.5111426e-06 1.9396899e-12)
(-3.1334856e-06 -1.327292e-06 1.5647177e-12)
(-2.1994637e-06 -2.0072136e-06 1.2025979e-12)
(-1.307381e-06 7.7432709e-07 6.6519849e-13)
(-4.3832457e-07 -1.734991e-06 3.8556016e-13)
(-1.228313e-05 -2.7932952e-07 -5.252935e-12)
(-1.2463588e-05 -4.1567663e-07 -1.8417858e-12)
(-1.2618943e-05 -5.6931278e-07 7.5017661e-13)
(-1.2731976e-05 -7.4205305e-07 2.6508033e-12)
(-1.2787923e-05 -9.4494975e-07 3.9829585e-12)
(-1.2774735e-05 -1.1590582e-06 4.8531369e-12)
(-1.2683849e-05 -1.394822e-06 5.3653854e-12)
(-1.2508554e-05 -1.7188364e-06 5.6096604e-12)
(-1.2244195e-05 -1.9551289e-06 5.6529151e-12)
(-1.1913907e-05 -2.0930938e-06 5.5531211e-12)
(-1.1481813e-05 -2.2870434e-06 5.3575406e-12)
(-1.097454e-05 -2.4952456e-06 5.0997925e-12)
(-1.0395297e-05 -2.685459e-06 4.8036191e-12)
(-9.7497486e-06 -2.8537203e-06 4.4854747e-12)
(-9.0448258e-06 -2.9985195e-06 4.1561845e-12)
(-8.2876002e-06 -3.104518e-06 3.8223217e-12)
(-7.485562e-06 -3.184195e-06 3.486998e-12)
(-6.6461987e-06 -3.2503106e-06 3.1495502e-12)
(-5.7767872e-06 -3.2985709e-06 2.8064699e-12)
(-4.8842875e-06 -3.3171358e-06 2.4528645e-12)
(-3.9750566e-06 -3.3679058e-06 2.0818504e-12)
(-3.0555125e-06 -3.1615211e-06 1.6730083e-12)
(-2.1316745e-06 -3.7865504e-06 1.2795583e-12)
(-1.2710647e-06 -1.174112e-06 7.2503952e-13)
(-4.3452988e-07 -3.4192139e-06 4.0905751e-13)
(-1.2004972e-05 -7.8349864e-07 -5.6777122e-12)
(-1.2148083e-05 -9.9385652e-07 -2.3458006e-12)
(-1.2267884e-05 -1.2217531e-06 2.1789938e-13)
(-1.2349365e-05 -1.4696628e-06 2.137833e-12)
(-1.2379269e-05 -1.7404022e-06 3.5169632e-12)
(-1.2346512e-05 -2.0216912e-06 4.447374e-12)
(-1.2243333e-05 -2.3103105e-06 5.0211433e-12)
(-1.2064687e-05 -2.6212911e-06 5.3229039e-12)
(-1.180569e-05 -3.0144507e-06 5.4206969e-12)
(-1.1468873e-05 -3.2947365e-06 5.3669103e-12)
(-1.105437e-05 -3.4833611e-06 5.2072913e-12)
(-1.0565783e-05 -3.7326277e-06 4.978465e-12)
(-1.000826e-05 -3.9608926e-06 4.7051967e-12)
(-9.3864953e-06 -4.1678855e-06 4.4049254e-12)
(-8.7078721e-06 -4.3487909e-06 4.0891833e-12)
(-7.9788608e-06 -4.4991169e-06 3.7653713e-12)
(-7.2068868e-06 -4.6181419e-06 3.4368652e-12)
(-6.3992047e-06 -4.7121864e-06 3.1036588e-12)
(-5.5628375e-06 -4.7751061e-06 2.7634829e-12)
(-4.7043031e-06 -4.7929932e-06 2.4125357e-12)
(-3.8284751e-06 -4.8505258e-06 2.0457303e-12)
(-2.9382533e-06 -4.6182659e-06 1.6418292e-12)
(-2.021199e-06 -5.2067219e-06 1.2541594e-12)
(-1.2168961e-06 -2.8029196e-06 7.1841971e-13)
(-4.4022087e-07 -4.7560985e-06 4.0256448e-13)
(-1.1574239e-05 -1.2004532e-06 -6.3581896e-12)
(-1.168573e-05 -1.4746614e-06 -3.1064064e-12)
(-1.1775491e-05 -1.7775338e-06 -5.5747856e-13)
(-1.1830496e-05 -2.0961066e-06 1.374726e-12)
(-1.1838959e-05 -2.4197547e-06 2.7776898e-12)
(-1.1790969e-05 -2.7527996e-06 3.7525872e-12)
(-1.1679084e-05 -3.0890722e-06 4.3828929e-12)
(-1.1498589e-05 -3.4291828e-06 4.7438802e-12)
(-1.1249371e-05 -3.7876874e-06 4.9004916e-12)
(-1.0907893e-05 -4.1731059e-06 4.9033026e-12)
(-1.0513608e-05 -4.498634e-06 4.79532e-12)
(-1.0046968e-05 -4.7510814e-06 4.6115718e-12)
(-9.5148699e-06 -4.990269e-06 4.3781703e-12)
(-8.9229369e-06 -5.2132359e-06 4.1132395e-12)
(-8.2771979e-06 -5.4177246e-06 3.8292873e-12)
(-7.584133e-06 -5.5911913e-06 3.5339686e-12)
(-6.8505897e-06 -5.7308057e-06 3.2311467e-12)
(-6.0835372e-06 -5.8364721e-06 2.9215853e-12)
(-5.2899431e-06 -5.9030961e-06 2.6037082e-12)
(-4.4765483e-06 -5.9258229e-06 2.2746523e-12)
(-3.6484498e-06 -5.9729788e-06 1.9304302e-12)
(-2.8107026e-06 -5.7269537e-06 1.5506143e-12)
(-1.9085016e-06 -6.3282984e-06 1.1853591e-12)
(-1.1645224e-06 -4.1583213e-06 6.8214126e-13)
(-4.3854784e-07 -5.8361304e-06 3.829372e-13)
(-1.1017782e-05 -1.5489195e-06 -7.0689552e-12)
(-1.1103215e-05 -1.8769945e-06 -3.9035499e-12)
(-1.1168428e-05 -2.2233888e-06 -1.4064369e-12)
(-1.1202063e-05 -2.5829106e-06 5.105492e-13)
(-1.1193716e-05 -2.9501093e-06 1.9322145e-12)
(-1.113447e-05 -3.3279368e-06 2.9488586e-12)
(-1.1017282e-05 -3.7077283e-06 3.6335947e-12)
(-1.0837125e-05 -4.081894e-06 4.0523935e-12)
(-1.0590676e-05 -4.452967e-06 4.2670277e-12)
(-1.027327e-05 -4.8249325e-06 4.3274247e-12)
(-9.8936606e-06 -5.1838052e-06 4.2746978e-12)
(-9.4506897e-06 -5.5109717e-06 4.1421666e-12)
(-8.9474467e-06 -5.7731547e-06 3.9553163e-12)
(-8.389304e-06 -6.0001606e-06 3.732887e-12)
(-7.780881e-06 -6.2185548e-06 3.4879382e-12)
(-7.128727e-06 -6.3990738e-06 3.2286101e-12)
(-6.4390731e-06 -6.544667e-06 2.9594452e-12)
(-5.7185851e-06 -6.6528633e-06 2.6817056e-12)
(-4.974288e-06 -6.7190601e-06 2.3942369e-12)
(-4.2134954e-06 -6.7419962e-06 2.0946625e-12)
(-3.4440133e-06 -6.7720598e-06 1.7797011e-12)
(-2.6737805e-06 -6.5004099e-06 1.430721e-12)
(-1.9137417e-06 -7.1152529e-06 1.0931972e-12)
(-1.1237241e-06 -5.153745e-06 6.2540515e-13)
(-3.5354581e-07 -6.5859918e-06 3.5100164e-13)
(-1.0363122e-05 -1.8194668e-06 -7.7479063e-12)
(-1.0427719e-05 -2.1852489e-06 -4.6836757e-12)
(-1.0473556e-05 -2.5628289e-06 -2.2468272e-12)
(-1.0490757e-05 -2.9518102e-06 -3.5075903e-13)
(-1.0470156e-05 -3.3492834e-06 1.0820088e-12)
(-1.040379e-05 -3.7512071e-06 2.1264863e-12)
(-1.0285207e-05 -4.1512712e-06 2.8525871e-12)
(-1.0109602e-05 -4.5459567e-06 3.3232503e-12)
(-9.8737803e-06 -4.9296953e-06 3.5938267e-12)
(-9.5760606e-06 -5.3002596e-06 3.7127744e-12)
(-9.2188391e-06 -5.6533873e-06 3.7172839e-12)
(-8.8034936e-06 -5.9749622e-06 3.6375373e-12)
(-8.3329967e-06 -6.2866877e-06 3.4996531e-12)
(-7.8115535e-06 -6.562806e-06 3.3222281e-12)
(-7.2440819e-06 -6.7742846e-06 3.1186537e-12)
(-6.6361882e-06 -6.9475544e-06 2.8979293e-12)
(-5.9938205e-06 -7.0898028e-06 2.6649895e-12)
(-5.3233811e-06 -7.1956028e-06 2.4216284e-12)
(-4.6317277e-06 -7.2546942e-06 2.1671354e-12)
(-3.926455e-06 -7.2727844e-06 1.8994671e-12)
(-3.2171231e-06 -7.2835743e-06 1.6152196e-12)
(-2.5131667e-06 -7.0796728e-06 1.2993544e-12)
(-1.8811281e-06 -7.5980416e-06 9.9101887e-13)
(-1.0720409e-06 -5.6630052e-06 5.5880587e-13)
(-2.8091316e-07 -7.0211683e-06 3.1244519e-13)
(-9.6375131e-06 -2.0080027e-06 -8.3866383e-12)
(-9.6860651e-06 -2.3979095e-06 -5.4250489e-12)
(-9.7173523e-06 -2.796628e-06 -3.0455504e-12)
(-9.7227875e-06 -3.2046441e-06 -1.1731942e-12)
(-9.6943379e-06 -3.6166482e-06 2.6159101e-13)
(-9.6249329e-06 -4.0286089e-06 1.3273158e-12)
(-9.5087542e-06 -4.4378343e-06 2.0889129e-12)
(-9.3414073e-06 -4.8408909e-06 2.6053903e-12)
(-9.1200304e-06 -5.2285239e-06 2.9271954e-12)
(-8.8433464e-06 -5.5983337e-06 3.0993358e-12)
(-8.512058e-06 -5.9484105e-06 3.1576044e-12)
(-8.127649e-06 -6.2720065e-06 3.1297543e-12)
(-7.692711e-06 -6.5732638e-06 3.0402508e-12)
(-7.2111064e-06 -6.8388714e-06 2.9079606e-12)
(-6.687124e-06 -7.0642687e-06 2.7465618e-12)
(-6.1258892e-06 -7.2547742e-06 2.5652586e-12)
(-5.5329976e-06 -7.4001494e-06 2.369085e-12)
(-4.9144637e-06 -7.4997712e-06 2.1600831e-12)
(-4.2767054e-06 -7.5460358e-06 1.9383271e-12)
(-3.6267203e-06 -7.554979e-06 1.7025059e-12)
(-2.9732574e-06 -7.5574982e-06 1.449282e-12)
(-2.3266667e-06 -7.3838546e-06 1.167248e-12)
(-1.7064751e-06 -7.8491227e-06 8.9003535e-13)
(-9.9521796e-07 -6.0282362e-06 4.9628673e-13)
(-2.8450357e-07 -7.2425644e-06 2.7807407e-13)
(-8.8672344e-06 -2.1215108e-06 -8.9744975e-12)
(-8.9040265e-06 -2.5227188e-06 -6.1123453e-12)
(-8.9251237e-06 -2.9306617e-06 -3.7892544e-12)
(-8.9230688e-06 -3.3465183e-06 -1.9423487e-12)
(-8.8908219e-06 -3.7620897e-06 -5.0881117e-13)
(-8.8221118e-06 -4.1744562e-06 5.7424973e-13)
(-8.7117151e-06 -4.5825212e-06 1.3669426e-12)
(-8.5556427e-06 -4.9798362e-06 1.9226266e-12)
(-8.3512654e-06 -5.3640923e-06 2.2898746e-12)
(-8.0973399e-06 -5.7314637e-06 2.5100028e-12)
(-7.7940313e-06 -6.0740775e-06 2.6160583e-12)
(-7.4425395e-06 -6.3905629e-06 2.6360727e-12)
(-7.0450897e-06 -6.6783859e-06 2.5928955e-12)
(-6.6049556e-06 -6.9328724e-06 2.5045031e-12)
(-6.125989e-06 -7.1522869e-06 2.3840527e-12)
(-5.6128376e-06 -7.3333966e-06 2.2405951e-12)
(-5.0705946e-06 -7.4696063e-06 2.0795708e-12)
(-4.5046917e-06 -7.5610129e-06 1.9038042e-12)
(-3.920875e-06 -7.6204111e-06 1.7142484e-12)
(-3.3251307e-06 -7.6370652e-06 1.5099473e-12)
(-2.7242669e-06 -7.6229896e-06 1.2879965e-12)
(-2.1252775e-06 -7.4435847e-06 1.0392218e-12)
(-1.5353092e-06 -7.9008581e-06 7.9351765e-13)
(-9.0571061e-07 -6.2693358e-06 4.3923037e-13)
(-2.7797986e-07 -7.2475655e-06 2.4755694e-13)
(-8.0769479e-06 -2.158077e-06 -9.5291733e-12)
(-8.1056937e-06 -2.5671236e-06 -6.7468184e-12)
(-8.1204039e-06 -2.9791522e-06 -4.4710485e-12)
(-8.114584e-06 -3.388802e-06 -2.6498669e-12)
(-8.0820302e-06 -3.7970998e-06 -1.2191246e-12)
(-8.0171722e-06 -4.2002076e-06 -1.2238552e-13)
(-7.9153223e-06 -4.5982349e-06 6.963693e-13)
(-7.7728479e-06 -4.9855522e-06 1.287228e-12)
(-7.587265e-06 -5.3559875e-06 1.693246e-12)
(-7.357328e-06 -5.7087458e-06 1.9541469e-12)
(-7.0829523e-06 -6.0404141e-06 2.1029134e-12)
(-6.7650902e-06 -6.3449755e-06 2.1656504e-12)
(-6.4056486e-06 -6.6187761e-06 2.1643969e-12)
(-6.0073767e-06 -6.8599485e-06 2.1164993e-12)
(-5.5737172e-06 -7.0663391e-06 2.0342632e-12)
(-5.1087737e-06 -7.2354324e-06 1.9265444e-12)
(-4.6170825e-06 -7.363877e-06 1.7990954e-12)
(-4.103476e-06 -7.4518955e-06 1.6554394e-12)
(-3.5729869e-06 -7.502491e-06 1.4970549e-12)
(-3.0308141e-06 -7.5121061e-06 1.3234672e-12)
(-2.4818609e-06 -7.4935221e-06 1.1322088e-12)
(-1.9304692e-06 -7.3038521e-06 9.1594073e-13)
(-1.3805639e-06 -7.763238e-06 7.0124151e-13)
(-8.1577825e-07 -6.3264667e-06 3.8586785e-13)
(-2.547994e-07 -7.0648233e-06 2.1844968e-13)
(-7.2892673e-06 -2.1381186e-06 -1.0043494e-11)
(-7.3130866e-06 -2.5368055e-06 -7.3361268e-12)
(-7.3245732e-06 -2.9360914e-06 -5.1039686e-12)
(-7.3180332e-06 -3.3326449e-06 -3.3012932e-12)
(-7.2879742e-06 -3.7294029e-06 -1.8699938e-12)
(-7.229436e-06 -4.1200684e-06 -7.598068e-13)
(-7.138196e-06 -4.4991579e-06 7.9304087e-14)
(-7.0109151e-06 -4.8667422e-06 6.9782906e-13)
(-6.8452329e-06 -5.219268e-06 1.1376003e-12)
(-6.6398726e-06 -5.5528896e-06 1.4343485e-12)
(-6.3945903e-06 -5.8650665e-06 1.6198421e-12)
(-6.1101158e-06 -6.1501303e-06 1.7199153e-12)
(-5.7880565e-06 -6.4059845e-06 1.7558425e-12)
(-5.4307779e-06 -6.6330334e-06 1.7443165e-12)
(-5.0413064e-06 -6.8261696e-06 1.6969553e-12)
(-4.6232337e-06 -6.9824698e-06 1.6224679e-12)
(-4.1805642e-06 -7.1017467e-06 1.5270597e-12)
(-3.717575e-06 -7.1831683e-06 1.4143565e-12)
(-3.2386993e-06 -7.2258486e-06 1.2859814e-12)
(-2.7483207e-06 -7.2307187e-06 1.1420189e-12)
(-2.250204e-06 -7.2117649e-06 9.8087081e-13)
(-1.7468245e-06 -7.0427939e-06 7.9600799e-13)
(-1.241234e-06 -7.4474894e-06 6.1179071e-13)
(-7.2923656e-07 -6.1279421e-06 3.3532352e-13)
(-2.2326682e-07 -6.8080102e-06 1.9012162e-13)
(-6.5244328e-06 -2.0637756e-06 -1.0521272e-11)
(-6.5458546e-06 -2.4422854e-06 -7.8783439e-12)
(-6.5566163e-06 -2.8200801e-06 -5.6837593e-12)
(-6.5516867e-06 -3.1959841e-06 -3.8965787e-12)
(-6.5262253e-06 -3.5702452e-06 -2.4672242e-12)
(-6.4757768e-06 -3.9367153e-06 -1.3483225e-12)
(-6.396492e-06 -4.2908951e-06 -4.9215764e-13)
(-6.2852731e-06 -4.6334032e-06 1.4856169e-13)
(-6.1398853e-06 -4.9638283e-06 6.1579435e-13)
(-5.9590172e-06 -5.275734e-06 9.4378385e-13)
(-5.7422852e-06 -5.5639599e-06 1.1618986e-12)
(-5.4901961e-06 -5.8260694e-06 1.2955561e-12)
(-5.204047e-06 -6.0615599e-06 1.3650231e-12)
(-4.8858787e-06 -6.2700359e-06 1.3860183e-12)
(-4.5383333e-06 -6.4465395e-06 1.3702343e-12)
(-4.1645367e-06 -6.5889855e-06 1.3264705e-12)
(-3.7680098e-06 -6.6980854e-06 1.2610226e-12)
(-3.3525156e-06 -6.7728546e-06 1.1775778e-12)
(-2.9219191e-06 -6.8110337e-06 1.0778639e-12)
(-2.4799267e-06 -6.815155e-06 9.6247808e-13)
(-2.0296627e-06 -6.8039635e-06 8.3085546e-13)
(-1.5730707e-06 -6.6663641e-06 6.7658832e-13)
(-1.1137491e-06 -6.9636536e-06 5.2269432e-13)
(-6.5131197e-07 -5.7114742e-06 2.8539449e-13)
(-1.9584669e-07 -6.4041683e-06 1.6319332e-13)
(-5.800105e-06 -1.9343268e-06 -1.0971914e-11)
(-5.8210542e-06 -2.2862067e-06 -8.3802347e-12)
(-5.8329693e-06 -2.637593e-06 -6.214815e-12)
(-5.8313674e-06 -2.9863166e-06 -4.4420402e-12)
(-5.8119542e-06 -3.3284985e-06 -3.0186738e-12)
(-5.7706845e-06 -3.662687e-06 -1.8958656e-12)
(-5.7040059e-06 -3.9885545e-06 -1.026165e-12)
(-5.6090315e-06 -4.3023555e-06 -3.6680667e-13)
(-5.4836338e-06 -4.6007778e-06 1.2169999e-13)
(-5.3264709e-06 -4.8822125e-06 4.7480727e-13)
(-5.1370365e-06 -5.1438569e-06 7.2162592e-13)
(-4.9156148e-06 -5.384782e-06 8.8586125e-13)
(-4.6632197e-06 -5.6000569e-06 9.859446e-13)
(-4.3815604e-06 -5.7865073e-06 1.0367692e-12)
(-4.0729057e-06 -5.9449378e-06 1.050301e-12)
(-3.7399687e-06 -6.072336e-06 1.03508e-12)
(-3.3858169e-06 -6.1690897e-06 9.9745694e-13)
(-3.0137521e-06 -6.235301e-06 9.414605e-13)
(-2.6271296e-06 -6.2693046e-06 8.6914979e-13)
(-2.229174e-06 -6.2738028e-06 7.8154555e-13)
(-1.8227918e-06 -6.2638955e-06 6.7844132e-13)
(-1.4105349e-06 -6.138668e-06 5.5411779e-13)
(-9.9667395e-07 -6.3579765e-06 4.3039105e-13)
(-5.8295808e-07 -5.2116474e-06 2.3233671e-13)
(-1.7634969e-07 -5.869908e-06 1.3426255e-13)
(-5.1315148e-06 -1.7560656e-06 -1.1373991e-11)
(-5.1533622e-06 -2.0737888e-06 -8.8267414e-12)
(-5.1677314e-06 -2.3892932e-06 -6.6922486e-12)
(-5.1706112e-06 -2.7022724e-06 -4.9392335e-12)
(-5.158061e-06 -3.0098864e-06 -3.5255688e-12)
(-5.126397e-06 -3.3110011e-06 -2.401954e-12)
(-5.0723359e-06 -3.6037692e-06 -1.5242869e-12)
(-4.9931624e-06 -3.8832625e-06 -8.5209462e-13)
(-4.8868161e-06 -4.1477322e-06 -3.461232e-13)
(-4.7519352e-06 -4.394738e-06 2.755228e-14)
(-4.5878943e-06 -4.6236973e-06 2.9747877e-13)
(-4.3947785e-06 -4.8352264e-06 4.8706561e-13)
(-4.1733616e-06 -5.0247889e-06 6.139259e-13)
(-3.9250231e-06 -5.1886069e-06 6.9193077e-13)
(-3.65168e-06 -5.3281651e-06 7.3267003e-13)
(-3.3556877e-06 -5.4424773e-06 7.44571e-13)
(-3.0397175e-06 -5.5280509e-06 7.3347421e-13)
(-2.7066705e-06 -5.5845415e-06 7.0359704e-13)
(-2.3595321e-06 -5.6132417e-06 6.5758154e-13)
(-2.0012802e-06 -5.6157978e-06 5.9673264e-13)
(-1.6348867e-06 -5.601127e-06 5.2109897e-13)
(-1.2635633e-06 -5.4857618e-06 4.2642602e-13)
(-8.9203137e-07 -5.6552898e-06 3.3250159e-13)
(-5.2238672e-07 -4.6419759e-06 1.7378466e-13)
(-1.5990938e-07 -5.2209292e-06 1.016234e-13)
(-4.5322255e-06 -1.5350423e-06 -1.1683045e-11)
(-4.5558663e-06 -1.8113779e-06 -9.1764402e-12)
(-4.5734446e-06 -2.0856857e-06 -7.0777138e-12)
(-4.5813278e-06 -2.3568277e-06 -5.3534226e-12)
(-4.5758478e-06 -2.6231074e-06 -3.9605233e-12)
(-4.5536147e-06 -2.8832935e-06 -2.8503908e-12)
(-4.511582e-06 -3.1353207e-06 -1.9774452e-12)
(-4.4471702e-06 -3.376822e-06 -1.3006059e-12)
(-4.3583614e-06 -3.605717e-06 -7.8321828e-13)
(-4.2437696e-06 -3.8189937e-06 -3.9382425e-13)
(-4.1026536e-06 -4.0153377e-06 -1.0533494e-13)
(-3.9349296e-06 -4.1943073e-06 1.0453672e-13)
(-3.7411474e-06 -4.3541116e-06 2.5321237e-13)
(-3.5224152e-06 -4.4938421e-06 3.5470956e-13)
(-3.2803472e-06 -4.611988e-06 4.1972373e-13)
(-3.0169922e-06 -4.7074404e-06 4.5607252e-13)
(-2.7347113e-06 -4.7797774e-06 4.6964156e-13)
(-2.4361011e-06 -4.827893e-06 4.6458858e-13)
(-2.1239304e-06 -4.8518928e-06 4.4369248e-13)
(-1.80111e-06 -4.8527307e-06 4.0859133e-13)
(-1.4707553e-06 -4.8355682e-06 3.597578e-13)
(-1.1363981e-06 -4.737813e-06 2.9463379e-13)
(-8.0248915e-07 -4.8748702e-06 2.3039707e-13)
(-4.6983523e-07 -4.0113663e-06 1.1181038e-13)
(-1.4393161e-07 -4.5117879e-06 6.7931028e-14)
(-4.0156362e-06 -1.2751598e-06 -1.1800357e-11)
(-4.0414796e-06 -1.5036995e-06 -9.3422317e-12)
(-4.0624787e-06 -1.7304183e-06 -7.2965322e-12)
(-4.0752714e-06 -1.9542559e-06 -5.6228369e-12)
(-4.0764862e-06 -2.1738924e-06 -4.2727038e-12)
(-4.0629389e-06 -2.3883074e-06 -3.1955278e-12)
(-4.031755e-06 -2.5955639e-06 -2.3446811e-12)
(-3.9804616e-06 -2.7939811e-06 -1.6792919e-12)
(-3.9070775e-06 -2.9821538e-06 -1.1642654e-12)
(-3.8101831e-06 -3.1582466e-06 -7.6971794e-13)
(-3.6889459e-06 -3.3210671e-06 -4.7042099e-13)
(-3.5431364e-06 -3.4684801e-06 -2.4628821e-13)
(-3.3731094e-06 -3.5988554e-06 -8.1039617e-14)
(-3.17975e-06 -3.712126e-06 3.8802481e-14)
(-2.9644415e-06 -3.8070984e-06 1.2338869e-13)
(-2.7289773e-06 -3.8838678e-06 1.8047375e-13)
(-2.475491e-06 -3.9427396e-06 2.1574257e-13)
(-2.2063888e-06 -3.9819781e-06 2.3295084e-13)
(-1.9243102e-06 -4.0005142e-06 2.3481628e-13)
(-1.6321292e-06 -3.9997719e-06 2.2341165e-13)
(-1.332989e-06 -3.9836386e-06 1.9975552e-13)
(-1.0303489e-06 -3.9047435e-06 1.6251847e-13)
(-7.2802897e-07 -4.0130882e-06 1.2631687e-13)
(-4.2578545e-07 -3.3032669e-06 4.7008139e-14)
(-1.2993226e-07 -3.7121136e-06 3.1268625e-14)
(-3.5959169e-06 -9.8261701e-07 -1.1532045e-11)
(-3.6238539e-06 -1.1586643e-06 -9.1605284e-12)
(-3.6479431e-06 -1.3332445e-06 -7.2138843e-12)
(-3.6650266e-06 -1.5053228e-06 -5.636324e-12)
(-3.6719723e-06 -1.674219e-06 -4.3692132e-12)
(-3.6657554e-06 -1.839029e-06 -3.3588154e-12)
(-3.6436203e-06 -1.9982212e-06 -2.5586379e-12)
(-3.603169e-06 -2.1505247e-06 -1.9290708e-12)
(-3.5424506e-06 -2.2949268e-06 -1.4369703e-12)
(-3.4600194e-06 -2.4303574e-06 -1.0546424e-12)
(-3.3549742e-06 -2.5556883e-06 -7.5931369e-13)
(-3.2269734e-06 -2.6691197e-06 -5.3273686e-13)
(-3.0762183e-06 -2.7710942e-06 -3.5967693e-13)
(-2.903427e-06 -2.8597665e-06 -2.287151e-13)
(-2.7097958e-06 -2.9324712e-06 -1.3111669e-13)
(-2.496931e-06 -2.9907675e-06 -5.9299831e-14)
(-2.266811e-06 -3.0349214e-06 -7.9394026e-15)
(-2.0217151e-06 -3.0640246e-06 2.6596485e-14)
(-1.7641871e-06 -3.0776263e-06 4.7051629e-14)
(-1.497021e-06 -3.0764635e-06 5.5508398e-14)
(-1.2232464e-06 -3.0631113e-06 5.3295687e-14)
(-9.4606339e-07 -3.0014664e-06 4.0028999e-14)
(-6.6873311e-07 -3.0846518e-06 2.8121358e-14)
(-3.9074789e-07 -2.5308121e-06 -1.5380864e-14)
(-1.1873748e-07 -2.8492704e-06 -5.4682718e-15)
(-3.2960183e-06 -6.6984891e-07 -1.0569947e-11)
(-3.3252998e-06 -7.9043658e-07 -8.3911363e-12)
(-3.3514436e-06 -9.1003364e-07 -6.6385008e-12)
(-3.3714562e-06 -1.0279952e-06 -5.2364611e-12)
(-3.3823462e-06 -1.1438041e-06 -4.1182367e-12)
(-3.3812198e-06 -1.2569434e-06 -3.2286248e-12)
(-3.3654101e-06 -1.3664871e-06 -2.5233091e-12)
(-3.3325786e-06 -1.4714546e-06 -1.9659252e-12)
(-3.280798e-06 -1.5711039e-06 -1.5268927e-12)
(-3.2086106e-06 -1.6647115e-06 -1.1820996e-12)
(-3.1150687e-06 -1.7514548e-06 -9.1202869e-13)
(-2.9997524e-06 -1.8302411e-06 -7.0091248e-13)
(-2.8627611e-06 -1.9007334e-06 -5.359768e-13)
(-2.7047007e-06 -1.9622417e-06 -4.0729219e-13)
(-2.5266341e-06 -2.0141045e-06 -3.071721e-13)
(-2.3300498e-06 -2.0558567e-06 -2.2972491e-13)
(-2.1168188e-06 -2.0866859e-06 -1.7057767e-13)
(-1.8891297e-06 -2.1064415e-06 -1.2631833e-13)
(-1.6494439e-06 -2.1151352e-06 -9.4368985e-14)
(-1.400451e-06 -2.1134137e-06 -7.2737159e-14)
(-1.1450058e-06 -2.1031417e-06 -5.9891093e-14)
(-8.8603821e-07 -2.0605777e-06 -5.5298462e-14)
(-6.26477e-07 -2.1235879e-06 -4.9261343e-14)
(-3.6576001e-07 -1.7284164e-06 -6.386945e-14)
(-1.10562e-07 -1.9575076e-06 -3.5324759e-14)
(-3.1260451e-06 -3.5483152e-07 -8.5411759e-12)
(-3.1556549e-06 -4.197846e-07 -6.7532742e-12)
(-3.1825065e-06 -4.8424927e-07 -5.3506652e-12)
(-3.2037226e-06 -5.4818344e-07 -4.2455658e-12)
(-3.2164e-06 -6.1124462e-07 -3.3715756e-12)
(-3.2177331e-06 -6.7305339e-07 -2.6788564e-12)
(-3.2051224e-06 -7.3319825e-07 -2.1303145e-12)
(-3.1762767e-06 -7.9121021e-07 -1.69564e-12)
(-3.1292911e-06 -8.4659317e-07 -1.3512827e-12)
(-3.0627073e-06 -8.988965e-07 -1.0786349e-12)
(-2.9755543e-06 -9.4760473e-07 -8.6285585e-13)
(-2.867367e-06 -9.9213426e-07 -6.9176711e-13)
(-2.7381884e-06 -1.0319812e-06 -5.5584771e-13)
(-2.5885549e-06 -1.0669839e-06 -4.4754877e-13)
(-2.4194637e-06 -1.0969783e-06 -3.6107044e-13)
(-2.2323404e-06 -1.121136e-06 -2.9214908e-13)
(-2.028989e-06 -1.1388557e-06 -2.3743179e-13)
(-1.8115429e-06 -1.1504231e-06 -1.9419705e-13)
(-1.5824041e-06 -1.1559947e-06 -1.6051154e-13)
(-1.3441729e-06 -1.1553222e-06 -1.3488911e-13)
(-1.0995504e-06 -1.1495524e-06 -1.1584622e-13)
(-8.5124038e-07 -1.1246972e-06 -1.0245171e-13)
(-6.0185747e-07 -1.1686918e-06 -8.7810845e-14)
(-3.5111204e-07 -9.3605583e-07 -8.4111467e-14)
(-1.056376e-07 -1.0800171e-06 -4.948607e-14)
(-3.1426756e-06 -6.1095392e-08 -5.1030562e-12)
(-3.1699418e-06 -7.3475842e-08 -4.0051676e-12)
(-3.1942726e-06 -8.5955084e-08 -3.1681265e-12)
(-3.2128753e-06 -9.8865514e-08 -2.5197931e-12)
(-3.2229235e-06 -1.1208659e-07 -2.011916e-12)
(-3.2216872e-06 -1.2529143e-07 -1.6113213e-12)
(-3.2066377e-06 -1.3848503e-07 -1.2954947e-12)
(-3.1755416e-06 -1.5165739e-07 -1.0451288e-12)
(-3.1265405e-06 -1.6461969e-07 -8.4606008e-13)
(-3.0582109e-06 -1.7722373e-07 -6.8762323e-13)
(-2.9696039e-06 -1.8923486e-07 -5.6142526e-13)
(-2.860264e-06 -2.0053232e-07 -4.6023387e-13)
(-2.7302362e-06 -2.1090647e-07 -3.788241e-13)
(-2.5800517e-06 -2.202807e-07 -3.1305845e-13)
(-2.4107047e-06 -2.2857607e-07 -2.5972046e-13)
(-2.2236133e-06 -2.3553465e-07 -2.1637676e-13)
(-2.0205733e-06 -2.4103881e-07 -1.8106241e-13)
(-1.8037113e-06 -2.4531579e-07 -1.521721e-13)
(-1.5754205e-06 -2.4804162e-07 -1.289429e-13)
(-1.338272e-06 -2.4842465e-07 -1.1064577e-13)
(-1.0949051e-06 -2.4769195e-07 -9.6030676e-14)
(-8.4790046e-07 -2.3957309e-07 -8.441712e-14)
(-6.002375e-07 -2.5897046e-07 -7.2460773e-14)
(-3.5006056e-07 -1.7627418e-07 -6.4409883e-14)
(-1.0426308e-07 -2.2629028e-07 -4.1276251e-14)
)
;

boundaryField
{
    Walls
    {
        type            noSlip;
    }
    Inlet
    {
        type            pressureInletVelocity;
        value           nonuniform List<vector> 3((1.4623082 -0 -0) (1.5049285 -0 -0) (1.6023728 -0 -0));
    }
    Outlet
    {
        type            pressureInletOutletVelocity;
        value           nonuniform List<vector> 
86
(
(-3.0192118e-06 0 0)
(-3.0459628e-06 0 0)
(-3.0674566e-06 0 0)
(-3.0895216e-06 0 0)
(-3.1151054e-06 0 0)
(-3.1426756e-06 0 0)
(-3.1699418e-06 2.199589e-20 3.8777617e-20)
(-3.1942726e-06 -2.2164719e-20 3.386522e-20)
(-3.2128753e-06 0 0)
(-3.2229235e-06 0 0)
(-3.2216872e-06 0 0)
(-3.2066377e-06 0 0)
(-3.1755416e-06 -2.2034746e-20 -2.0199982e-20)
(-3.1265405e-06 2.1694733e-20 -1.8415074e-20)
(-3.0582109e-06 0 0)
(-2.9696039e-06 0 0)
(-2.860264e-06 0 0)
(-2.7302362e-06 0 0)
(-2.5800517e-06 0 0)
(-2.4107047e-06 0 0)
(-2.2236133e-06 0 0)
(-2.0205733e-06 0 0)
(-1.8037113e-06 0 0)
(-1.5754205e-06 0 0)
(-1.338272e-06 0 0)
(-1.0949051e-06 0 0)
(-8.4790046e-07 0 0)
(-6.002375e-07 8.3299687e-21 0)
(-3.5006056e-07 -4.8580661e-21 0)
(-1.0426308e-07 0 0)
(-2.4121385e-06 0.10059857 -2.7293191e-07)
(9.4033059e-05 0.070503782 -2.5339734e-07)
(3.0049071e-05 0.022227883 -1.9950493e-07)
(0 -0.0058769836 0)
(0 -0.011170491 0)
(0 -0.0061485764 0)
(0 -0.0016500323 0)
(-1.1940103e-06 5.6174914e-05 -4.3860791e-08)
(-1.0277424e-06 0.00027435009 -4.3060664e-08)
(-9.2926779e-07 7.4719564e-05 -3.3779357e-08)
(0 -8.1080323e-05 0)
(0 -0.00010282826 0)
(0 -6.2196936e-05 0)
(0 -1.0652161e-05 0)
(1.5848604e-06 2.7109783e-05 -3.5619333e-09)
(1.5497801e-06 4.5825046e-05 -2.4483958e-09)
(1.4033317e-06 5.1242587e-05 -1.602395e-09)
(1.2706924e-06 5.0260591e-05 -1.0070427e-09)
(1.1020986e-06 4.6773432e-05 -6.0802434e-10)
(8.5423414e-07 4.2953627e-05 -3.5442457e-10)
(6.0334888e-07 3.9321707e-05 -2.0290612e-10)
(3.8147788e-07 3.5587833e-05 -1.1350007e-10)
(1.8749614e-07 3.1355986e-05 -6.2153571e-11)
(2.2242562e-08 2.6820833e-05 -3.3187427e-11)
(-1.1137789e-07 2.2045927e-05 -1.7200099e-11)
(-2.2309727e-07 1.7453233e-05 -8.5704577e-12)
(-3.0581507e-07 1.3249421e-05 -4.0120942e-12)
(-3.5800561e-07 9.6276008e-06 -1.6872998e-12)
(-4.0133777e-07 5.8187573e-06 -5.2444132e-13)
(-4.3056772e-07 2.8736652e-06 3.2602735e-14)
(-4.4026242e-07 3.7519668e-07 2.8488217e-13)
(0 -1.734991e-06 0)
(0 -3.4192139e-06 0)
(0 -4.7560985e-06 0)
(0 -5.8361304e-06 0)
(0 -6.5859918e-06 0)
(0 -7.0211683e-06 0)
(0 -7.2425644e-06 0)
(0 -7.2475655e-06 0)
(0 -7.0648233e-06 0)
(0 -6.8080102e-06 0)
(0 -6.4041683e-06 0)
(0 -5.869908e-06 0)
(0 -5.2209292e-06 0)
(0 -4.5117879e-06 0)
(0 -3.7121136e-06 0)
(0 -2.8492704e-06 0)
(0 -1.9575076e-06 0)
(0 -1.0800171e-06 0)
(0 -2.2629028e-07 0)
(0 -0.00092810762 0)
(0 -0.0047476428 0)
(0 -0.010112692 0)
(0 -0.0064647295 0)
(-2.1888926e-05 0.01920259 -2.0497801e-07)
(-9.2441758e-05 0.067217673 -2.570536e-07)
)
;
    }
    Front
    {
        type            wedge;
    }
    Back
    {
        type            wedge;
    }
    defaultFaces
    {
        type            empty;
    }
}


// ************************************************************************* //
